6007.71828905687
6034.808957177451
6083.144887983158
6070.1949910854555
6016.6460549778485
6009.572091051608
5868.02275797567
5720.900194934641
5589.002513529835
5465.656104122589
5374.755365292017
5288.717072110923
5202.249866995904
5176.4531293350055
5208.306224744555
5234.991795217172
5258.577798980901
5276.1139518618575
5254.612265304224
5207.225749153178
5142.369903510964
5059.439761509842
4960.048316195382
4863.802382286255
4770.073161311142
4643.462284555393
4549.983945943392
4690.254297042551
4530.705293673645
4428.045570174447
4358.314948203081
4365.258936108871
4306.942512269416
4250.714617109443
4221.000815212208
4160.257425047034
4246.280230943577
4338.829960232305
4468.567704192469
4649.4066868523505
4703.393622908324
4701.638090144265
4691.492436873677
4701.601076508681
4784.258636713593
4806.345419629736
4821.731549220337
4837.062915353706
4852.267040872305
4867.298333121788
4882.148215618842
4896.831128656654
4898.452599480646
4927.746049228195
4956.887780043505
5004.332949624165
5026.422174607023
5048.206913260659
5071.100219969924
5094.24027479289
5127.232383737671
5148.090597273953
5168.8231303102575
5189.400992633243
5206.847118815975
5258.058343628814
5309.907473756089
5349.465856843321
5386.677698110042
5420.356320631582
5439.672760701647
5456.661168806858
5479.371835270209
5503.9670637680665
5524.5140098889915
5543.799564445757
5612.211619182358
5703.631377316924
5776.042049663943
5828.228771516049
5910.914535690199
5934.7948897523465
5956.773927749615
5970.966506895664
5972.223115085265
5963.399604202866
5956.6796241620395
5919.956885934207
5873.585387265277
5818.729605006133
5768.028592539214
5707.608241562387
5631.379085205716
5526.58946503829
5413.244968513022
5348.593515076616
5280.864985682878
5217.9128354629465
5153.75004891244
5089.721239254941
5002.473526838872
4896.206357787458
4803.70482314985
4754.223895204512
4678.770268433967
4602.8853479083355
4516.542831447204
4470.807292832844
4430.013344228156
4399.759066058045
4365.493331392419
4349.3393111339465
4334.159247517217
4341.483926055195
4353.9242352247
4366.364980320746
4394.017689334361
4377.968275466186
4362.9828972378455
4345.481531619837
4330.6403832259775
4317.6071492363135
4302.939999165978
4290.7732578519735
4283.203502391149
4269.118485579575
4253.0146234193935
4239.903210066267
4226.71191287234
4213.41834658586
4202.526972552574
4227.018519589519
4211.6817356441525
4197.546525628037
4187.9804851412955
4212.414710760453
4195.138114458572
4175.701035781933
4200.924398047984
4185.346621601567
4171.308266490428
4155.369427489944
4131.483708893625
4104.516494143984
4080.379499104708
4068.3093917166466
4062.0824521165514
4067.0707643055275
4025.9697790079354
4010.0558843400872
3994.7289619393346
3981.3564055421903
3968.922316162667
3925.771939010557
3884.0104355667663
3843.748546217674
3805.1009653742435
3785.7493419953107
3769.9835590141306
3760.5341066493143
3748.4129144615918
3736.580850388421
3723.486333707866
3708.5848869138863
3696.203064302223
3685.9477090072924
3677.450664008053
3669.548802832228
3662.7013838228186
3663.725838751855
3673.3682617466516
3693.5553238439256
3706.4643461280903
3683.517950670496
3660.3504552908244
3637.5511410191953
3614.2766021800467
3588.726024323719
3584.533976563588
3560.7930255841047
3536.5419099657806
3512.1973890391614
3488.2463078693468
3466.0453517035135
3445.3454802522247
3425.128891193435
3406.2548751930253
3389.8926142442715
3376.415263988406
3362.6041188368563
3347.4301194128047
3331.8711994470914
3311.8685806420076
3293.8034240467746
3281.785529476308
3269.025312843648
3256.0619225323085
3241.651486672044
3227.476750549524
3216.1151424573036
3203.75757935221
3191.5044867981437
3179.29751612281
3167.1335640125344
3155.0113344738547
3142.930676335038
3130.8925788189886
3118.8992215217177
3106.953823159269
3095.0602313377294
3081.3524678152176
3069.556925128419
3057.1305240825513
3041.687172275184
3026.241571013319
3010.9001498232146
2995.6449934361262
2982.5554065458555
2969.5528417187707
2956.640382919007
2941.080488178671
2923.777338586159
2906.6134796984156
2889.5889994030163
2872.7002818134783
2851.7566460044777
2831.017028870554
2810.488298307344
2790.169565752851
2773.6471512005674
2753.7244347634005
2734.009035517325
2718.0244698037013
2698.704042657539
2679.590830289571
2661.74919172691
2646.4922197602973
2627.9782454650303
2611.889135142605
2592.4904014403483
2573.266651210922
2557.5251514970323
2538.624146042624
2519.95998401662
2504.795763826649
2486.594291109014
2468.6347661544955
2454.098467378547
2436.653486168492
2419.463936111436
2405.3850544416873
2388.440797347179
2371.736135545528
2358.2126701262446
2341.9637162293284
2325.9450068177644
2310.153077770155
2297.3981059193648
2282.0368144117406
2266.894540508791
2254.6768990169658
2239.939914076086
2225.370076876498
2213.5767986190135
2199.355357594541
2185.2840064955094
2173.9170934809104
2160.6314813177232
2148.0280183956233
2135.411262843184
2125.311669062964
2112.963944820326
2104.452892589131
2096.1391692135594
2087.9143586085574
2077.2622621155037
2069.95177708221
2059.568675709257
2053.0207830879863
2046.777732470243
2040.6851895759428
2034.8066697933052
2029.161461924877
2023.723195848124
2018.5263135072805
2013.626174078535
2008.8958513185248
2004.2097354990965
2000.005700278056
1995.9504664366968
1991.995041217818
1988.1449928682584
1984.4156218093146
1980.7983748674226
0
0
0
0
0
0
