12.053949024877511
13.868966866473784
13.448162472894182
13.13381400606886
12.995406457150239
12.919987276865868
12.870052170779672
12.832349149437505
12.801204618313932
12.773879206928541
12.748908134468365
12.725461041729432
12.703060000611003
12.681432548546582
12.66042718384415
12.6399628798099
12.61999845673563
12.600513996978407
12.581499697291292
12.562949904502602
12.54486131145677
12.527234105902608
12.510074847596115
12.493403869666508
12.47727177348861
12.46176429753541
12.446948213197174
12.432768428334384
12.418986305885483
12.405204435563064
12.390939710938255
-7.790428389344015
4.568644856655737
12.340769174246816
12.32071526774962
12.299064749022364
12.276134494852158
12.25227379417629
12.227754283725517
5.974144941850682
-19.593629854745814
-7.441852179428679
4.6842151091696
12.091092118847882
11.988209576025838
11.952760668995325
11.918155462495633
11.884189223928843
11.850693321961444
11.81758911513316
11.784882049454609
11.752618159734993
11.72083421649586
11.689525524459896
11.65863572138187
11.628056403453229
11.59762008546386
11.56706138519803
11.53587979839358
11.502821898946422
11.463664452938247
11.407578630227363
11.336870434766752
11.270130114426138
11.205175439143204
11.13803902491054
11.0659189595317
10.980575035297079
10.883827916710288
10.777882207912626
10.659900690356153
10.534952512622112
10.411095076895435
10.287284626043402
10.149491315416526
9.98756068602961
9.813068513918552
9.651002849539509
9.503430926066358
9.365621346820262
9.2314693917142
9.086916476298939
8.92137382880901
8.73920223164896
8.542605651324266
8.336103924011695
8.133354012054042
7.942068800504785
7.804481693397975
7.756926303030923
7.43228181260929
7.131529808306368
6.99614053228288
-8.414190557828988
-1.9047544754430419
4.335353357135318
-26.016458282552776
0
0
0
0
0
0
0
0
0
0
0
0
0
0
0
0
0
0
0
-33.38107508029498
-32.35408672361518
-30.849010288191494
-36.794893951228005
-9.597495535752387
-12.473525201756274
-29.831224674431724
-27.950146029194002
-25.431919384311186
-25.66417096783698
-25.144389585082536
-21.641660936293192
-17.698159776511602
0
0
-22.96628351068648
-18.579333039102494
0
0
-24.259683405573014
-19.341074166775797
0
-30.273702921927907
-27.75651116629888
-25.15509594939067
-2.378026810925803
-3.7012458038370823
-9.682340148516232
-3.683039299416123
-3.7077256890188437
-3.711164979307796
-3.7125515151419677
-3.702875945760752
-3.6770144518231973
-3.64945346058812
-3.7023375413991744
-3.7005361825722503
-3.6997945409384556
-3.7103974719939288
-3.6988794475910254
-3.690120586848934
-3.665261572576128
-3.6740708517609164
-3.6860747315949993
-3.6799561565130716
-3.691783426897018
-3.6888290630013216
-3.6852263309410773
-3.675159459176939
-3.665285014314577
-3.662678059161408
-3.6747959279164206
-3.664739199914038
-3.6720781113835983
-3.6706999918387737
-3.6688172817521263
-3.667663269545301
-3.6662222760205623
-3.6647102369752247
-3.663076614611782
-3.6609209648304386
-3.651780830070493
-3.656100582506042
-3.655516548489686
-3.654249894214445
-3.6529882783506764
-3.651733506761957
-3.6504866692848736
-3.6492498484585667
-3.648023322719382
-3.646807231445564
-3.64560184556467
-3.6444072418962605
-3.643223603372462
-3.64205118828977
-3.640890243143076
-3.639740785394679
-3.638602879611426
-3.6374766863009427
-3.636362362289219
-3.63525971386116
-3.6341688792745117
-3.633090019618976
-3.6320232051075436
-3.6309684664884117
-3.6299258086946793
-3.628895218789694
-3.6278766677132808
-3.626870112333563
-3.625875496902154
-3.6248927510896465
-3.6239217922557145
-3.622962526525953
-3.622014849577681
-3.621078648182447
-3.6201538005989278
-3.619240178100881
-3.6183376442204462
-3.6174460584734334
-3.616565276621259
-3.615695151514956
-3.6148355327168247
-3.6139862696581986
-3.6131472119450336
-3.612318206287455
-3.611499099279172
-3.6106897414138075
-3.609889982326422
-3.6090996717102826
-3.6083186624164227
-3.60754680998798
-3.6067839718743926
-3.6060300065291813
-3.6052847745158942
-3.604548138799146
-3.6038199650065508
-3.6031001211085822
-3.6023884778114734
-3.6016849087754963
-3.6009892900910927
-3.600301500497153
-3.5996214215556392
-3.598948937476962
-3.598283934799838
-3.5976263027987443
-3.596975933323847
-3.596332721383078
-3.595696564691025
-3.5950673633924453
-3.594445019523846
-3.5938294370425865
-3.593220523936907
-3.5926181895047193
-3.592022345343139
-3.591432907138369
-3.590849792584777
-3.5902729224035284
-3.5897022210410796
-3.5891376155632315
-3.588579035626026
-3.5880264159932267
-3.5874796961434186
-3.5869388214923674
-3.5864037440769607
-3.5858744244324043
-3.5853508342406712
-3.584832962253131
-3.5843208211736055
-3.583814568075468
-3.5833147897355957
-3.5828196542715887
-3.582329643992125
-3.581845709733898
-3.581369122111937
-3.5809022006142186
-3.580450432476937
-3.5800315452797804
-3.579761989749386
-3.6520044369390234
-3.698702068737475
-3.695375933442847
-3.6921119583857944
-3.6888152858737158
-3.6855198712582933
-3.6822495985252317
-3.679006126258173
-3.675789502551197
-3.6725996589957504
-3.669436616182793
-3.6663009871408576
-3.663223736890359
-3.6602263583627064
-3.657188332537771
-3.654175450457842
-3.651188852847554
-3.6482292512373533
-3.6452981637849007
-3.642399386895704
-3.639545524960752
-3.636833051246671
-3.6884779529723124
-3.705935161134906
-3.746687770776446
-3.763273707288482
