122.44182490895462
121.2451428076495
120.46336043133219
119.65135633363639
118.69850775029725
117.76346000401709
116.82938046978606
115.90633393596156
115.02990264850207
114.42472888169918
113.90394117206806
113.45732649186316
112.58695620172081
111.68522223497037
110.79732342403884
109.92051334067106
109.05296076758863
108.19345315372533
107.3412006147786
106.4957070624335
105.65668440019464
104.823993860727
103.99760452328933
103.1775626492393
102.36396844097452
101.55695789218522
100.75668872370372
99.9633297510847
99.1770528769427
98.3980193164061
97.62639205621325
96.86232190250479
96.10594555960873
95.35735780304778
94.61665465984278
93.88393902851922
93.1592795927728
92.44272368743887
91.73429999523258
91.03402096902063
90.34188394969664
89.65787209230467
88.98195516820302
88.31405059752228
87.6539055836461
87.00240818740522
86.35882662692376
85.72309245817885
85.09510082766184
84.47473342134656
83.86186904614594
83.25638658721387
82.65816507769257
82.06708306328825
83.34819838665017
84.56349661073426
83.95669839768995
83.35690356214768
82.76398099837748
82.17780044955451
81.59823799038216
81.02515465415769
80.45825440178744
79.89733218979399
79.3423664062576
78.7931004626631
78.24949645115242
77.71156231914162
77.1790361207723
76.6516979805352
76.12948098511214
75.61224993110257
76.01275166951658
76.35754728950378
76.64434838424943
76.87014745544978
76.34439163494707
75.82360620292297
75.30767525885828
74.79642590011979
74.28977183631787
75.34552006045217
77.34451595393959
79.24946309001682
81.05780318252236
82.7673934096907
82.1764456092508
83.73731364294726
85.19703441504767
86.56782415055336
87.87029583067401
89.08685938081436
88.42833462573864
87.77558561372274
87.12843291479265
86.48654812487493
85.84993377827035
85.21893405786142
84.59328669282863
83.97205697585838
83.35455723629808
82.74437215393554
82.13964279247804
81.53856915651895
80.94020969268263
80.34459617787823
79.7522654992748
79.16367290593698
78.57913699076563
77.9973499267146
77.42032971483948
76.85009324312442
76.28407628526159
75.72234559982184
75.16479222505787
74.61136547772897
74.06202403334304
73.51668906918746
72.97526966634524
72.43612675281194
71.90355105099883
71.37466653084941
70.84946891763195
70.32788772817024
69.80943156851718
69.29411916835524
68.78362972324175
68.27628479508805
67.77209279756067
67.27003893255923
66.77216764839089
66.27733423144623
65.78617994510374
65.2985737973217
64.8130061094387
64.33246829342697
63.85518331409605
63.38577409181096
62.91979716650554
62.456865821431315
61.99687074851543
61.53982580806992
61.08474442171689
60.63456212602521
60.18617029080294
59.74078407597809
59.30147295943665
58.86512107904651
58.43161175534742
57.999332736879516
57.569209636598906
57.460785334156455
57.47723171010211
57.05217715591181
56.63076366691013
56.2115056252409
55.79873455710071
55.386935356051254
54.97527314571688
54.570810872459276
54.1730877948672
53.777591169228465
53.38876027058862
53.002991324016456
52.6196357431943
52.23809563466048
51.860155863125094
51.483680529442786
51.11250831296946
50.74378887915316
50.377253858386894
50.01280185600785
49.648176533514
49.28878951618047
48.93144632739653
48.5759050334344
48.2223404793672
47.870871701025926
47.52121565505856
47.17392026480276
46.82850761931285
46.48505622667961
46.143498674056474
45.80386017783193
45.466195559878884
45.13054991808767
44.79698562154393
44.465446746448336
44.13588337805888
43.80824707368738
43.482570710987005
43.158863864659594
42.837105534865664
42.51726772447336
42.19934263594427
41.88332435717294
41.56919637817809
41.25695062654726
40.9465856584033
40.63810764088892
40.33152732821804
40.02684426035769
39.724040708855085
39.4230945186775
39.123989939854795
38.826719069069206
38.53127939667991
38.23767006361962
37.94588819238172
37.65592775055161
37.36778152577972
37.081443488540096
36.79690911267985
36.514173802029035
36.23323108941184
35.95407223054056
35.67668706862186
35.40106522471811
35.12719668719038
34.85507148641348
34.584678137151755
34.31599854534338
34.04899049287761
33.783540208085576
33.51971270227848
33.25802625230444
32.99823460613964
32.74014696357385
32.48374204787782
32.22901377972729
31.975956697226838
31.724565171416334
31.474833287830513
31.22675456950151
30.980321820461196
30.735526669048824
30.492358541546555
30.250801330375655
30.010821528424593
29.77232869438695
29.53526472042158
29.30010805325477
29.066830338115903
28.835165007372318
28.605065699097306
28.37650640121761
28.149416091793864
27.923792341822278
27.699886401551918
27.477593043509486
27.256844125666426
27.037677928151318
26.820090098992768
26.604042874059658
26.389512122867
26.17648533718269
25.964954523810334
25.754914969375218
25.546363125335166
25.339287216121807
25.13363837976935
24.929291024489473
24.726478532550185
24.525458679556632
24.32592392482303
24.127780939748252
23.93098118246693
23.735458511502678
23.541327229394124
23.348803279204215
23.1577418167134
22.968047405582787
22.779701442394018
22.59269502822718
22.406964249642964
22.222573016335225
22.039495226374804
21.85762822170149
21.677022843646803
21.497748085376227
21.319591342651115
21.142716787849437
20.967322906533873
20.793197917305285
20.62030771901595
20.44881310471251
20.27901656692377
20.11077141462427
19.94393766035835
19.77835767215575
19.614017197149735
19.450878648580318
19.28901573650974
19.128512334481265
0
0
0
0.5095171042172215
0
0
