692.5790575639712
722.674236946245
717.8174776458154
699.5196396616874
681.1064037061244
649.6095875162155
633.5138820377757
619.5591088212461
607.2642649630942
593.4089344860639
584.8061454507695
577.0796320965514
569.7613793828734
563.585432252557
562.2862995464429
559.4968562684206
557.2949950293976
556.5907602385187
555.2362406186417
551.7886158281723
548.2063950415703
544.3699205567741
540.3620082262615
536.2508939804459
532.1284748157908
529.1908954230081
524.8976241831124
528.8087384546088
527.0496920761867
529.750725018226
534.4774290833117
541.2395187716701
545.3027332988354
548.9558720755779
549.6591827473782
540.6621591627741
547.810866055227
554.0860845103294
553.1259670018901
571.222674051244
579.6948473077754
582.2047397650429
583.4073537330606
592.0030195638748
602.7630120713416
603.7021292639865
604.282028060061
604.8454550598524
605.3860785190295
605.8989601069461
605.8134685067689
605.6607558833177
605.6185738132554
604.6189616080626
607.6641385668673
612.902650310246
613.7750291543314
614.5817611676569
615.510755082062
616.44387365446
617.2133326341652
618.0296811729506
618.7976897194021
619.5131557599564
618.8988862166345
629.6886313420418
637.2029196830988
643.9025526250634
649.9179041269451
655.6002783454785
659.0122321304248
658.5792610435444
659.6600767426988
660.90051669871
662.013379960284
662.9707557393248
675.032024850438
712.2611345881791
714.4504942929027
711.8187140419777
713.5105811997323
709.0762756050872
709.7973060055217
710.373617050747
711.0479079395269
712.0280390907149
716.0569842458362
718.0852446738344
720.4726149501561
723.0602325093605
726.6985849120836
729.1606710706451
727.0437936429637
723.2341944079733
720.4106253412995
716.263569821353
713.7637899245552
709.392788449207
704.9462074761357
700.0012956442514
692.4765754259561
687.5187578391533
681.4817332204348
683.0869651685093
678.6259390120173
671.0158062499333
663.4720338843233
658.7115970267886
653.7734347071172
650.4094901359174
644.2198275582434
639.7135005343052
635.3845393855488
634.2364444317857
634.1788934071628
632.3313961105164
631.6259125810751
625.2837171935826
619.101930743515
613.6354755136821
608.491548061535
603.0280939633457
597.4251525625449
591.872311531077
586.2776900519531
580.6732111078593
575.1527641779699
569.7749293953964
564.3915522422988
559.0170551515645
553.6497276513563
552.3267664626554
547.2164427812752
542.2684525930398
537.5109337161877
536.8386005151777
532.3037214717158
527.9236567176825
527.9897631153822
523.4603638362012
519.1900445519242
514.9984176943589
511.01196233513855
507.2594282717042
505.23538724942796
502.2602560370595
500.0070255601662
498.05795814161155
494.7886960815489
492.6727764333221
490.444531581554
487.53413993032126
484.61846744908405
476.12450985196404
467.72359234883913
459.44579984321297
451.3004526775233
447.2218790015929
444.00159040132223
444.6833960467348
441.5785019028398
438.4489723929362
435.3862426277462
432.35442251438246
429.3157605382331
426.19167163448225
422.9955305595895
419.75576160579806
416.5450802671605
413.66712564434584
410.93077642692947
407.2625692929861
404.7221914631177
401.8717931287996
399.08663942338495
396.3430388240275
393.63602601163666
390.9646753955931
388.2813293160819
385.79242795273694
382.99863530647735
380.2488142978776
377.52327549587363
374.8623127641511
372.2784468952009
369.7443010796991
367.51004838604274
364.90391382360394
362.83561979760617
360.5469462951031
358.28372988132793
356.0227673271902
353.27124506401987
351.13025419620556
349.1168292123286
347.1006811796379
345.08494063969096
343.09588111948244
341.1205428221049
339.7814374932576
337.4647692518174
335.17686560832726
332.88773743830563
330.5964595982122
328.3025348544733
326.0058188615654
323.70644489172713
321.40475455995687
319.1012396342153
316.7965051212656
314.7995490682434
312.49568651322164
310.1925062185594
308.22125961854033
305.9133204073467
303.6092398680003
301.6699134890486
300.34922098279554
299.0332210433924
297.72286331619614
296.4191029321115
295.12288827192344
293.8351247634088
292.5565902811329
291.28872589911015
289.0659144423478
286.86061163669456
284.6725594571083
282.5022808175117
280.76079558744044
278.62955038989526
276.5184161921239
274.84665834946003
272.77912125029894
270.73391552358953
269.02808497014803
267.4588536396377
265.48643460236474
263.971729236475
262.05003913344547
260.15365782009343
258.7223719696943
256.88305450887066
255.0724356447825
253.72922868237475
251.9780157078571
250.25681616704205
249.00193118539633
247.3486456177245
245.72816960045148
244.56208020531514
243.00623011432756
241.48212179149334
240.403347589991
238.94211094795537
237.51144239571605
236.1110989358121
235.14335952770293
233.80372412602344
232.49365739555017
231.60397156731835
230.35207385408415
229.1283076091991
228.3108584858134
227.12611391607234
225.93549459345763
225.13159309255542
223.98706909280048
222.95776388391857
221.8552527619978
221.1232690912581
220.06337903548686
219.8408746644021
219.64296515136047
219.45947086241435
218.7964887592683
218.666342933776
217.82387590589545
217.7333697515144
217.67378198962905
217.62200850155395
217.57704467411335
217.53936927152216
217.50895734997357
217.4852904517233
217.46743493730392
217.42962395041158
217.37355995678044
217.390184483647
217.41574769403084
217.44917154891777
217.4899234198057
217.53771105488687
217.59257624207635
0
0
0
0
0
0
