2650.155212030452
2699.1554902505213
2744.7039341222926
2754.4579374568757
2741.715558781612
2752.419382536691
2695.8288372081165
2638.4520393416915
2594.4507223549103
2557.078637560157
2537.8171190469716
2519.133755540795
2493.9717506807797
2489.441452902315
2506.9686545787367
2522.9981520981346
2539.200418057998
2552.5856575650027
2552.6247093186753
2534.572044340422
2510.551699872412
2473.200711713871
2432.842746228467
2393.9665623741034
2356.21123074597
2301.790586941952
2265.9413871232655
2323.3009316644734
2242.5968044009405
2201.7090749985778
2176.0974503299017
2185.778668118965
2153.2598194626285
2110.7908452207425
2095.1497252734953
2061.1849969200493
2110.3721888200635
2157.117137277306
2220.929639470602
2315.2812452596886
2343.0902562325473
2349.9087160447266
2356.706830212287
2366.2433740706774
2411.889247307086
2425.0967082689367
2436.6178477694216
2448.1088176805238
2459.5258192519286
2470.840706747472
2482.0466169874244
2493.1500526962586
2497.7790788128964
2514.132397681048
2529.700475064163
2553.6903932556634
2565.1066567106163
2576.392165860464
2588.2928788446616
2599.864141979606
2614.3755690756507
2624.1172633601827
2633.91164586394
2643.6608132918036
2652.766651562442
2678.822034796077
2704.8565067844643
2722.2067027046714
2736.066296199391
2748.544276108584
2754.0816808440663
2762.249690574362
2773.348806476384
2785.3889361761644
2796.9253028486028
2807.838233036285
2841.7438986284656
2862.4581444937094
2900.884611021813
2931.0423013545114
2977.1480140073118
2989.8513387419625
3001.667352566985
3009.616796305576
3010.5728563526
3005.7522623245445
3000.1817911778894
2979.702435611777
2953.25805599645
2923.7718235164034
2898.405996948896
2867.8645718494386
2826.2057699080665
2774.040964185563
2721.5448236193397
2684.2815057538833
2630.562716078866
2583.940129430163
2537.919876000837
2492.037697138066
2435.2332576785802
2369.473594614924
2318.2001732293556
2272.0572960547042
2219.2630615540656
2169.766014820131
2122.7614595715927
2088.1669800921513
2056.3028830864873
2029.3193813941455
2005.1288115975742
1995.1184938645652
1987.2238530644597
1988.5667188750656
1991.8667585339597
1995.9849958733744
2006.763138981675
1999.99876063218
1993.678335232081
1986.0385792771692
1979.5543286719208
1974.0835306264237
1967.8791678549785
1962.756025970643
1959.5540746760867
1953.42100830821
1946.5691150817718
1941.2081626192617
1935.7167697015695
1929.9959164982613
1925.2491554026417
1934.2535698122847
1927.0003599765234
1920.3675179938748
1915.7891376387488
1924.6692826433841
1916.351982501591
1907.210375899404
1916.140300023944
1909.677662417454
1903.7259153095508
1896.8356082903115
1886.2943230680644
1874.5844070692874
1862.6919453179437
1856.2821460337068
1853.8506371205647
1855.2840328037291
1839.6139979499912
1835.1325158626023
1830.586777652468
1825.7402000450309
1821.600906609582
1806.8082086783159
1792.604412811168
1779.1339110531378
1766.3406034282664
1759.9825771322276
1755.1673291025863
1752.0168762807148
1748.0756561241863
1744.0018140163165
1739.7746062550927
1734.7218550468567
1730.8125977341788
1727.93208893761
1726.1180556970942
1725.1917964314218
1726.5932890972124
1732.2515624693197
1744.1226158631641
1759.5700208730664
1770.1177122954082
1759.639779913971
1749.0502858113696
1738.8941694783302
1727.7038396586581
1714.892336776257
1713.1031792039687
1701.2600553234668
1689.1614230775454
1676.9379764976254
1664.990249898599
1654.1564473573726
1644.0035198738187
1633.4801823666085
1622.9643907252619
1613.1422357861936
1604.5909865220788
1595.4870831987885
1583.8644603050168
1571.8376746125437
1557.4505941450905
1545.6091184089285
1538.4444578331886
1530.7660873809916
1522.9592630314758
1515.791508083373
1508.8514202119668
1503.004675916948
1496.5886425505485
1490.227785566675
1483.8995049467849
1477.601671601555
1471.333130372797
1465.0932992737303
1458.8822409017348
1452.7007582949627
1445.8337140252765
1437.2428173178846
1429.026214490807
1419.3840364111554
1409.7804954641485
1401.0434492265615
1390.7433806395447
1380.5274284558095
1371.8000859477827
1362.9003905031789
1354.071021035075
1345.312236342976
1336.6240230976732
1328.005996342336
1319.457056274076
1310.974301153295
1302.5510068878707
1293.0961913684675
1283.740180637907
1274.4877942316648
1265.3363250742789
1257.496119758685
1248.5273045680087
1239.6511724748395
1232.0412885403198
1223.3347674214624
1214.7150453481308
1206.2865707556975
1198.9626645028852
1190.5802781804477
1182.4034579134452
1173.1122406502013
1163.8740420851702
1155.7349399330528
1146.5797718734157
1137.5193957537394
1129.5909772346097
1120.7134083080582
1111.931100774226
1104.2490640337066
1095.673267041581
1087.198923806544
1079.773224171523
1071.4756201638515
1063.2688470623443
1056.0702186221588
1048.0347489885344
1040.0862861729877
1032.2231753387684
1025.3149453344545
1017.6118684029011
1009.9914435411955
1003.2877199390512
995.8152047527752
988.3902141348121
981.8217869084334
974.5439881874843
967.3638221630812
961.0456505707041
954.3528855764022
947.9668486841847
941.6784415460454
936.1690758253538
929.9738401638635
924.7907809029167
919.678930280635
914.5843389453399
908.7532869141943
904.1988651688797
898.9777797408952
894.8880060750374
890.9396822163699
887.08030551353
883.3656615579296
879.8110926947829
876.393085581173
873.1407992920667
870.103568217542
867.2649894811154
864.51696946807
861.9159534510084
859.3969019972675
856.9252371395005
854.5071672944175
852.1568521089232
849.868100083695
0
0
0
0
0
0
