122.3284731426077
121.75052716875506
122.2112456344724
120.99522342268816
122.86847200913095
129.2889366381815
129.08338813416583
132.49496746103702
132.56720233968187
133.66398240376859
145.74592007937946
154.75497431782128
157.73591595163168
162.71874543323375
167.6891812660761
180.61090923863122
185.43430902574244
186.77817964410912
187.3184865998953
205.89405670250125
225.05806918344715
244.8711967393096
264.6296643238551
284.2353207228963
303.9379849269734
300.91375144700714
322.50641390195756
319.93789965971274
317.3781016644611
314.8281431036252
312.2890286420139
309.76164699549713
306.6794671097602
304.74521995511844
306.27585607104356
325.0580067181323
335.14211366636016
344.4376678073553
378.60377183017977
393.377381683434
399.3280092084418
396.25156521098484
393.18588736046536
398.4744216074882
395.38030058442666
392.2182486738384
391.4302628402132
390.5805531808272
389.6811786632234
388.74225205627715
387.7693814618176
386.7650812539711
392.50325439904884
396.384693858686
393.0019969520141
389.637234878128
386.2887550186186
382.95513629327627
379.63493072096065
376.32614627747336
375.27786489771194
371.95033415101693
368.5882359327083
365.1610623731478
361.6817536180742
362.4087449343766
359.0726657238946
355.762546830512
352.4782942529724
349.1928201601111
352.7443783357621
349.4322720315784
346.1522783471339
342.9040386240034
339.6911888390622
336.5445649385841
339.9653881186866
336.9065139148386
338.24091903335926
339.3525613967515
336.30092826756925
335.40785594870084
332.41839853805
329.4664207675583
326.7941417289024
324.5859111269652
326.8849093757399
325.94398508011255
325.5386820560624
325.4788373615827
325.5319482299031
325.63373438020795
325.1882532792873
322.85253937983
328.9752838208338
361.37209310170033
369.4695633822794
397.2856605244079
426.4441527311328
453.6596770297197
477.731077103251
501.9640827718771
500.7710360574746
510.56450106161253
506.5420464282845
502.5632363207685
497.97973674935236
493.5720459199215
489.29663656106936
488.41152855214216
484.54209243461054
479.88805258122136
475.2780792522433
470.7122648583457
466.19033416610375
461.71191252303515
457.1178022334416
462.8734523935831
468.13554909268265
473.19988673821376
476.7303723771321
480.8791356784602
485.14731269022553
489.4624183325169
493.46917153836887
496.88082878647873
500.1580916627961
503.8077219381684
507.1761543781263
509.99036772764055
512.6031430905647
507.6107375563688
510.4051125175853
513.3382074845864
516.4161596319511
511.3999947609094
514.2492547009631
517.3871504524989
512.2390622894524
516.7271877881814
520.7900145999057
524.4742485753526
528.1409488363128
532.1258943633062
537.4785864649002
543.0180943367169
549.7779298698165
544.3075480665733
549.8501779128404
557.168873450468
564.2926003138124
569.8809186913622
575.5728529943665
580.2966062034725
585.0828828454617
589.9226927095956
594.7466686227137
600.3182083440271
605.6720627118094
609.9130277228656
614.3170193227226
618.3380222054752
621.8251855545647
624.0938046375986
625.9655452523166
627.0001201529756
626.6860285271318
624.9297049434396
622.2369161259589
618.4793207632733
614.1569112164367
608.087254325135
602.6486418464463
599.3403925854576
596.1095046060076
592.9623418180478
589.9344854626966
587.1231987203181
584.8411922610658
580.3611038241779
575.7399500763516
571.1538555801434
566.6025572649014
562.0858356160575
557.6034757641046
553.1552486001419
548.6524229076438
543.235958351683
538.0614732340667
532.7319529839822
527.4557569504399
522.2323513142783
517.2072857105849
512.9146158483999
508.67230161586997
504.4705848922341
500.30696349862166
496.1693077966865
492.0625266579009
487.1664227118506
482.34149818319474
477.54212008659647
472.79049659995985
468.0861525569777
463.42861751932315
458.8174257296129
454.2521160648243
449.73223199018713
445.257321513527
440.8269371400673
437.8848849265064
433.52785752276134
429.2141832660428
426.4591452258163
422.21580583163177
418.01468836987783
415.217798965237
411.0863128352282
406.99593567907635
402.94625845565633
398.936876193872
394.96738795215566
391.03739677837495
387.1465096701376
383.29433753548994
379.48049515400953
375.7046011382789
371.96627789575086
368.26515159098483
365.78121778038377
362.14163385203693
358.53826438886176
356.11290548643547
352.5695228727785
349.06139750521805
345.94337428999296
343.59478393653654
340.17595871345014
337.86143364266053
334.4996562081719
331.17132901805405
328.91208128036806
325.63935138972124
322.39918570558046
320.1925806593279
317.0066112494846
313.8523427649394
311.695716956308
308.5942927529203
305.52372823597096
303.41362728519
300.3946112509344
297.40563492813385
295.3427471731622
292.4040377378116
289.4945689499061
286.6140498601414
284.6159078686864
281.78393226776143
278.9801352948838
277.02669593504135
274.2702342545692
271.54119982608154
269.6311608416639
266.9482859648848
264.2921061391594
262.42355404201123
259.8123960511591
257.25247143262646
254.69276657343426
252.88424262505237
250.36800236871744
247.87679912125998
245.41038376027905
242.96850964218382
240.9734916043145
238.57576530080803
236.20189677264565
233.8516486309959
231.52478584908638
229.22107573869965
226.94028792690503
224.68219433302076
222.44656914580546
220.2331888008773
218.04183195835793
215.87227948073618
213.72431441095702
211.5977219507226
209.4922894390158
207.40780633083014
205.344064176118
203.30085659894422
201.27797927684804
0
0
2.8645399124739073
0
0
0
