581.934670758474
590.1545092671261
576.2674439035949
554.722214894986
540.0047588738253
512.7143127738817
503.8137638741409
493.87797710265136
479.547611306044
461.21352620234694
450.99173801705973
441.03147179507295
430.2457906231706
423.9652738759736
427.17066157036396
429.7752163921641
430.20202841691304
430.16816402447165
429.95490577835903
429.6970854550734
429.671419088596
429.3850922743937
428.554358660876
427.74885594107286
427.111375480378
424.2197739339293
422.6871128976582
428.8470363546429
421.8059750478167
421.1498326087716
424.735850945154
427.9227833550649
430.246619829753
433.03690641612116
433.5610064889633
428.0680858054185
433.57211567818354
439.9195694164687
446.05527320727714
465.47686995543484
470.24039827092747
470.8182122258143
471.2333044145761
473.52311691653495
483.37620053286486
483.8708364470884
484.3103210191598
484.71735723078484
485.08822925617955
485.42034596519545
485.7140305417885
485.9590243133549
486.18817765139806
486.3177551092002
488.6850312253411
493.14572316332146
493.80965426840004
494.4111502348822
495.12481634069144
495.8406562722291
496.6458189019106
496.99547491288206
497.2653532431251
497.4745801600876
496.65974077513545
502.79502765116604
507.94227348646734
511.51878648560233
514.1930670071185
516.5690749727095
516.5871966238062
515.9375318096385
516.5350722297884
517.2106077950444
517.4976872393886
517.6466812497573
525.5237547668655
548.8044864086778
550.1177814005968
549.6228998304607
555.9500635375136
553.9462344966804
555.737371079217
557.3865839133163
558.8189553292336
560.1807362091599
562.9505013197416
564.2672844077753
565.5539063031972
566.7258307816904
569.0129242519095
569.8977017850312
565.8259715181807
562.0347238528954
559.7545163523558
560.7233608393436
558.6138508075218
558.3969602158742
556.5771444926228
554.259851861128
548.4226413071362
541.5500379501414
533.0927243816886
528.8149859146521
522.1091668328203
513.336094728839
504.3756812357053
499.27818041666376
494.49088437309973
490.57753939134784
485.0328721034161
481.8354010214112
478.79121915250767
478.65398014803486
479.43124667064683
479.6768250017697
481.6983186519314
478.4793316518747
475.2905821830364
472.0511448631098
469.21920773346193
466.46716077594766
463.3501419808333
460.2249743761682
457.2609949589388
453.7792831191986
450.20515643663543
446.845270055003
443.3555489749027
439.7891695012627
436.40728625990096
437.08722098303775
433.4784728425702
430.03801838013266
427.0218014262507
427.9170237748035
424.50014245641705
421.2221425896064
423.25811383804506
420.5033376414632
417.8750717735003
415.19613806074256
412.4055876365238
409.71731152056003
408.1607252270325
407.31723681924825
407.4733623011387
407.64239688229003
405.10219020763725
404.87480229111225
404.61076088500016
403.7605108572453
403.12403136626347
397.6798525660821
392.36572621708154
387.1412965216929
381.9790068061327
380.06566300923635
379.1599341769407
380.69352476800236
379.6130115541842
378.1693529898375
376.6771665037721
375.02566620310057
373.45998434141296
371.87258197478167
370.2766508873139
368.61523446967055
367.05141486529965
365.9808344053273
365.42745857166244
364.9758780992312
364.4017577205308
362.1934641227401
359.99491509185157
357.80395562944875
355.61668825036844
353.3505934182475
352.2138633594217
349.8545004312847
347.35915652346483
344.8857944382099
342.3479216797001
339.8111135565432
337.3825237821535
335.0002257003389
332.8862472658886
330.46990314925023
328.4973808608051
326.3540248630708
324.22873434958075
322.0803419962844
319.3947398558459
317.32598634592006
315.67435883693554
313.9788112461338
312.2682474656033
310.6160915065343
308.9842281883507
307.83164569843393
305.94007869784093
304.06711392580223
302.1908693104368
300.310639325542
298.4260937388843
296.49939515381766
294.54040857844586
292.5790846950014
290.6159363437628
288.65158206951145
287.0703578732041
285.1049791029394
283.1300935861957
281.52338779981096
279.4913725867469
277.46308400569774
275.8570309990129
274.6072241040644
273.36135794378146
272.120210295371
270.8845514866598
269.65514034105445
268.43271443702093
267.2179674774284
266.0115764748273
264.05113853142683
262.105732007328
260.1757606529954
258.26154176370574
256.7915589664463
254.88902725117902
253.003449167646
251.58409301155
249.73363105358578
247.9017136146364
246.3420413475941
244.9994159826115
243.22599001536616
241.88071961343798
240.10157696231542
238.3424761661065
237.05295375266533
235.33549839481375
233.6422665715096
232.4195788931603
230.77565550758288
229.15739498688055
228.00480562260486
226.44381702416555
224.91077775983976
223.82853128197902
222.34900321262512
220.89620790563635
219.88258064153035
218.48191152215873
217.10707763682436
215.75785363013182
214.8322115042746
213.53329529361457
212.25939247783973
211.39553162564997
210.1701164528203
208.96704900081582
208.15727686981074
206.98731798627674
205.81671053333454
205.02289296730282
203.90658778456998
202.8835277327902
201.81461729915608
201.1032803935732
200.06835633513353
199.70556997846842
199.36452531720533
199.03339330734008
198.31818358231723
198.05261055152457
197.22326417875274
197.00829444576388
196.8225199044039
196.6461838529388
196.48071138629584
196.3268044666807
196.1838978185711
196.05295375160352
195.93505257466853
195.8080373905897
195.66886425693878
195.5938200426558
195.52891389647283
195.4717052834528
195.42210892941165
195.3803559439796
195.3460277260938
0
0
0
0
0
0
