0
0
0
0
0
0
0
0
0
0
0
0
0
0
0
0
0
0
0
0
0
0
0
0
0
0
0
0
0
0
0
0
0
0
0
0
0
0
0
0
0
0
0
0
0
0
0
0
0
0
0
0
0
0.0009603820888937142
0.0009062595185252466
0.0008544911738447892
0.0008049396690884515
0.0007574781782074669
0.0007119853543587971
0.0006683379035088493
0.0006263929253833072
0.000585953863724293
0.0005467052421409613
0.0005079224228599129
0.000468360014155295
0
0
0.0026514874415402025
0
0
0
0
0
0
0
0
8055712128058221e-20
0.008277491529572576
0.004148977131346328
0.00855371097616485
0.004722395864081356
0.008737212927822927
0.008746094920873066
0.008715775246736055
0.008642106457093774
0.008532654473534445
0.004647902990302786
0.008387866748928809
0.008361003644660504
0.008371446723926493
0.008444364752251013
0.008566583525076497
0.005171541017918125
0.008868015259084169
0.00900356305547937
0.006127798909373224
0.009237225391535058
0.006558905952915667
0.003753209009094155
0.0006966725769043106
0
0
0
0.0010799537208149924
0
0
0
0
0
0.0006961749923573049
0.0006847584750302478
0.0006675428495372973
0.0006491325396218491
0.0006352150451804963
0.0006223447441366973
0.0006071630243165185
0.0005912910158067973
0.0005753907986383352
0.00055970775593273
0.0005442435856184474
0.0005289972259170438
0.0005144653336963716
0.0005005108988642736
0.0004871288831243027
0.0004745847327691826
0.0004624764909710897
0.00044899471683069103
0.0004365852500698477
0.00042456666368262744
0.000412010736637884
0.0004026662679512712
0.0003940427593052181
0.0003847043259175316
0.000374145395142249
0.0003637926196287162
0.0003551747663332923
0.00034674353310171484
0.00033843366079700464
0
0
0
0
0
0
0
0
0
0
0
0
0
0
0
0
0
0
0
0
0
0
0
0
0
0
0
0
0
0
0
0
0
0
0
0
0
0
0
0
0
0
0
0
0
0
0
0
0
0
0
0
0
0
0
0
0
0
0
0
0
0
0
0
0
0
0
0
0
0
0
0
0
0
0
0
0
0
0
0
0
0
0
0
0
0
0
0
0
0
0
0
0
0
0
0
0
0
0
0
0
0
0
0
0
0
0
0
0
0
0
0
0
0
0
0
0
0
0
0
0
0
0
0
0
0
0
0
0
0
0
0
0
0
0
0
0
0
0
0
0
0
0
0
0
0
0
0
0
0
0
0
0
0
0
0
0.0016855588253410908
0.0016332198632843654
0.0015820072794870545
0.001532182717482039
0.0014840159007756953
0.0014377186738932792
