0.03628300745817379
0.05086082191699549
0.06653733053797767
0.08064303765187399
0.09648556368973707
0.11745660280991384
0.14016588877148273
0.1618282171910369
0.16079917567893057
0.15401933174580032
0.14663881802705617
0.13867935254032376
0.1301675698623055
0.12113318383676368
0.11160765936636423
0.10162330056485766
0.09121263886106605
0.08040802457379584
0.06924135346079582
0.05774388143015287
0.04594609736150387
0.0338776343214455
0.02156720723528414
0.009042568642448416
0.008592538596944182
0.008847314090748765
0.009091608793339177
0.009325581985865793
0.009549408936825304
0.009763279103556021
0.009967394568555872
0.010161967107561076
0.010347215774314755
0.010523365933725997
0.010690653007299298
0.010849315535453222
0.010999593823759405
0.011141729256568924
0.01127596360483549
0.011402538126874926
0.011521692834036314
0.011633665924374693
0.011738693318874926
0.01183700869056557
0.01192884593630604
0.012014416106050767
0.012093919187218595
0.012167564623471646
0.012235560428426068
0.012298111846315771
0.012355419950298735
0.012407680696939196
0.012455084474302285
0.012497815986233878
0.012536054359913559
0.012569973375557156
0.012599741724338549
0.012625523436375791
0.012647478534163838
0.012665764420193945
0.01268053920199976
0.012691972222096731
0.012700263158067656
0.012705627364354285
0.012708254680535044
0.012708315332923546
0.012705950921039388
0.012701272432852767
0.012694393330364765
0.012685427876233075
0.012674471422518032
0.012661611916221586
0.01264693237956356
0.01263050430126064
0.012612397120754437
0.01259270081693109
0.012571519102541331
0.012548937282128608
0.012525002981052916
0.012499740484847654
0.012473168962965128
0.012445314333602601
0.012416234759327825
0.012386016412148608
0.012354725180519876
0.012322427143871233
0.012289158527402423
0.01225490808007136
0.012219697280794221
0.01218363648965391
0.012146930825775755
0.012109982142513633
0.012073425077623458
0.012037946427572823
0.012004068218986782
0.011972385077484745
0.011943478186467418
0.01191751284159287
0.011894394322399065
0.01187439360158134
0.01185787368565272
0.011844486608044462
0.011833236521123388
0.011822381725252218
0.011810355307022872
0.011796211717394227
0.011779460985433695
0.011759881974568688
0.01173731986418905
0.01171165456647089
0.011682849275549613
0.01165095216468781
0.011616044240975586
0.011577986443253991
0.011536699219894907
0.011492386539789748
0.011445195663831063
0.011395320442347008
0.011343113556963838
0.01128892608065989
0.011232346045494139
0.01117397791738801
0.01111465332371299
0.011054677229832445
0.010994189539629303
0.010933163448547068
0.010871388329755888
0.010808891447268317
0.010745643291222809
0.010681531163026003
0.01061634440897789
0.010549800264922252
0.010481733567378982
0.010411892777610164
0.010340283986180296
0.01026690387867606
0.010191264156891054
0.010110998618249422
0.01002705577649004
0.009942324937862729
0.009857789862808998
0.009773650469311713
0.009689731947009535
0.009605297613993091
0.00952021367047757
0.009434404729035771
0.009347338538365805
0.009258412578305442
0.009167392088835966
0.009074815884622485
0.008980351071471533
0.00888468105915616
0.00878869553656905
0.008692565244076507
0.008596496606740294
0.008501465721278436
0.008408738126044576
0.008317425203968495
0.008225446097658257
0.008130812592422694
0.008033024495770922
0.007934541200229722
0.007838999824042488
0.007749461758275899
0.0076660800056245065
0.007585418042382082
0.007508393114468464
0.007434600796798571
0.007361858272730378
0.007289255663365274
0.007216710548678979
0.007144383982433834
0.007071943920178876
0.006999266430472605
0.006924752569032843
0.006850251868177855
0.006780073445879805
0.006715575992293177
0.0066568174134052785
0.006602546365840997
0.006551442789043294
0.00650235969944883
0.006454441082029305
0.006408276163893138
0.006364299944473337
0.006322551628703294
0.0062828590206803325
0.006245024611653437
0.006209169555718735
0.0061756981821775156
0.006144877258901462
0.006116522696892017
0.0060901201486228
0.0060651060858652175
0.006040943026769274
0.0060170521428626585
0.005992960342537823
0.005968310524428228
0.00594295895251183
0.005917528192929638
0.005893333945118191
0.005871193531104921
0.005850695419300805
0.005830885798481401
0.00581104028056767
0.005790880838322965
0.005770516523757068
0.0057502427980480764
0.005730280435714093
0.0057106517278560365
0.005691288756211221
0.005672209723742742
0.005653571640393152
0.005635573651148708
0.005618311494393306
0.005601710380332442
0.005585551655211294
0.005569538212236186
0.005553329342472087
0.005536508809145483
0.005518441713522087
0.0054977990416995035
0.005470924783326669
0.005427294513805109
0.005368953345945864
0.005337164880458184
0.00531850151231142
0.005300496748606817
0.005282014232889959
0.005262957081757461
0.005243282712630193
0.005222951439498469
0.005201918777110695
0.005180110940610867
0.005157399950710711
0.005133546239878786
0.0051080813439060005
0.005079977295225732
0.005046536842781447
0.004999736753803662
0.0049326372580942995
0.004882338665883223
0.004851096111095522
0.0048210504658747644
0.004789202573551754
0.004753683993072882
0.004708474558677456
0.004652127765377462
0.0046045570978355274
0.004559530398505721
0.004512526844687823
0.00446722789487822
0.004424477360483763
0.004382375180238154
0.004339744034888875
0.004296148253497725
0.004251451058634337
0.004205768443981431
0.004159333782349326
0.004111721261518502
0.00405928885533781
0.003991245821019743
0.003925191250450545
0.003884391999896848
0.0038480227733380112
0.003809522571282073
0.003765009243998182
0.0037084810085948323
0.003648212093142089
0.0036027492714702227
0.0035631417788206943
0.0035229132234064066
0.0034810078191247207
0.0034370457041898585
0.003390394891412505
0.0033395530376202206
0.003281519632981094
0.0032110131324549207
0.0031311805463131726
0.003047432399692102
0.002942251399755985
0.002827235479649595
0.0027188496205749896
0.0026012332961916212
0.0024712239878847964
0.0023416837022146716
0.002239366771095041
0.0021566807139347935
0.0020853375589663654
0.002014255138364673
0.001942894309359705
0.0018686817481057827
0.0017980654607451239
0.0017392817433104224
0.0016855588253410908
0.0016332198632843654
0.0015820072794870545
0.001532182717482039
0.0014840159007756953
0.0014377186738932792
