84.03712777823966
61.77894736842427
61.77894736842427
61.77894736842427
61.77894736842427
61.77894736842427
61.77894736842427
61.77894736842427
61.77894736842427
61.77894736842427
61.77894736842427
61.77894736842427
61.77894736842427
61.77894736842427
61.77894736842427
61.77894736842427
61.77894736842427
61.77894736842427
61.77894736842427
61.77894736842427
61.77894736842427
61.77894736842427
61.77894736842427
61.77894736842427
61.77894736842427
61.77894736842427
61.77894736842427
61.77894736842427
61.77894736842427
61.77894736842427
61.77894736842427
61.77894736842427
61.77894736842427
61.77894736842427
61.77894736842427
61.77894736842427
61.77894736842427
61.77894736842427
61.77894736842427
61.77894736742019
61.77894736842427
61.77894736842427
61.77894736842427
61.77894736712915
61.778947364204214
61.7789473576413
61.77894734291476
61.778947310114745
61.778947310114745
61.778947310114745
61.778947310114745
61.778947310114745
61.778947310114745
61.778947310114745
61.778947310114745
61.778947310114745
61.778947310114745
61.778947310114745
61.778947310114745
61.778947310114745
61.778947310114745
61.778947310114745
61.778947310114745
61.778947310114745
61.778947310114745
61.778947310114745
61.778947310114745
61.778947310114745
61.778947310114745
61.3570346358174
60.7465219405276
60.14208394807065
59.543660214112606
58.95119089579384
58.36461674570455
57.78387910591846
57.20891990319069
56.63968163813115
56.07610738943913
55.518140798216336
58.22582522814628
57.64646858704509
57.072876640828326
56.504992029833375
55.9427579651383
55.386118222857476
54.83501713855367
54.289399601650075
53.74921104995883
53.21439746416581
52.684905362460995
52.160681795183336
51.641674339567544
51.14225071735564
50.61910067498684
50.115432207807316
49.61677532560134
49.123080162287806
48.63429734791862
48.15037800380378
47.67127373763651
47.196936638560146
46.72731927246787
46.26237467725878
45.80205635805032
45.3463182826672
44.89511487688287
44.44840102001035
44.00613204027468
43.56826371041825
46.95536211950821
47.09621833807614
42.642096500028856
45.26484042950324
48.42411844379967
47.94229041473591
47.46525665465742
46.99296945981041
46.52538160106633
46.06244631925074
45.60411732045759
45.1503487713926
44.70109529483307
44.25631196505856
43.815954303354374
43.37997827360232
42.94834027781326
42.52099715186341
42.097906161041465
41.67902499593038
41.26431176804181
40.85372500572703
40.44722364995687
40.044767050261726
39.64631496062793
39.25182753553963
38.86126532590424
38.474589275196195
38.09176071548427
37.71274136357533
37.33749331723084
36.96597905133967
36.59816141414922
36.234003623598255
35.87346926362079
35.51652228044986
39.2049274314777
34.81324801976734
34.466850414231885
34.12389952247031
33.78436104909633
35.011192356134416
36.27603466027358
35.91508208448067
41.71455123925989
41.810907504259376
42.205468757252675
36.04589187026431
35.68722925349721
42.23148236062843
43.01192767027533
44.01770397151995
44.699926758155925
45.571453710334026
46.0533862093871
41.99638408199826
45.55247190296359
45.54964969714638
45.63862125723972
45.27258519973839
44.428463412754354
43.83962241545669
40.43260353930236
40.03029241213517
39.63198434756487
39.237639514452894
39.157303779546055
38.763037568554864
38.07799201378657
37.69910966276075
37.32399725410505
36.95261727628531
36.584932590980316
36.220906429414754
35.86050238869211
35.50368442808394
35.150416865508305
34.80066437461937
34.45439197844826
34.11156505020335
33.772149306867504
33.43611080662231
33.10341594531201
32.77403145318385
32.44792439151206
32.12506214932364
31.8054124401242
31.488943298667436
31.175623077782802
30.865420445188647
30.558304380349
30.25424417143222
29.953209412124124
29.655169998732163
29.360096127042198
29.06795828943723
28.778727271885145
28.492374151042895
28.208870291360654
27.928187342215097
27.650297235071776
27.375172180705704
27.102784666363732
26.833107453072444
26.566113572887843
26.301776326203253
26.040069279057207
25.78096626054321
25.52444136014674
25.270468925155
25.019023558110348
24.770080114278244
24.52361369910068
24.279599665722344
24.03801361254591
23.7988313807582
23.562029051943682
23.327582945668837
23.095469617124763
22.865665854798863
22.63814867810288
22.41289533514646
22.189883300394285
21.969090272468748
21.750494171879836
21.53407313884236
21.319805531049496
21.107669921577326
20.897645096687484
20.689710053731687
20.483843999012606
20.280026345761144
20.078236712055514
19.878454918740317
19.680660987491137
19.484835138748167
19.29095778973715
19.09900955259218
18.908971232318436
18.72082382492954
18.534548515512142
18.350126676406944
18.16753986524418
17.986769823226496
17.80779847316444
17.63060791778844
17.45518043791526
17.281498490614467
17.109544707564055
16.93930189324601
16.770753023243742
16.603881242510397
16.43866986373905
16.27510236564558
16.11316239136795
15.952833746749093
15.794100398794399
15.636946474041906
15.48135625696159
15.327314188427408
15.17480486407294
15.02381303285074
14.874323595446185
14.72632160280773
14.579792254589847
14.434720897756051
14.291093025036389
14.148894273530459
14.00811042325222
13.868727395674796
13.730731252406258
13.594108193690772
13.458844557142584
13.32492681624717
13.192341579153435
13.061075587203959
12.931115713698091
12.802448962524068
12.675062466936652
12.548943488145596
12.424079414166044
12.300457758479752
12.178066158827278
12.056892375927418
0
0
0
0
0
0
