-61.77894736842427
-61.77894736842427
-61.77894736842427
-61.77894736842427
-61.77894736842427
-66.66514813211688
-71.92585303870146
-75.41850822362176
-76.03359569942404
-77.69479659978242
-79.64409254339989
-81.06357262110396
-84.00783295852307
-81.35002852270554
-86.40313046218944
-91.67446786111395
-92.98424743105716
-94.34723879877129
-95.7325940009905
-97.0329161661648
-98.46496944801765
-99.15753316298651
-98.17089922298328
-97.19408245472005
-96.22698517570097
-95.26951067538175
-94.32156320553622
-93.3830479705939
-92.45387111828313
-91.53393973012862
-90.62316181221104
-89.72144628601382
-88.82870297919726
-87.94484261670732
-87.06977681176795
-86.20341805706266
-85.34567971600336
-84.49647601404286
-83.65572203008924
-82.82333368906984
-81.99922774841252
-81.1833217998792
-80.37553425117221
-79.57578432417358
-78.78399204061134
-78.00007822189946
-77.22396447601204
-76.45557319093496
-75.69482745422283
-74.94165133671777
-74.19596944680961
-73.45770721566805
-72.72679081647948
-72.00314715696732
-71.2867038721597
-70.57738931715721
-69.87513255991507
-69.17986337414186
-68.49151223235822
-67.81001029886829
-67.13528942293487
-66.46728213186725
-65.80592162441462
-65.15114176397037
-64.50287707198004
-63.861062721465714
-63.225634530434036
-62.59652895553154
-61.97368308570003
-61.3570346358174
-60.74652194054215
-60.1420839480561
-59.543660214112606
-58.951190895808395
-58.36461674569
-57.78387910590391
-57.20891990119708
-56.6396816381457
-56.07610738943913
-55.518140798216336
-58.22582522816083
-57.64646858703054
-57.072876640828326
-56.504992029833375
-55.9427579651383
-55.386118222857476
-54.835017138539115
-54.289399601650075
-53.74921104995883
-53.21439746415126
-52.68490536244644
-52.16068179519789
-51.641674339567544
-51.113411471480504
-50.61910067498684
-50.115432207792765
-49.61677532560134
-49.123080162273254
-48.63429734790407
-48.15037800381833
-47.67127373762196
-47.196936638545594
-46.72731927246787
-46.262374677244225
-45.802056358064874
-45.3463182826672
-44.89511487689742
-44.44840102001035
-44.00613204028923
-43.5682637104328
-40.05168586225773
-39.045095051274984
-42.642096500028856
-45.26484042951779
-48.42411844379967
-47.94229041473591
-47.465256654671975
-46.99296945981041
-46.52538160106633
-46.06244631925074
-45.60411732044304
-45.1503487713926
-44.70109529483307
-44.25631196505856
-43.815954303354374
-43.37997827358777
-42.94834027782781
-42.52099715184886
-42.097906161041465
-41.67902499593038
-41.26431176805636
-40.85372500572703
-40.44722364995687
-40.044767050247174
-39.64631496062793
-39.25182753553963
-38.861265325918794
-38.47458927521075
-38.09176071546972
-37.71274136357533
-37.33749331723084
-36.96597905132512
-36.59816141414922
-36.23400362361281
-35.87346926360624
-35.51652228044986
-31.12132652674336
-34.81324801976734
-34.46685041424644
-34.12389952247031
-33.78436104909633
-35.011192356134416
-36.27603466025903
-35.91508208448067
-29.400890854391037
-28.596924117562594
-27.50179323456541
-36.04589187026431
-35.68722925349721
-28.558222089559422
-30.98457393658464
-32.48234403731476
-34.07285794497875
-35.12738084279408
-36.471060658819624
-41.996384081983706
-39.26453642133856
-39.46160520706326
-38.52675752747746
-38.055334073505946
-38.07032921038626
-37.83829350558517
-40.432603539316915
-40.03029241213517
-39.63198434756487
-39.237639514467446
-38.53713317644724
-38.15832682295877
-38.07799201380112
-37.699109662746196
-37.32399725410505
-36.95261727627076
-36.584932590980316
-36.220906429429306
-35.86050238869211
-35.50368442808394
-35.150416865508305
-34.80066437461937
-34.45439197846281
-34.1115650501888
-33.772149306882056
-33.43611080662231
-33.10341594531201
-32.774031453198404
-32.44792439152661
-32.12506214933819
-31.8054124401242
-31.488943298667436
-31.175623077782802
-30.865420445188647
-30.558304380363552
-30.254244171417668
-29.953209412138676
-29.655169998732163
-29.36009612705675
-29.06795828945178
-28.778727271899697
-28.492374151057447
-28.208870291375206
-27.928187342215097
-27.650297235086327
-27.375172180705704
-27.102784666363732
-26.833107453072444
-26.566113572887843
-26.3017763261887
-26.040069279057207
-25.78096626055776
-25.52444136014674
-25.270468925155
-25.0190235581249
-24.770080114278244
-24.523613699086127
-24.279599665707792
-24.03801361253136
-23.7988313807582
-23.562029051943682
-23.327582945668837
-23.095469617124763
-22.865665854798863
-22.63814867810288
-22.41289533514646
-22.189883300408837
-21.9690902724833
-21.75049417189439
-21.534073138827807
-21.319805531049496
-21.107669921577326
-20.897645096687484
-20.689710053717135
-20.483843999012606
-20.280026345761144
-20.078236712055514
-19.87845491875487
-19.680660987491137
-19.484835138733615
-19.2909577897517
-19.09900955259218
-18.908971232318436
-18.72082382492954
-18.534548515526694
-18.350126676392392
-18.167539865258732
-17.986769823211944
-17.80779847316444
-17.63060791780299
-17.455180437900708
-17.281498490614467
-17.109544707578607
-16.939301893260563
-16.770753023243742
-16.603881242510397
-16.43866986373905
-16.275102365660132
-16.1131623913534
-15.952833746734541
-15.794100398779847
-15.636946474041906
-15.481356256976142
-15.327314188412856
-15.174804864058387
-15.02381303285074
-14.874323595446185
-14.72632160280773
-14.5797922546044
-14.434720897756051
-14.291093025050941
-14.148894273545011
-14.00811042325222
-13.868727395674796
-13.730731252406258
-13.594108193705324
-13.458844557128032
-13.32492681624717
-13.192341579138883
-13.061075587189407
-12.931115713683539
-12.80244896253862
-12.675062466936652
-12.548943488160148
-12.424079414180596
-12.300457758494304
-12.178066158827278
-12.05689237594197
0
0
0
0
0
0
