67.02144736842105
67.02144736842104
67.02144736842106
67.02144736842104
67.02144736842106
67.02144736842104
67.02144736842104
67.02144736842104
67.02144736842104
63.64580408714372
61.68701195447623
59.76133082578649
56.017210410086236
54.17721231834799
52.38157205270871
50.72517764508754
49.041826443769494
47.383573215329605
45.82622304046623
44.3068037662061
42.82262613321955
41.371065678592004
39.949592291782444
38.55578849730975
37.18736086038183
35.8421473292766
34.58765302168119
10000062450045134e-25
10000062450045134e-25
10000062450045134e-25
10000062450045134e-25
10000062450045134e-25
10000062450045134e-25
10000062450045134e-25
10000062450045134e-25
10000062450045134e-25
10000006938893902e-25
10000006938893902e-25
10000006938893902e-25
10000006938893902e-25
10000006938893902e-25
10000006938893902e-25
10000006938893902e-25
10000006938893902e-25
10000006938893902e-25
10000006938893902e-25
10000006938893902e-25
10000006938893902e-25
10000006938893902e-25
10000006938893902e-25
10000006938893902e-25
10000006938893902e-25
10000006938893902e-25
10000006938893902e-25
10000006938893902e-25
10000006938893902e-25
10000006938893902e-25
10000006938893902e-25
10000006938893902e-25
10000006938893902e-25
10000006938893902e-25
10000006938893902e-25
10000006938893902e-25
10000006938893902e-25
10000006938893902e-25
10000006938893902e-25
10000006938893902e-25
10000006938893902e-25
10000006938893902e-25
9999999999999999e-25
9999999999999999e-25
9999999999999999e-25
9999999999999999e-25
9999999999999999e-25
9999999999999999e-25
9999999999999999e-25
9999999999999999e-25
9999999999999999e-25
9999999999999999e-25
9999999999999999e-25
9999999999999999e-25
9999999999999999e-25
9999999999999999e-25
9999999999999999e-25
9999999999999999e-25
9999999999999999e-25
9999999999999999e-25
9999999999999999e-25
9999999999999999e-25
9999999999999999e-25
9999999999999999e-25
9999999999999999e-25
9999999999999999e-25
9999999999999999e-25
9999999999999999e-25
9999999999999999e-25
9999999999999999e-25
9999999999999999e-25
9999999999999999e-25
9999999999999999e-25
9999999999999999e-25
9999999999999999e-25
9999999999999999e-25
9999999999999999e-25
9999999999999999e-25
9999999999999999e-25
9999999999999999e-25
9999999999999999e-25
9999999999999999e-25
9999999999999999e-25
9999999999999999e-25
9999999999999999e-25
9999999999999999e-25
9999999999999999e-25
9999999999999999e-25
9999999999999999e-25
9999999999999999e-25
9999999999999999e-25
9999999999999999e-25
9999999999999999e-25
9999999999999999e-25
9999999999999999e-25
9999999999999999e-25
9999999999999999e-25
9999999999999999e-25
9999999999999999e-25
9999999999999999e-25
9999999999999999e-25
9999999999999999e-25
9999999999999999e-25
9999999999999999e-25
9999999999999999e-25
9999999999999999e-25
9999999999999999e-25
9999999999999999e-25
9999999999999999e-25
9999999999999999e-25
9999999999999999e-25
9999999999999999e-25
9999999999999999e-25
9999999999999999e-25
9999999999999999e-25
9999999999999999e-25
6938893903907228e-31
6938893903907228e-31
6938893903907228e-31
6938893903907228e-31
6938893903907228e-31
6938893903907228e-31
6938893903907228e-31
6938893903907228e-31
6938893903907228e-31
6938893903907228e-31
6938893903907228e-31
6938893903907228e-31
6938893903907228e-31
6938893903907228e-31
6938893903907228e-31
6938893903907228e-31
6938893903907228e-31
6938893903907228e-31
6938893903907228e-31
6938893903907228e-31
6938893903907228e-31
6938893903907228e-31
6938893903907228e-31
6938893903907228e-31
6938893903907228e-31
6938893903907228e-31
6938893903907228e-31
6938893903907228e-31
6938893903907228e-31
6938893903907228e-31
6938893903907228e-31
6938893903907228e-31
6938893903907228e-31
6938893903907228e-31
6938893903907228e-31
6938893903907228e-31
6938893903907228e-31
6938893903907228e-31
6938893903907228e-31
6938893903907228e-31
6938893903907228e-31
6938893903907228e-31
6938893903907228e-31
6938893903907228e-31
6938893903907228e-31
6938893903907228e-31
6938893903907228e-31
6938893903907228e-31
6938893903907228e-31
6938893903907228e-31
6938893903907228e-31
6938893903907228e-31
6938893903907228e-31
6938893903907228e-31
6938893903907228e-31
6938893903907228e-31
6938893903907228e-31
6938893903907228e-31
6938893903907228e-31
6938893903907228e-31
6938893903907228e-31
6938893903907228e-31
6938893903907228e-31
6938893903907228e-31
6938893903907228e-31
6938893903907228e-31
6938893903907228e-31
6938893903907228e-31
6938893903907228e-31
6938893903907228e-31
6938893903907228e-31
6938893903907228e-31
6938893903907228e-31
6938893903907228e-31
6938893903907228e-31
6938893903907228e-31
6938893903907228e-31
6938893903907228e-31
6938893903907228e-31
6938893903907228e-31
6938893903907228e-31
6938893903907228e-31
6938893903907228e-31
6938893903907228e-31
6938893903907228e-31
6938893903907228e-31
6938893903907228e-31
6938893903907228e-31
6938893903907228e-31
6938893903907228e-31
6938893903907228e-31
6938893903907228e-31
6938893903907228e-31
6938893903907228e-31
6938893903907228e-31
6938893903907228e-31
6938893903907228e-31
6938893903907228e-31
6938893903907228e-31
6938893903907228e-31
6938893903907228e-31
6938893903907228e-31
6938893903907228e-31
6938893903907228e-31
6938893903907228e-31
6938893903907228e-31
6938893903907228e-31
6938893903907228e-31
6938893903907228e-31
6938893903907228e-31
6938893903907228e-31
6938893903907228e-31
6938893903907228e-31
6938893903907228e-31
6938893903907228e-31
6938893903907228e-31
6938893903907228e-31
6938893903907228e-31
6938893903907228e-31
6938893903907228e-31
6938893903907228e-31
6938893903907228e-31
6938893903907228e-31
6938893903907228e-31
6938893903907228e-31
6938893903907228e-31
6938893903907228e-31
6938893903907228e-31
6938893903907228e-31
6938893903907228e-31
6938893903907228e-31
6938893903907228e-31
6938893903907228e-31
6938893903907228e-31
6938893903907228e-31
6938893903907228e-31
6938893903907228e-31
6938893903907228e-31
6938893903907228e-31
6938893903907228e-31
6938893903907228e-31
6938893903907228e-31
6938893903907228e-31
6938893903907228e-31
6938893903907228e-31
6938893903907228e-31
6938893903907228e-31
6938893903907228e-31
6938893903907228e-31
6938893903907228e-31
6938893903907228e-31
0
0
0
0
0
0
