3051.652352130157
3090.6797814435276
3117.8111076537557
3121.198133200127
3102.497693363365
3102.6780318190117
3034.8317534527932
2962.087786838335
2893.997840978969
2827.0511809841573
2780.7645722799243
2734.7074887595845
2692.361985467049
2675.2673894771324
2684.208780337207
2692.167486584003
2699.411051681875
2705.4248054312275
2688.6506894913314
2658.6982842539546
2622.515681230102
2571.1952882746073
2515.5332372795824
2461.6343766267423
2408.8527931578396
2340.59395089922
2292.2437293230646
2362.1567361903517
2281.417687494525
2229.8774403955963
2194.9714597872935
2197.9520988991176
2168.31019086557
2139.720149184165
2124.394555782267
2093.561274056236
2136.1178019258386
2181.944016449092
2246.77853592692
2337.161746764835
2364.1180235428283
2363.2035190308766
2358.0962878479863
2363.121508388302
2404.43851051293
2415.422863947522
2423.017146073348
2430.5763933657922
2438.0713673903383
2445.484901679807
2452.814723486337
2460.067626774585
2460.7947885947074
2477.5568625253486
2492.0484590968927
2515.6914709432826
2526.654921257018
2537.4634189510425
2548.822357832015
2560.2993212851425
2578.2758186792216
2588.5873623192074
2598.7975541127666
2608.869514454157
2617.3235154821386
2642.628777380364
2668.2455928209065
2687.7265817681214
2706.043618816447
2722.58181000281
2731.9225401639796
2740.0965643362065
2751.1356738865875
2763.1300880743797
2773.1248826513975
2782.521638482377
2816.5244161712035
2862.072056004216
2901.786766958591
2931.2541843823747
2972.452818684519
2986.098935672458
2996.977680430908
3003.9773776077595
3004.247227667914
2999.393393998886
2995.8251196325264
2977.189048412387
2953.550756625358
2925.7871648312484
2900.311515262287
2870.05124902667
2834.179814981931
2781.7242910802265
2724.985985545747
2692.588945327477
2658.6458238909554
2626.524032952381
2593.8005247197807
2561.1550968475453
2516.902646722887
2463.135186524183
2416.7196415315184
2391.3768039161027
2354.4857994951712
2317.4139394372924
2274.3789904554405
2251.8457366488897
2231.8847120707333
2216.7340757122156
2199.581875165678
2191.488454676827
2183.5662487280024
2187.064016968096
2193.1249775278193
2199.192189681965
2212.8688523278793
2204.695298155369
2197.0526074145278
2188.1506864354537
2180.5787257312204
2173.9112960175526
2166.427331971278
2160.3567529531842
2156.901118599789
2150.0000777846494
2141.967343944658
2135.4447276772976
2128.922462371587
2122.463871002329
2117.2172973956435
2129.675041461666
2122.199530218404
2115.3332206580385
2110.744382721677
2123.0976379538506
2114.435019199766
2104.691992608119
2117.282188783687
2109.448747131178
2102.402319610637
2094.4062544974
2082.434453646983
2068.9182696881326
2056.8153997858217
2050.7482029467283
2047.6039641482173
2050.060575239428
2029.4727794371347
2021.4800447945354
2013.7871137681982
2007.0795545021176
2000.8476921313077
1979.261494671256
1958.3756922840332
1938.2434891920504
1918.922276814741
1909.25063753711
1901.3361569416672
1896.6178361972845
1890.5801110961038
1884.7108263817868
1878.2244734414182
1870.8556001534216
1864.76973573421
1859.7843020257035
1855.6880396915765
1851.8261325868505
1848.4919048068907
1849.0908531318619
1853.9952516388644
1864.168625716707
1870.2845625235248
1858.4190118231409
1846.446325293369
1834.6570637411098
1822.631094534435
1809.4559973944715
1806.940676911003
1794.6314011184336
1782.042767107941
1769.3909400414127
1756.919490040194
1745.3075406452483
1734.4418273094466
1723.8220315040346
1713.8798729223283
1705.197210910151
1697.9599035077867
1690.5591010868156
1682.480692420064
1674.2125925495848
1663.7230988993006
1654.3793403381728
1648.364822782137
1641.979627175035
1635.4927967321175
1628.2823770470113
1621.1898944542238
1615.50409256469
1609.3204177298721
1603.1890634668507
1597.0808402303273
1590.9941873338169
1584.9284531311441
1578.883562377407
1572.8600127859052
1566.858899097107
1560.8818368009515
1554.9307565628121
1548.0726765209993
1542.1708003550789
1535.9541747947378
1528.2434451735896
1520.531578701191
1512.871796325948
1505.2551445013298
1498.7212782489146
1492.2309252070759
1485.7856279041023
1478.0166149415938
1469.3759752680014
1460.8049778341153
1452.303657227453
1443.8701804327159
1433.4091581821722
1423.0500478627566
1412.796328597019
1402.6475963160121
1394.3970348056941
1384.4463473969463
1374.5993508204176
1366.617806831414
1356.9683692274004
1347.4225757939282
1338.5126044567367
1330.8949991573395
1321.6489223764313
1313.5488575501652
1303.789559150409
1294.1182809273566
1286.188642186105
1276.679743260791
1267.2897518652394
1259.6502258860082
1250.4925742075202
1241.45639593527
1234.1323188072272
1225.3543632744434
1216.7045739726914
1209.6105784286542
1201.0843603403368
1192.6784053264964
1185.8635133998803
1177.6863413759722
1169.6247546401835
1161.6770191559945
1155.2482208917488
1147.5167182195403
1139.8951759083084
1133.7363968534644
1126.3183874265665
1118.9843849628858
1113.0390879402134
1105.8801372657256
1098.7966638894557
1093.0658419611173
1086.3964231159487
1080.0904338854339
1073.7828548517602
1068.7337213533174
1062.5589038097012
1058.3016027614203
1054.1433331824244
1050.030908057568
1044.7073600723352
1041.061638919008
1035.8906436009606
1032.6530375777875
1029.586454582264
1026.6152532361423
1023.7776470909074
1021.0826644429769
1018.511261093723
1016.0821456120619
1013.8277017109052
1011.6844138776253
1009.5780274715793
1007.7180642952167
1005.9332372892437
1004.1990083253735
1002.519107439762
1000.9030439118266
999.3458060978169
0.505318335521692
0.5050653250763391
0.5046378324509652
0.5035517725726322
0.5019812112246106
0.5011995868624572
