862.7712335924884
855.4681017226109
848.237637228992
841.0791170591563
833.9918253551151
826.9750533818042
820.0280994561706
813.1502688770313
806.3408738556022
799.5992334467005
792.9246734806738
786.3165264959572
779.7741316723504
773.2968347649158
766.8839880385672
760.5349502032881
754.2490863500016
748.025767887086
741.8643724775068
735.7642839765897
729.7248923704026
723.7455937147513
717.8257900747883
711.9648894652132
706.1623057910829
700.4174587891952
694.7297739700617
689.0986825604617
683.5236214465594
673.0599274174358
637.9139229300818
625.3661079790594
584.2483948499868
542.202659298474
521.9196568640083
498.3719268208881
493.7498459494883
489.50382743966514
485.3000575199187
481.13811580975494
477.01758611153446
472.9380563688511
468.8991186253314
464.90036898383687
460.9414075660722
457.0218384725946
453.14126974322795
449.2993133178669
445.49558499766715
441.72970440662573
438.00129495354565
434.3099837943756
430.65540179492194
427.03718349394137
423.4549670665861
419.9083942882314
416.3971104986403
412.9207645665097
409.4790088543498
406.0714991837202
402.6978948008145
399.35785834238385
396.0510558019986
392.7771564966476
389.53583303367435
386.32676127802984
383.14962031986437
380.0040924424362
376.8898630903345
373.3489050735903
369.6340213985612
365.956101433702
362.31477738395057
358.70968511386695
355.14046411122007
351.6067574509365
348.1082117594029
344.6444771791368
341.2152073337938
337.82005929353
334.45869354071357
331.13077393596734
327.83596768455754
324.57394530311416
321.34438058667905
318.1469505760911
314.98133552568345
311.8472188713144
308.74428719870446
305.6722302121031
302.630740703249
299.61951452065995
296.6382505392062
293.68665063000424
290.764419630606
287.8712653154749
285.0068983667682
282.1710323454045
279.36338366241887
276.5836715506028
273.83161803642867
271.10694791225205
268.4093887087893
265.7386706678727
263.0945267154718
260.47669243498905
257.8849060408138
255.31890835214728
252.77844276708294
250.26325523694422
247.77309424088173
245.3077107607218
242.8668582560615
240.45029263961575
238.057772252811
235.68905784161254
233.34391253260628
231.02210180930751
228.7233934887081
226.44755769806108
224.19436685189027
221.9635956292337
219.7550209511104
217.56842195821176
215.40357998881623
213.260278556923
211.13830333060267
209.0374421105646
206.9574848089357
204.89822342825278
202.85945204066155
200.8409667673239
198.84256575803127
196.8640491710167
194.90521915297305
192.96587981926587
191.04583723434632
189.144899392355
187.26287619792396
185.3995794471653
183.55482280885218
181.72842180578158
179.92019379633257
178.12995795567156
176.35753525976855
174.6027484643571
172.91059392853043
171.19010477242085
169.48673476944842
167.80031358119135
166.13067256412683
164.47764475276148
162.84106484293608
161.22076917529623
159.61659571892505
158.02838405513984
156.45597536145084
154.8992123956784
153.35793948045102
151.83200248673631
150.32125012903293
148.825528699226
147.34468994631075
145.8785857851777
144.4270696041889
142.98999625051655
141.56722201562815
140.15860462091402
138.76400320346156
137.38327830196576
136.0162918427871
134.66290712613957
133.32298881242428
131.99640290869226
130.6830167552493
129.3826990123842
128.09531964723948
126.82074992080615
125.5588623750488
124.30953082016171
123.07263032194808
121.84803718932733
120.63562896196603
119.43528439803089
118.24688346206497
117.07030731298458
115.90543829219435
114.75215991182141
113.61035684306668
112.47991490467177
111.36072105150075
110.25266336323567
109.15563103318449
108.06951435719985
106.994204722709
105.92959459785246
104.87557752073053
103.83204808875722
102.79890194811966
101.77603578334276
100.7633473069579
99.76073524927332
98.7680993482477
97.78534033946393
96.81235994620204
95.84906086961192
94.89534677898311
93.9511223021118
93.01629301576355
92.09076543623055
91.17444700998365
90.26724610441653
89.3690719986828
88.47983487462324
87.59944580778456
86.72781675852626
85.86486056321722
85.01049092551867
84.16462240775486
83.32717042236911
82.49805122346514
81.67718189843195
80.86448035965306
80.05986533629732
79.26325636619191
78.47457378777592
77.69373873213432
76.92067311511082
76.15529962949955
75.39754173731406
74.6473236621337
73.90457038152573
73.1692076195432
72.44116183929705
71.72036023560256
71.00673072769871
70.30020195204001
69.60070325516014
68.9081646866063
68.22251699194484
67.54369160583477
66.87162064517167
66.20623690229961
65.54747383828982
64.8952655762866
64.24954689492066
63.61025322178558
62.97732062698119
62.3506858167207
61.73028612700098
61.116059517335756
60.50794456455249
59.905880456649065
59.30980698671286
58.719664546900255
58.135394122475475
57.55693728590923
56.9842361910356
56.41723356726806
55.85587271387172
55.30009749429329
54.749852330547796
54.205082197660374
53.665732618163595
53.131749656650086
52.603079914378796
52.079670523934915
51.56146914394314
51.048423953833705
50.54048364866006
50.037597433968415
49.539715020718155
49.0467866202531
48.55876293932245
48.07559517515146
47.597235010560915
47.123634609135905
46.65474661044145
46.1905241252871
45.73092073103736
45.2758904669699
44.825387829679045
44.37936776852566
43.93778568113197
43.50059740892121
43.06775923270192
42.639227868295656
42.214960462208985
41.79491458734763
41.379048238774175
40.96731982950712
40.559688186362465
40.156112545836194
39.756552550027926
0
0
0
0
0
0
