6674.674628489648
6741.139140341724
6824.796682687372
6842.895412385205
6812.124246041046
6814.1423974799545
6690.986310409375
6547.044793892902
6416.078804955175
6297.620562930464
6199.843374662539
6104.948849963668
6004.978652921726
6001.285146192857
6059.632215725205
6088.16219762549
6112.799786846699
6143.129162518985
6139.427345372782
6104.264276241973
6046.759124419839
5944.543368290811
5829.992085808023
5715.767920681853
5603.914895021191
5434.594407897101
5322.727378623715
5472.935807487543
5298.726843045606
5152.969938916802
5036.482767236971
5010.573764607932
4910.2597901642175
4811.202191797987
4758.162447957989
4680.702502306193
4784.597428249277
4885.334674754326
5023.85155475793
5214.261119432956
5276.8856210467675
5286.39960763398
5287.54410686887
5307.370618439286
5397.638716505651
5426.678649530665
5449.170062877215
5471.662711107502
5494.044196615714
5516.241573862031
5538.234546139478
5560.035853491796
5571.8492130456425
5612.438087221149
5648.72848233819
5705.217492093604
5737.464327441835
5769.407215971094
5802.46420082341
5835.783681438043
5878.99949520466
5910.206717020621
5941.522408878241
5972.931917058942
6001.382125087751
6063.662537232785
6126.551212482405
6177.096485816367
6225.303602309119
6270.027730094
6300.389518095996
6328.3465551951585
6361.8851058981945
6393.790149322372
6422.594388924911
6449.8912920042985
6527.849649050276
6628.520379801646
6711.751437973982
6774.412710989195
6865.411820273907
6897.847040926642
6926.107436969625
6943.702654212449
6944.380945859683
6930.826252923048
6914.330626393041
6861.808454856903
6795.127911991966
6720.499159573962
6648.1109973090815
6563.835152683816
6464.261115990929
6319.632039332613
6165.1730982308345
6061.162384323313
5957.395433027636
5860.466434761042
5763.231442056918
5668.511584599515
5551.968737850201
5420.680413033939
5303.20201749941
5227.774873957454
5126.573559750791
5025.661513712155
4919.919481517185
4851.879635948019
4789.609086434166
4739.1048810407165
4691.851139758373
4672.955661054001
4658.021028283627
4666.420900473567
4679.8709416096235
4692.167723443497
4719.6903708665905
4703.802308206687
4689.104248027668
4671.658885589762
4657.215129492057
4644.721543330479
4630.65126792129
4619.189413394682
4612.480304490144
4599.228244414274
4584.094069461711
4572.2894761145835
4560.422224378606
4548.293118686886
4538.378308179251
4563.221772162792
4548.071556923317
4532.446259771468
4521.129900720215
4542.710781958265
4521.437500643067
4497.814807407694
4519.848870941514
4501.630553445486
4485.07913985591
4466.415569273528
4439.149131852366
4408.836961107762
4381.824896344642
4368.571678097867
4363.427838258421
4371.8436444563495
4331.961001140495
4317.173780658606
4302.940739183844
4289.930027931657
4278.1644788485455
4235.745663931687
4194.941942109394
4155.853243993363
4118.498143091793
4100.376220917534
4084.8609517971413
4075.344464635778
4063.975609373645
4052.826974225955
4040.9622962587023
4028.210239658125
4018.3115223944087
4011.1629635629556
4006.1725228207533
4002.8524811254797
4002.54084494845
4011.879555062297
4033.167683479962
4066.664667752951
4089.525932830932
4064.652404982606
4039.6173361606952
4015.556653382104
3990.867228116297
3963.535433601507
3956.9779250387155
3930.4205536571317
3903.509408503808
3876.3005448669373
3849.7760778592938
3825.882162835791
3804.063607998352
3782.9306366518877
3762.975039860644
3745.46158876695
3730.6158335148702
3714.1033966197438
3693.687847342409
3672.718527837036
3646.573905022032
3624.112527472181
3610.466997221031
3595.176869542311
3577.8061822409823
3561.6971942503574
3546.0382622314764
3533.241169758673
3519.472643970539
3505.8247583214325
3492.2364859419267
3478.703775613092
3465.22479111577
3451.799034016276
3438.427403212065
3425.1123220536683
3411.857561611213
3398.667675594228
3383.9871349025284
3370.3960982267445
3354.5614372056116
3337.625469729154
3320.4386466545325
3303.3764686738036
3286.7130895683604
3271.940723031587
3256.317561762232
3237.174042156255
3218.1830400296963
3199.3464139594585
3180.6647652289967
3162.135563638497
3143.749885862872
3121.3180927667313
3099.113963614298
3077.1470383261794
3055.413921346507
3037.744746946386
3016.445972326037
2995.3720547470425
2978.281810791439
2957.630714894685
2937.1996709107025
2918.0514458798257
2901.722677697103
2881.916517813002
2864.1500281611047
2842.8098392139837
2821.635845082141
2804.1313531690653
2783.2514417208336
2762.624138105076
2745.7157128084195
2725.5813432185128
2705.7049707284955
2689.4653131090527
2670.1484982667153
2651.107436793681
2635.375424796852
2616.6080640188493
2598.0951338867208
2582.951999983827
2564.9220644514903
2547.1362548840243
2529.59065484406
2515.257787303012
2498.1674612407037
2481.3097351071365
2467.544366910891
2451.1129658695427
2434.843221208402
2421.4971474279496
2405.604741233876
2389.8945611529894
2377.055109398663
2362.374142689315
2348.538649707526
2334.7209154101856
2323.555582052502
2310.0138005255917
2300.315925976138
2290.8240367506232
2281.406434729419
2269.597907062039
2261.3470470121315
2250.1693361209086
2242.9059045591093
2235.9976618200676
2229.2804005513276
2222.8538187196737
2216.7466062639974
2210.91653258929
2205.4167870883557
2200.335371564644
2195.561722886007
2190.9000247392123
2186.7309174962134
2182.742795125976
2178.866868448942
2175.113238480322
2171.506784058155
2168.035287530835
0
0
0.01947844214504016
0
0.018235520469862692
0.017638654466485562
