5355.398023646782
5333.013439360431
5309.175364113636
5284.898174357874
5209.516874388363
5155.802259124512
5083.272142761044
5008.703040521808
4942.027952308959
4878.539517710541
4838.282603431379
4787.897771466062
4741.6468393070745
4740.625301064749
4776.11203753664
4810.356047262275
4832.019072247605
4866.953160454462
4898.986573485257
4892.204208642253
4861.706769686882
4798.402671309879
4725.969662575248
4644.54939638641
4557.489957197482
4456.204960354093
4374.899421317007
4453.308273389674
4337.987908607122
4270.827947763867
4191.133905361116
4216.241872164568
4145.754234777102
4080.122617697521
4046.1302361403737
3955.54705847302
4024.935031710853
4087.619572320389
4169.166808576233
4340.736208476253
4400.989991744786
4397.955690197652
4385.210280883254
4408.915345731938
4483.462391479673
4504.46653388061
4512.664794132021
4520.7665401682725
4528.7008164520985
4536.422503803174
4543.921522033842
4551.2093047964345
4551.384415284342
4576.721568387754
4598.089425021912
4630.995713646533
4642.2039738473995
4651.305049359472
4659.293783404639
4667.399979722356
4685.141319364101
4687.553713586528
4689.500807298902
4691.062207839701
4688.6868213422185
4724.075968358182
4760.8056247162385
4794.3152499059
4825.636921010749
4850.903090749459
4874.911206757459
4866.756742882576
4862.820846474597
4860.4209445761
4857.22851473532
4853.062520442807
4895.2688084726915
5008.011968507371
5047.413975285952
5071.983068284377
5113.837358497078
5121.487684908647
5122.865278129629
5119.371368068855
5109.063750363935
5093.883477289995
5082.651921997209
5056.83997634481
5024.605080420106
4989.554879387395
4961.301261528836
4923.848574488969
4881.414000924506
4824.218907344862
4757.3559922878785
4729.749570687471
4693.633564047309
4638.765861864017
4585.853658022917
4521.058589852828
4440.404959729284
4345.506267506091
4297.948046530218
4278.465267270262
4234.271015550519
4185.454943938503
4128.855170800502
4101.574308509719
4077.5095640189957
4058.101956737581
4026.545496482267
4009.2734212659498
3991.434407290247
3991.554435740931
3997.5982302552243
4008.7235212587316
4036.0887800698288
4016.852788176809
3997.899485305858
3976.8849986347523
3961.430947576222
3943.78236944612
3925.3056903911406
3907.2319763028745
3890.9354860533317
3869.961744746036
3848.214232328607
3829.060337097481
3809.2382416862997
3788.5635955485673
3769.4717872527135
3784.7778194852176
3759.688033643974
3736.0408556295856
3716.542051481639
3733.436672309183
3708.40107204429
3683.607650520302
3709.4339549777555
3690.4692934390955
3672.384150000915
3653.0429549350156
3629.4123212922964
3606.989662666455
3594.637068123919
3587.471209198283
3588.638871132007
3618.954275845377
3590.0252651356536
3586.218619034348
3581.7437352803495
3573.9353274624227
3569.043294779121
3536.2424043233427
3504.4740826236425
3473.7585819722744
3443.9934903751437
3430.8602365868096
3423.176554486101
3430.3636445007533
3426.16130898011
3421.422312226494
3415.8978025284055
3410.5095699084673
3406.277293612028
3402.229078940578
3397.29349337585
3390.3324426852514
3380.544191634009
3377.100555100247
3377.255619498123
3386.2963071856348
3389.3918786431686
3370.4869081599318
3352.1427225039643
3334.5219109682857
3317.7354752548026
3301.030085967342
3303.33231597061
3280.10389977332
3256.476402938665
3233.0365281467825
3209.788014095945
3187.264735123777
3165.4664742894597
3144.006028564449
3124.4633848116864
3109.104390873694
3095.6763715279053
3083.6081757319357
3071.6821658123645
3059.6503545788382
3041.3737086464967
3023.1121603514657
3007.5985136968134
2991.878508462265
2976.1431442265707
2960.8287566871186
2945.706418573263
2933.149172312067
2921.5196739784237
2908.8847188528753
2893.3259285538675
2877.8091555360543
2862.3319572722794
2846.893732360509
2831.4952097049722
2816.138017384234
2800.8243756382926
2785.5569452566374
2767.087814642265
2751.9254085849325
2736.8159342451186
2718.114984702792
2702.723497600355
2687.4205472334615
2668.748501471259
2651.7454241603054
2634.842676257513
2618.043270038462
2601.3502811131298
2584.766881327918
2568.296467460363
2551.9431230722344
2535.7131140150723
2521.477393621617
2507.375945165445
2493.4078517186094
2479.572945130769
2462.569830963442
2449.0115298080664
2435.593640028697
2419.0411183772508
2405.913906481705
2392.933896421269
2378.5342480475692
2362.612898715047
2350.094874721941
2334.4970707038246
2322.294617187778
2310.253674712687
2295.1468163648287
2283.44605852418
2271.9124986774987
2257.3015389623793
2246.1081105182743
2235.087108082278
2220.971657132298
2210.325689370021
2199.8616582134086
2186.2346100122813
2176.129436477339
2166.2007978393312
2153.0568509735504
2143.477745452484
2134.070086544369
2124.8329920667184
2112.3130600858867
2103.4175314203226
2094.6898687665957
2082.6185492303966
2074.226466200858
2066.0002689874223
2054.356196219526
2046.404805462616
2038.5221023987162
2027.1341657414584
2019.5386054329106
2012.6467381207613
2005.3202090647462
1994.4020245854044
1987.3292316861287
1978.0765369531246
1968.9973731557006
1960.0363809040007
1949.1996767244002
1940.5744754420925
1934.3102719543833
1925.9737370793655
1917.8058759189169
1909.7288137945454
1901.7385249654815
1893.8357843604374
1886.021974833422
1878.295887026934
1870.651925487657
1862.9298505261806
1855.1339876517545
1847.8153235718548
1840.5883682908973
1833.4483334265647
1826.3933011597624
1819.4214028448516
1812.5313878889524
7.135515030727215
7.097598823962656
6.062403323349875
5.500915508838035
9.194024659097556
9.17925569125308
