0
0
0
0
0
0
0
0
0
0
0
0
0
0
0
0
0
0
0
0
0
0
0
0
0
0
0
0
0
0
0
0
-5888518839203272e-30
-3552713678800501e-30
0
43298697960381105e-31
-7105427357601002e-30
-58339344363149e-29
8274037114360394e-32
-9353628982466944e-30
-1590447118345865e-29
-25817948879567718e-31
-9267483428860356e-35
24868995751603507e-30
0
0
0
0
-30258840978068344e-31
8076346148444731e-30
5707870362508799e-30
26231650735285737e-31
0
4168361101846898e-30
13261901586410612e-31
18590972105438544e-31
8076346148444731e-30
-10753036349156565e-30
-24041592040581057e-31
-22265235201594397e-31
5411810889344355e-30
-3613488387064587e-31
-2137705678106709e-30
0
-9687222245557774e-30
0
-3164661975884979e-30
-16936164682566465e-31
-19989278000285646e-31
-12018690597270602e-30
18590972105438544e-31
0
18590972105438544e-31
-16936164682566465e-31
-16936164682566465e-31
0
0
40057708151553147e-30
-10575400665257899e-30
10509955019035188e-30
-25817948879567718e-31
29688687694618975e-30
-24786255380459903e-30
0
6332104385375116e-29
8274037114360394e-32
-21233541701659402e-30
8274037093680878e-32
-15608411710087412e-30
0
0
7518932798703544e-29
-6312144250655939e-30
-1715069652855903e-29
3635454049944105e-30
-141281143440584e-28
0
-9473903143468002e-30
-7570848477653148e-29
-27450790639560278e-30
-16936164682566465e-31
-2526634640596634e-30
-2503265364507382e-31
0
9520162436160717e-30
15926436845924578e-31
-10855514018557081e-31
10819410933062448e-31
15212931018267622e-32
-8054380485565213e-31
0
0
0
0
2220446049250313e-31
0
0
-41359030627651384e-41
-20679515313825692e-40
0
0
-537667398159468e-38
-3308722450212111e-39
4963083675318166e-39
-13234889800848443e-39
13234889800848443e-39
26469779601696886e-39
-19852334701272664e-39
6617444900424221e-38
0
0
3970466940254533e-38
5293955920339377e-38
0
0
-10587911840678754e-38
10587911840678754e-38
-4440892098500626e-31
0
-10587911840678754e-38
10587911840678754e-38
0
0
0
0
0
0
0
0
4440892098500626e-31
0
-4440892098500626e-31
0
0
-26645352591003757e-31
-8881784197001252e-31
-26645352591003757e-31
0
-27755575615628914e-31
0
0
0
0
0
0
5551115123125783e-32
0
8470329472543003e-37
0
0
-13877787807814457e-33
0
-13877787807814457e-33
-13877787807814457e-33
0
-13552527156068805e-36
13552527156068805e-36
-13552527156068805e-36
-13552527156068805e-36
0
0
0
0
0
0
0
0
2220446049250313e-31
0
0
0
0
0
0
0
0
0
0
0
0
0
0
0
0
0
0
0
0
0
0
0
0
0
0
0
0
0
0
0
0
0
0
0
0
0
0
0
0
0
0
0
0
0
0
0
0
0
0
-32381504884900397e-32
-3006854025026466e-31
-14802973661668753e-32
-3284409781182755e-31
13415194880887307e-32
0
-4579669976578771e-31
1915134717478395e-30
0
5134781488891349e-31
-6476300976980079e-31
0
-27940612786399774e-31
15311825881288617e-31
14802973661668753e-32
25858944615227606e-31
-7817820465068811e-31
-24933758761373306e-31
0
22713312712122993e-31
5458596537740353e-31
14802973661668753e-32
-3978299171573478e-31
7817820465068811e-31
0
6291263806209221e-31
-7031412489292658e-31
0
0
0
0
0
0
0
0
0
15265566588595902e-32
0
0
0
0
0
0
0
0
0
0
0
0
0
0
0
0
0
0
0
0
0
0.10640756833239766
0
0.027398466087371405
0.026507217954953866
