2728.714074470527
2773.5318902776135
2809.710498223988
2830.1590469890148
2841.783966126739
2809.4540107852
2760.2754258228506
2697.7566512081667
2642.4874975813987
2579.377871764189
2550.7768441917615
2523.826738749268
2491.0526653764346
2489.4369120936517
2530.449360221821
2571.6005290596527
2599.993782428956
2616.299208227324
2616.0117924469764
2604.104393653804
2580.929918817669
2551.511982329309
2518.2039552915853
2467.917789960978
2429.062229739552
2368.6823673508143
2324.5149573064828
2400.1295581149984
2338.9944788804414
2287.4348794722123
2250.8567597396736
2240.0297742508055
2203.6232945147926
2165.329926990607
2140.0333455514715
2097.777437126711
2150.1019613871777
2199.070381585303
2239.335319326162
2336.206670159915
2367.2316910796903
2381.301489532717
2398.106163095733
2413.7320745957736
2468.6406950030305
2485.7715544061853
2500.7146949182684
2515.6468187398864
2530.504675043997
2545.2463123016314
2559.8592846725915
2573.769965981467
2583.3734009983195
2605.0378627827945
2627.0079404087382
2658.878350177266
2677.7658875681104
2696.463869158309
2715.6778402301015
2734.9798174768794
2758.464762054218
2776.748161827767
2795.092160534933
2813.4414928178053
2823.210869332478
2849.7480703425495
2874.044779240815
2889.4993653289785
2899.3930787309855
2906.664585287275
2907.175802246563
2906.8903213776593
2911.4398071464943
2916.977475084989
2921.954228262686
2926.252696074526
2965.4940149797017
3011.6351359877235
3034.265234791621
3048.7892705649406
3092.589613376682
3094.1550405755816
3103.076105845469
3109.689533541128
3111.4499022741397
3109.515329648451
3112.5945157096635
3101.6287956618694
3086.801667083132
3069.9040501162176
3058.284161351605
3036.5482798292
2997.3434484442373
2947.0454694019513
2881.571298753708
2833.920785639815
2775.610649124433
2730.4332079073
2686.8825383231024
2642.3514012892874
2581.4557878654005
2514.7320891742693
2456.6651438417025
2404.8060633776267
2351.9559143859956
2298.486845276079
2245.674408630751
2205.5662027507683
2169.1692279237836
2135.946056346078
2105.5307995596318
2092.3226441548118
2080.6488321453317
2078.4144404379426
2078.4987766033287
2080.5200668474226
2090.2175017875293
2081.3463142502715
2072.444277296603
2062.286523494021
2053.6925768578917
2046.2743476984424
2037.379567996191
2029.1690635053737
2022.7037828753228
2012.5780140632041
2001.8936652198945
1992.782084514405
1983.2606924764657
1973.5431562151562
1964.7167204919438
1970.6509870317172
1960.2682132712114
1950.8142598120805
1943.1958595180558
1949.2823752368386
1938.4253370884028
1928.0712455428788
1937.4605667633216
1931.1248259057077
1924.994001821728
1917.8717325309588
1908.4674960767939
1899.5748724346472
1892.5485645283957
1891.056590411797
1893.9865328308595
1898.5829864187676
1888.6443382654154
1890.8888545434731
1892.5983756515081
1891.5744774582731
1891.9950023077863
1878.6026669183257
1866.0186281708131
1854.4090741902764
1843.4385682766037
1834.9573611234885
1826.5625331692268
1819.76404728518
1811.2699276204883
1802.6650326415352
1794.1077037709338
1785.6322785156844
1778.4021296679264
1772.5018207286678
1768.4233129152778
1766.3202559556735
1767.3300100802421
1773.708217557798
1787.1864941230108
1806.0871755319
1820.0964289344213
1809.7692633262309
1799.1629357218812
1788.9220501510035
1778.241373225858
1766.2173506176482
1760.7379394767975
1750.2366532829174
1739.5266305631321
1728.6225009467953
1718.0586245197708
1708.3129691326753
1698.3940381588914
1687.8740693034747
1677.4008552465034
1665.5051136973261
1654.1021776722316
1640.5637627544256
1624.6903835066837
1608.5520437649946
1590.2718679637671
1575.6671031621745
1565.9833960824853
1555.7777744301975
1545.4618376587512
1535.8236037906577
1526.4370502760203
1518.3408699061451
1508.5175648611514
1498.776115561234
1489.0837863363881
1479.4383003532505
1469.838488099896
1460.2838384945214
1450.774551190667
1441.3116208671768
1431.8967507789985
1422.5320506568742
1414.7554165992083
1405.4864624528695
1396.2390372078266
1387.8498701958747
1377.8510525860215
1367.9223867226167
1359.5626726365936
1351.3621123551413
1343.2214933985383
1335.1415959905835
1327.1229232792134
1319.1655980290247
1311.2690106471898
1303.4307087249804
1295.644334581177
1286.37334352611
1277.1960784597634
1268.117624161705
1259.1353765858235
1251.6034073962728
1242.797255118274
1234.0802494916823
1226.7785062312098
1218.226925572694
1209.7598225618901
1201.6653367589013
1194.6539787894533
1186.4215395955603
1178.5344119692768
1169.363811135974
1160.2452975640506
1152.398811630419
1143.3647630079715
1134.4278490348966
1126.8031212124286
1118.056271631273
1109.4084340807672
1102.0444705040773
1093.6176223472726
1085.2982610338504
1078.147578619605
1069.9433869534887
1061.8360715681351
1054.9146021309523
1046.9916108872885
1039.1614923900474
1031.4226290807392
1024.8129859371907
1017.2473283118612
1009.7704307674484
1003.3805466448996
996.0646511535123
988.8010816651752
982.5579035417561
975.4439869201359
968.4142706723969
962.4037782073785
955.8846292587016
949.7402334532885
943.6432309155202
938.475418648355
932.4793819540179
927.8719161680034
923.3396549091153
918.8231661419067
913.3860501563637
909.4319234774025
904.5056833980897
901.0337825894385
897.7137091232274
894.4842222329431
891.4027966733535
888.485370898283
885.7073773215368
883.0991346648622
880.7118212702692
878.5195500951254
876.4102792709922
874.4727483677891
872.6175306234201
870.8085391907807
869.0522021064155
867.3632341121844
865.7351447759339
0
0
0.10640756833239766
0
0.027398466087371405
0.026507217954953866
