17.487417736439966
6.845686608183314
7.055055829026969
1.2640566800546367
0.852518237879849
0
0
0
0
0
0
0
0
0
0
0
0
0
0
0
0
0
0
0
0
0
0
0
0
0
14.641932010636083
40.762936892031576
22.55104379779368
0.9257440401561325
4.4601707463443745
0.5768063134892145
0
0
0
4.3755384498945205
0
0
3.840093904364039
32.41859916926478
2.2794183676014654
40.72190957836574
37.009874647221295
33.31914470931224
29.651053336798213
26.00407589090173
22.375346762957633
4.66368110429903
0
0
0
1.1697485358163249
1.1383158786484273
1.107312751453719
1.0691724813659675
0
1.0676633903058246
0.9472576022235444
0.8791038865892915
1.790559257788118
0.7513049887347734
1.672470318939304
1.6123780814377824
0.1599303144030273
1.455088930320926
0.24787089669553097
0.05327083429438062
0
0
0
0
21.99872960569337
1.7334344964910997
0
1.346971052698791
0.8320962276484352
0
1.6406923573813401
0.4712979551695753
0
0
3.9162883549870458
0
0.18803634803043678
0
0
0
4.647408638513298
0
7.74346397408226
9.029571148334071
0
0
3.406427188019734
2.0124479426740436
3.804315120636602
4.344107795317541
138.28073428703647
139.92912794771837
134.7566893496696
139.72449909312127
141.04416695592226
3.31999777717283
0
230.6657438550319
228.3705813552806
119.74437499100168
118.31566906672379
0.9805066894041374
0.1382280700636329
0
10.779658968414878
10.693290349736344
10.053362746009952
9.23290023196023
2.154298736641067
0.9487049301096704
6.920350267842878
8.725575677293818
7.888888386223698
6.820331751732738
6.791212242926122
7.757011442052317
7.293158569562365
6.407029900554335
-10346411727368832e-23
0
6.35290168922802
6.715661024645669
-23317988961935043e-23
0
6.930141665681731
7.808979589492083
0
11.791087533041718
11.954290793131804
11.57454017548298
9.082191555571626
0
0
0
0
0
0
0
0
0
0.3995920806337381
0.5896212320803897
0.532673126886948
0
0
0
0.713685799142695
0.001456437967135571
0.005035533147747628
0.010047449206467718
0.016800667013740167
0
0
0
0
0
0
0
0
0
0
0
0
11.116828576443368
0.394491188970278
0.07382180269632954
2.0204791387950536
2.581505403111805
2.738035741262138
2.570668580781785
2.4182729425810976
2.2268556998023996
2.0470152356137987
2.004626215217286
1.140730609651655
0
1.041352207234013
2.472839135720278
5.036852435601759
6.089582352768048
7.6186149186542025
8.351315240433905
5.043297067139065
9.070627055087243
9.398464618017897
9.709482158330502
10.017606092733331
10.31825284891238
7.0683865593600785
7.947486575198127
8.818130328887491
10.778847803114331
10.483763482203358
11.274227990215877
12.038484398188302
12.777065073532867
13.49057987985725
14.179677369829733
18.479123105717008
14.915139699660358
15.54073784837965
19.773180379721452
16.183029317689943
16.743930130411172
20.908880229573697
17.374408336603665
17.52099855133565
17.659198067165562
17.789303555196966
17.911606532899896
18.026394713684567
18.133957452184404
18.234605765988817
18.255999729022733
18.66709130970412
19.065297757537337
19.45074504688091
23.426256770893815
19.751122992456658
20.10333939890552
24.04208363618818
20.355415999962133
20.677153574637487
24.58179384112009
24.720449610365904
21.021249365861877
24.89580482034944
28.269633160642115
28.653933741152287
25.30776240384148
28.887305404277868
29.228602527655312
25.6653669012303
29.385227194536128
29.698668225391884
25.973878663571668
29.80746399523923
30.099113026430132
26.245586828546948
30.18670753837796
30.461816549577634
26.480915999156423
30.51881243159005
30.775547053097398
31.024949553146143
26.856370751847862
31.04217770577816
31.274788060356514
27.01241539849434
31.268964545830386
31.49811407944071
27.141722237764043
31.465143381152302
31.659783479073667
0
23.50601332518272
23.646302500288584
23.81161497469293
27.488674578955397
23.742819811639492
27.180724319143337
27.07468316561426
26.968192776257638
27.0952480838896
26.60141769234906
23.36362266643846
26.67077530171082
26.58345447733882
26.47731951584865
26.36982431198703
26.260902557565714
26.150747989144293
26.03963390707213
25.9276572180097
25.814803630419192
25.701180389311048
25.587406045393436
25.472910039272392
25.358273436679156
25.243474506773055
23.11594667036843
23.897647508172668
23.992286118183983
0
0
0
0
0
0
