-20.114861079637194
-27.7030144816963
-28.272689956458635
-26.25221472234989
-27.837763149407692
-29.30058506327623
-28.91583936792449
-27.423602284980007
-24.307917673679185
-25.733370974630816
-25.174216058905586
-24.412081320333527
-24.179785607688245
-22.537317233916838
-22.313067180584767
-23.49670593411429
-23.181018417773885
-22.936707705797744
-22.704095718596363
-22.483449869861943
-22.262680290921708
-18.82303849606251
-3.2476490031112917
-1.2489717438729713
-3.9419670079805655
-1.1244427391211502
0
-1.7949139368574833
0
0
-32.28025951718155
-32.6042882821057
-19.298076112987474
-4.276960001341649
-6.80348287175002
0
-6.573782243402093
-11.580249407154042
-2.119952959474176
-18.99362768769788
-2.656182066362817
-2.001760032842867
-18.025854830106255
-12.81214895255107
-1.657913159855525
-1.6667255162610672
-1.6714478587091435
-1.671740553167183
-1.6683239985140972
-1.6624070640827995
-1.6551520943176001
-1.097493015389773
-1.9738675949629396
-0.4259407051868038
-1.332486959247035
-1.4607240881305188
-1.5056634278880665
-1.5518307634920347
-1.1593828978366219
-2.3679298231872963
-149.76210262636596
-148.27194480718754
-146.7966143059748
-147.22843481684686
-2.1980246957973577
-151.4171361833287
-160.43383696791716
-169.35398324558628
-178.2176415584545
-186.95786572688667
-11.56782897868834
-0.6479348228895105
-0.6920284613152035
-0.7356956747244112
-0.7833369952859357
-4.750527250929736
-13.089304485503817
-192.6909452487307
-0.15912557940464467
-5.357912257823045
-9.746387109553325
-1.5966584166453686
-241.83044740474725
-241.281655326311
-240.7139088317781
-0.2892104435741203
-237.73874431991135
-237.17084638121014
-236.55084976786748
-235.90978877632006
-235.87258667762217
-0.42257953803346027
-249.8993257531547
-0.014419623956200667
-0.13612056552665308
-231.9363580718782
-0.2835588646266842
-2.4967728627525503
-1.9107860709918896
-3.3338436111807823
-3.0534036534954794
-17.185276737145614
-20.507242480904097
-1.0814158754219534
-0.4218519192218082
-12.495963202090934
-0.24076802989293355
-2.2045154902589275
-1.8076193226297619
-1.7967515871132491
0
0
-0.864581382193137
-0.8489530411898158
-1.456642162083881
-1.5207568024343345
-2.151912424029433
-2.127196621368057
-2.049009983369615
-2.0638020425540162
-2.4749050892714877
-3.1820417222188553
-2.0014264815981733
-1.9255958920402918
-1.81633530696854
-1.7518128069496015
-1.7728659806016367
-1.711296388428309
-1.6239164023572812
-10346411727368832e-23
-2.890056062300573
-1.4650320652726805
-1.416979321060353
-23317988961935043e-23
-2.5870339453977067
-1.2022314101777738
-1.1879186183359707
-0.5038298582221614
-0.45506820039008744
-1.4315761285979534
-1.3895560125383781
-3.3310884270467795
-3.5844757642335026
-2.095382833533222
-2.48123325999768
-2.0221612348104827
-2.5726625862007495
-1.2146444282116136
-2.1882727989723207
-0.09481945060542785
-0.1321659160166746
-3.6121568118105642
-3.8238217836333206
-3.607783246523468
-8.083369083862635
-8.38573810721573
-9.029533039807575
-0.00014823618403170258
-3.6351706252025906
-2.9565464136685478
-2.9278998997615417
-2.9125853809528053
-72.80863901264092
-71.93999554136826
-71.0653293827636
-69.18102839050698
-69.32399635348702
-65.58330032450613
-1.6923059134132927
-1.722551660714089
-5.16816746792756
-4.1531581094895955
-3.9340312491112854
-3.9396398920944193
-2.7804251110646874
-4.122629960664199
-3.9693290227733087
-4.782718813206884
-58.04568376811221
-4.399180307984352
-1.9957194362650625
-1.9125894823955605
-1.9853588708065217
-2.113745555980131
-1.667106361448532
-2.779839763927157
-1.550826832652092
-1.578734495662502
-3.5255796769051813
-0.0020138180843787268
-0.002590194169897586
-0.001311439336859621
-1.3744206980336457
-0.0023128217144403607
-0.002156507092877291
-0.002066578614176251
-0.0019811203674180433
-0.001931879436597228
-0.001857387280324474
-1.7410272158012958
-0.8141017342422856
-0.7851970643969253
-6.006262397189857
-1.6201766142621636
-1.5870373278157786
-1.5541244827472838
-1.5217291382723488
-1.4900944134860765
-1.45937318362121
-4.092753143282607
-1.3997689978132257
-1.370591261482332
-4.404756076182821
-1.2820684910111595
-1.257661644835025
-4.000461746312794
-1.2698927422316046
-1.2472092502139276
-1.2251108336349716
-1.2035038297908613
-1.1822622351028258
-1.161154149158392
-1.1396157587587368
-1.1163718448660802
-1.0390504097304074
-1.0231098138465313
-1.0094726290844847
-0.9959528644685633
-3.816827040966018
-0.9687665667879628
-0.9550825908954721
-3.784535890619736
-0.9275442726939218
-0.9136591528949793
-3.758971488365205
-3.3334031759295613
-0.8704920129821403
-3.323505178792402
-0.3733322920888895
-0.36643370146339294
-3.7419347009563353
-0.35350205322902184
-0.3474284581898246
-3.7309232595871435
-0.33597352358628996
-0.33057275782630313
-3.7156316649197834
-0.32037357457738835
-0.3155606574873673
-3.6997785864805337
-0.30651372732245363
-0.30226665289956145
-3.6895510262984317
-0.29425400955369696
-0.2904696427140152
-0.28682679796474986
-3.678201355127385
-0.2799517692037625
-0.2767119979398558
-3.67075617100636
-0.2706095417815959
-0.2677492073707981
-3.6733577123231953
-0.2624027053534519
-0.25986750118318014
-0.5385644144116668
-0.576525782700628
-0.5555806828633649
-0.5462979895673925
-3.662072826104122
-0.5514821763063082
-4.690778195508756
-4.690869418947841
-4.686498132185079
-0.25844434433383867
-4.791026576480363
-0.7430914462456712
-4.931888847175287
-4.943128892206005
-4.896205087628914
-4.836995192948962
-4.778907540952787
-4.7320899201440625
-4.682615865487605
-4.624393616060843
-4.566272825730266
-4.523230047416291
-4.499493052600883
-4.499168320035096
-4.490139547226136
-4.479162760035251
-4.464955014598672
-4.452410956233507
-3.2846778842358617
0
0
0
0
0
0
