5945460349763545e-22
5936624886525198e-22
594091694437949e-21
5943319811920834e-22
5947109084586701e-22
5948031661538894e-22
5936398440694847e-22
5945485628892402e-22
5951141247760093e-22
5953206310103909e-22
5947596487503185e-22
5889622463998673e-22
5944212640374981e-22
5949900542874108e-22
5947275264975713e-22
5940304854207952e-22
5949789782263379e-22
5950437771183299e-22
5956887925979353e-22
5954530728962655e-22
5950152891884214e-22
5950957644218991e-22
5930094014255244e-22
5944847934695818e-22
5955167645647619e-22
5943406292582985e-22
5943107702185865e-22
5943867573933361e-22
5948754952029836e-22
5930964706909027e-22
5948482847282314e-22
5950643089679375e-22
5939903101516792e-22
5940507510772342e-22
5948984079031606e-22
5952596759124262e-22
5952572868337055e-22
5960812642484827e-22
5950745221918489e-22
595083081717857e-21
59553589876788e-20
5950619770371249e-22
5950331138849565e-22
5951665159200539e-22
595162845693668e-21
5965482122639609e-22
5895772868605492e-22
5950696651768735e-22
5944280116513971e-22
5953332706339205e-22
5946505046575977e-22
5955426767956716e-22
5953470973535766e-22
5943435428446532e-22
595095742536914e-21
5954311752460231e-22
5952668221120951e-22
5949336147120979e-22
5953016303690053e-22
5956462368800549e-22
5945969051281666e-22
594888426050834e-21
5958578171527182e-22
5954687577208778e-22
5952921655662712e-22
5943553364909258e-22
5951638495561487e-22
5953572694037616e-22
5949967116673369e-22
5954421546612899e-22
5953159482126419e-22
