7715435181210996e-22
7752783547215415e-22
770654180513545e-21
7717659673692514e-22
7713040792033524e-22
7740925900140188e-22
9329692205935154e-22
7714241250144538e-22
7692546197103708e-22
7720456469521338e-22
772284895892371e-21
7818552942098451e-22
7728453269824846e-22
7712232999911499e-22
7706630584957676e-22
7724660194323618e-22
772026196390827e-21
770340205033169e-21
7733321045506821e-22
7814287971700348e-22
771227665401888e-21
7726227045929455e-22
770910334345866e-21
7708511122347389e-22
7721250158037039e-22
774352286692183e-21
9374849816903859e-22
7669493950971456e-22
7748860532121394e-22
7688393503501695e-22
7726382014840215e-22
7711504348088777e-22
7708983082094464e-22
7732014760710556e-22
7779759394822024e-22
7707321120163508e-22
7808500480548086e-22
7806824129850075e-22
779508184345809e-21
7812017468482593e-22
9561375616993375e-22
7801680184840162e-22
7804830108214915e-22
7800302771021065e-22
780779715690676e-21
7819685111783577e-22
777759426650462e-21
7807151678559145e-22
7801395144922516e-22
7794727066620396e-22
7802095025430967e-22
7799994096671691e-22
7803401167248513e-22
7736506571755212e-22
7802551100752021e-22
7798135997305906e-22
9571751540914518e-22
7795360126013769e-22
7802472296952788e-22
7804481177290539e-22
7795899983602995e-22
7809740761301742e-22
7749905583846456e-22
7784816069000721e-22
7806563472390771e-22
9541900184067091e-22
7806759713215427e-22
7799788056184326e-22
7808587982778185e-22
7802708402465456e-22
7803987951662529e-22
