122.36588722234234
121.32770939812723
119.86749741324313
118.45422776594364
117.47388416467952
116.52993031986604
115.59090172631718
114.64721203989325
113.73563841872621
112.85910729463062
112.01912390775638
111.21692368283182
110.45672049744257
109.73395432450414
109.05294703908856
108.43236011082645
107.83963485419338
106.85597726546607
105.82791803598147
104.79909021560975
103.77025824544094
102.74218041879097
101.71559392078164
100.69120438138455
99.66967887977205
98.65164143255289
97.63767045815803
96.62829769160126
95.62400821975467
94.62524129679629
93.63239231276161
92.64581437444187
91.66582016901657
90.69268993651619
89.72666647027218
88.7679552993285
87.81673515827846
86.87315835440978
85.93735281577241
85.00942405850142
84.08945732066918
83.17751956915288
82.27366141250185
81.37791870006343
80.49031230787787
79.61086681062581
78.73957701146622
77.87643241337261
77.02141448891248
76.17449910751992
75.33565772285988
74.50485767741037
73.68206246751136
72.86723212845084
72.06032370394415
71.26129173642819
70.47008873907133
69.68666563891773
68.91097218292448
68.1429573345581
67.38256967460012
66.62975567720576
65.88445494854123
65.14662172184059
64.41622007732117
63.69319522575629
62.97748591306226
62.269035888377886
61.71883134402997
61.190450317560405
60.66876643775922
60.153712500912874
59.645226865499865
59.14324102571326
58.64768131051532
58.15847675735812
57.675576449859534
57.198939831698034
56.72844367348033
56.26394738692673
55.805363430266944
55.35262060677654
54.905642493622985
54.46434687017302
54.02865067919022
53.598467973168894
53.17372331679148
52.754347685943394
52.34027214912318
51.931424041573244
51.52773146729902
51.12913191418746
50.735574003490406
50.198714318192266
49.81575387033523
49.437672702772815
49.06442986393512
48.696062040277745
48.33261198774448
47.97410677348774
47.620541208434645
47.27191890620722
46.92827086444082
41.176600156097734
40.86501983027507
48.5898009538719
48.20705449210046
56.06408574180526
62.8764604503895
62.354749914709515
61.83919091981318
62.350810092324195
61.83707500976438
61.329312522504765
60.82744289370168
60.33135159341741
59.84093573662018
59.35610563719291
58.876789199483156
58.40292387357846
57.934442549367596
57.47129333440158
57.013411945662696
56.56073179560104
56.11319489648611
55.67078310913353
55.233408759607116
54.80097120479298
54.37338930290201
53.950597885611074
53.53251551053373
53.11907124765321
52.710201417812875
52.3058387184965
51.90591268981978
51.51035637138304
51.11909471313277
50.73202508497538
50.34907929851339
49.970210943216955
49.5953695241073
49.224505176694194
48.857589757307764
48.49456749118778
48.13538797619768
47.77998725348637
47.428296429777596
47.080237190266416
46.73574598233202
46.39474820372264
46.057179722583285
45.722996984378305
45.39213143728149
45.06452602213285
44.74016646602698
44.41903856279116
44.10116567789296
43.786535717637726
43.475122362619814
43.16689487438572
42.85892766536186
42.55446789484244
42.25311518322446
41.95524849569135
41.660109948760976
41.367757778745975
41.078238692440806
40.79154019999085
40.507627619831496
40.22650838182358
39.9481598370387
39.67262200340523
39.39990566618339
39.13001861959476
38.86283843908457
38.59829798957405
38.33637773428278
38.077058578476205
37.82033252057827
37.566196147137596
37.3146768394812
37.065728696307495
36.819378711848486
36.57566442051892
36.3346032551948
36.09619798735804
35.86043634846515
35.627301618304855
35.39678065463721
35.16887473577382
34.94358340405593
34.720902966435844
34.500823956099666
34.28333090279906
34.06840351082464
33.856015416232296
33.64613856802679
33.4387421557601
33.233793470409644
33.0312651919245
32.83114202479851
32.63341654958484
32.4380782414797
32.24510844401511
32.05448226106007
31.866172478200017
31.68015303688121
31.49640075446189
31.31489470260328
31.135614439994015
32.823885837496015
32.63043469924053
32.439334124095055
34.15341373465893
33.94802600179077
33.74512325220064
35.26356066468939
35.04845772250409
34.835937604385514
34.62596825237499
34.41851209856133
34.21351978220506
34.01090911215072
33.810502955190955
33.612141966357306
33.416038825959106
33.22228679667104
33.03086750333129
32.84175267316038
34.09005612724065
33.8911837588264
33.6946712334528
34.88033772224855
34.674723030201
34.47151122086684
34.270666905116656
35.383235101812474
35.17395272754768
36.245576187310725
36.028097754726154
35.81272484796797
36.830335119009796
36.60731670910904
36.38677905857602
37.35299405920973
37.12549050495136
36.900369905708004
37.81602134967156
37.584128500448955
37.35464648648645
38.21948717633343
37.98385534654129
37.75067764140354
38.5691272179119
38.330339097540254
38.094015590710164
37.86011717509966
38.62410310731263
38.38503618936819
38.148377868604655
38.87062533299574
38.62894501795375
38.38950546839878
39.070875353880076
38.82717969347873
38.58597169795409
39.228518368788926
38.98320665295192
38.740180158907364
38.499540440895125
39.09878975206809
38.85459895335925
38.61281928925421
38.37340210852619
38.13629387380183
37.9014285409251
37.668714942829695
37.438018238648745
37.209235469579205
36.982305604026024
36.75699910878148
36.53318622776665
36.31088885111637
36.08998797555292
35.87033451056535
35.65189227167057
35.43486601846451
35.2193961181378
35.005555053186704
34.793318517681094
34.5826581256775
34.373522861263794
34.165920148678644
33.9599326553336
0
0
0
0
0
0
