0.19762623861395961
0.4663918555573231
0.6351983727042996
0.7617870914761091
0.9500316967098227
1.2294452915076182
1.5395021372482611
1.836634371835813
2.163060262625258
2.521489230901209
2.9145579631901737
3.34474397873952
3.818750697114516
4.330486769815199
4.886584830049911
5.514312892077295
6.166901621875169
6.871136112023635
6.922717196925473
6.934866717301065
6.923352056641316
6.889825178839011
6.8358559997999855
6.762930041817178
6.67244996925109
6.565741337241605
6.444062483894227
6.308617138933016
6.160566686731826
6.001041961448377
5.831138412646416
5.651916788005343
5.464395539752409
5.2695547880947124
5.068310037030917
4.8615034657928735
4.649922993705467
4.4342980397880165
4.215301278509166
3.9935508599018927
3.769613470833007
3.544007898767893
3.31720912342395
3.092644379216671
2.8704497666202577
2.650732857858216
2.433590589242769
2.219112869043844
2.0073817666163833
1.7984716597512076
1.592449499410293
1.3893752114347901
1.2070312943747687
0.992277684535015
0.7983432606503058
0.6075349720241192
0.4198836671564514
0.2354152176107931
0.1894913437587995
0.1905690179903523
0.1915599924683029
0.1924692048640857
0.1933018729226177
0.19406390063644352
0.19476040387682403
0.19539903471592268
0.19598437242577305
0.19650971694922603
0.19696893273524196
0.197370568995602
0.19772439957934296
0.19803814387940477
0.19832736452286426
0.1985991969563159
0.19885366825240425
0.19909139249552482
0.3984043322601255
0.597918758787177
0.4128661125772197
0.19984336870212835
0.39981527109799453
0.20007767443307167
0.40024094439836766
0.6004667324639428
0.8007312398303696
1.0010213987411305
0.20027509422532302
0.4004350808064352
0.5971779795615695
0.7820794937346776
0.1833394894632361
0.3655915565641372
0.18153035216259283
0.18093626232311036
0.361430062055365
0.5415150535565436
0.17970814352802164
0.35910192764022
0.538230663833156
0.7169775859900733
0.8954543588811931
1.0736456794640774
1.251506531461274
0.1775332402512877
0.17689565416844033
0.1762803861368223
0.1758335893626151
0.1753952593074144
0.1752886843115462
0.17564543029516333
0.17593023323000456
0.17621883444695402
0.17662568389111244
0.1767452859405121
0.17656054443229732
0.3526571884374229
0.5282075345793674
0.7030412986219216
0.8770130624648381
1.049657537660691
1.2212076548832855
1.3915077418908748
1.5604438072226914
1.7279231912755133
1.8939211022497444
2.058417942897054
2.22129499141242
2.382512002518188
2.541968604934001
2.69972124063978
2.8557796341289516
3.0101910664511404
3.162824261869791
3.313616732420641
3.4630191450264998
3.6107676289495565
3.756308393931036
3.9002461278682263
4.042750870619223
4.183861023270283
4.323267154959417
4.4605773344992965
4.5965762630270985
4.731092062861614
4.864188396516018
3.1456891534560993
0.13044782970136187
0.1290142284803629
0.25656847448611947
0.1261981326222248
0.12476826085479331
0.12346175577821938
0.1220012926335734
0.12082960095576567
0.11963442386267786
0.11847347585560541
0.11714064904951016
0.115783494498783
0.11425303268739165
0.11290513962697801
0.11144620256366622
0.11009288312563825
0.10864389014396991
0.10727601728673353
0.1061476343226273
0.10501820629010616
0.10398102967510514
0.10305711291381137
0.1018801194122112
0.10074341117197427
0.09967191121046959
0.09866552934876349
0.09758276006306055
0.09665785561686047
0.09568444148483879
0.09470034184643872
0.09370941373463815
0.09272235843400045
0.09184362265967749
0.09093680901251956
0.18109446999175832
0.2705198687607077
0.35929718987258225
0.44750156501536786
0.5351949861574892
0.6224277504960212
0.7092626107438472
0.7957111614839979
0.33355685895685516
0.4192671395417378
0.504677238151733
0.5898257310988276
0.0849176133964627
0.08471047677170288
0.08451935474233846
0.08433510680974493
0.08415507722447152
0.08397534183072757
0.08379356991088545
0.08361763751634044
0.08346393833816426
0.0833417091910254
0.08324404101728292
0.0831573084624049
0.08307126082368751
0.08298169647602699
0.08288957016789493
0.08279834408655612
0.0827105630573996
0.08262622504435066
0.0825441817869401
0.08246445870993434
0.08238898488972585
0.08232035582789035
0.08225992013439579
0.08220684237840856
0.08215838886954771
0.08211073616838839
0.08205941067804183
0.08199886005785925
0.08192056036319524
0.0818067184739315
0.08160865327379768
0.08118643180865705
0.0805609234001644
0.08027118063242278
0.08015023871105652
0.08003778844181678
0.07991926419610154
0.0797935465994545
0.07966021745606247
0.07951885859200153
0.0793689088472924
0.07920932091705524
0.079038247355545
0.07885232129837645
0.07864514665609505
0.07840292590483049
0.07808970087612223
0.07759866047190508
0.0768336068735313
0.0762762924869784
0.07596564941844328
0.07567316228884624
0.07536006399595846
0.07500177972958724
0.07451922083166673
0.07389199187293462
0.07337977486803401
0.07290432106268435
0.07240789479211082
0.07193680165119697
0.07149868961943409
0.07106639976164539
0.07062343983476871
0.07016352557747607
0.06968447094082625
0.06918750294792042
0.0686754585900495
0.06814250029652205
0.0675401837097851
0.0667242868537972
0.06591904178632264
0.06543368985259528
0.06500259965263244
0.0645403395403049
0.06399492593096223
0.06328504035728733
0.06251467932297539
0.06192826880353627
0.061414303716826435
0.06088959402827143
0.06034025757390049
0.059760956282895794
0.05914444013908682
0.11760758412411473
0.17528895147964582
0.05673350892482221
0.05565909105015232
0.11018329075119646
0.16327704656644562
0.2147875765783509
0.2647756516415012
0.3130954920131472
0.35955741003039837
0.40413828546942376
0.4471696564463146
0.48889168563648605
0.5294428437707457
0.5688179594682283
0.6070046093424999
0.6439570237876189
0.6797134523115844
0.7144232262935393
0.033728180108144254
0.03276516222603838
0.0318169058035922
0.030864440536926968
0.029911175133820814
0.029007336825808555
