4.061193065438181
4.985187314135602
5.762187207415037
5.943836755869347
6.01011352074522
6.0916692577009695
6.279597051969538
6.62908346959188
7.082725985626803
7.592957224772835
8.126657933358334
8.662248295832592
9.185950312144728
9.687845803208994
10.148957745676835
10.569413696270319
10.949857102200212
11.2912960371639
11.674684225929731
12.139985830052112
12.577368035473382
12.988062947253455
13.37337238767208
13.705864655175208
14.002170675936158
14.27314803071662
14.520075534552547
14.744291633588027
14.947163162946477
15.130054477587262
15.29429945486439
15.441181921452165
15.57192084029033
15.687660956176494
15.789463621492793
15.878311481877176
15.955118377686377
16.020730407151305
16.075927563435453
16.121426395136094
16.15788492198975
16.185908991472843
16.206058463923863
16.218850704824902
16.224760680794837
16.224276412144533
16.21777936922026
16.20565380669406
16.1882587145692
16.16593019898272
16.138984071946915
16.10771780703443
16.07241222309255
16.033333258989384
15.990734197083174
15.944858774157835
15.89594603603661
15.844239138343728
15.790004833884728
15.733589100493637
15.675612888873696
15.61731612283865
15.55962153559032
15.50245558435847
15.445509752335376
15.387994842300973
15.329486117100345
15.270528482640236
15.211417323391757
15.151933526378246
15.092078490425404
15.031626487648126
14.970233925957336
14.908147699225792
14.84580369811188
14.782690026378004
13.082807624549421
0.046985901706687795
0.09213628277534386
0.04340632302408227
0.08525850251629291
0.04078911389214784
0.0403715366515738
0.040372651248109515
0.04083880438625854
0.0416874978022761
0.08405380933666742
0.0425374530711395
0.04244562842604232
0.04193408585157302
0.040728225237343575
0.03897738322037995
0.0759207230853301
0.034869241281946614
0.033005555227152934
0.06429044627779817
0.029768779172827393
0.05894467420402068
0.08955303687492544
0.12295492970001878
0.15427819102079499
0.18247818027904136
0.2077152939458349
0.22973819220110514
0.24786138969924423
0.2622922970981225
0.2738267479892107
0.2833353357434928
0.29136402612422024
0.2984810071813654
0.305667424472825
0.3133794868407167
0.3218298966591115
0.3311986063279435
0.3415750448371081
0.35301055864264297
0.3655449369634459
0.379153636186491
0.39375270072228596
0.4093220836578297
0.4259021996233596
0.44337580110643976
0.46169852010806733
0.4808551960884775
0.5008485563962674
0.5218067618377387
0.5437520779679935
0.5665722548286295
0.5902028605346377
0.6146406762907712
0.6399815642177888
0.6661735491235546
0.6932697890700074
0.721247315972084
0.7499951850363447
0.7794104763515076
0.8095974540737432
0.8407971005965293
0.8727743909245634
0.9054036307499834
0.9386186608719683
0.9724289899768419
1.0069301107184865
1.042045013716674
1.0777102296034275
1.1139426755991093
1.1506872629492473
1.187879675657544
1.2254918186043993
1.263625560946718
1.302395542320479
1.341889786537431
1.3819534696242708
1.422636235159013
1.46400538651139
1.5058595760532019
1.5480349262945234
1.590396244229904
1.6328824232884254
1.6755358803026943
1.7182983187726921
1.7611040487995289
1.8039588004756093
1.8469006837061963
1.8899921847961225
1.9332623564034424
1.976756254735501
2.0205428452485816
2.064635828916422
2.109023556193058
2.1536344935812135
2.198508507703423
2.2436349829640587
2.2889220246449216
2.334299049434793
2.3797716057795877
2.425352925512388
2.471107541701341
2.5170497781246923
2.5631352109645826
2.60943403154544
2.6560991867821233
2.703005899865861
2.7500773401223984
2.797340709948095
2.8448222039995
2.8925283305261216
2.9404326692753715
2.9885165458458394
3.0368486294003447
3.0854782937420837
3.1344426197586377
3.1837610641376215
3.233435080045306
3.2834612526958704
3.333833224620004
3.3845365050970706
3.4355528106271347
3.4868641461388417
3.538460437013906
3.5903461379391732
3.642533831296415
3.6950304847406135
3.7478318487464084
3.8009253826767804
3.854295341395945
3.907926980336844
3.9618084451992854
4.015929807103775
4.070280867949623
4.124850317845408
4.179626952110578
4.234601528732889
4.289767545518967
4.345120324021729
4.400655214148551
4.456365973502666
4.5122438072457065
4.568276801914643
4.624449061415709
4.680738376408552
4.737108889812231
4.793486420984782
4.849685811277547
4.9055527574247915
4.961382107742068
5.01730955647945
5.073331747572665
5.1294333430582455
5.185598562582912
5.241811737856452
5.298057298051774
5.354319657617589
5.410582828795633
5.466829767774028
5.523041101963443
5.579192565005728
5.635248724708538
5.691144240453588
5.74672399921308
5.801752318587749
5.856401598299054
5.910876922407937
5.96519019183289
6.019321001079664
6.073228981425854
6.126808876304411
6.1799422367781585
6.232729866420742
6.285202781572398
6.337342842160033
6.3891709710805396
6.440713883953117
6.491974891653963
6.54294325527181
6.5936028809292715
6.643935706864248
6.693924476656837
6.74355399196926
6.792803659111213
6.8416111075385135
6.889789914688912
6.9373413645813224
6.984532197513444
7.031407225849545
7.077939246374577
7.1240569373845375
7.169619819524312
7.214575065314753
7.25907714189714
7.303186729675078
7.346894173955359
7.3901779619540555
7.433011827306292
7.475360099497934
7.517162764125535
7.558333805304783
7.598730642653523
7.638243561302466
7.676822847255372
7.7142262823614915
7.75033482800894
7.785205437717722
7.818719358931607
7.850726178660333
7.881224831945369
7.91051454775157
7.938810949158534
7.96623481410642
7.992781484757697
8.01843960755344
8.0431696548235
8.067003150857648
8.090065485448724
0
0
0
0
0
0
