0.03212588748766127
0.026813610750441183
0.024165387505324806
0.02134027608107214
0.015740023553381357
0.012522179471245268
0.011779626353623939
0.011779530224499525
0.011782339317706954
0.011644995205747155
0.0113781121717856
0.011019934089325409
0.010606847121614256
0.010166961426636176
0.009720250239587792
0.009280334662591865
0.008856270094360753
0.00845391862753786
0.008076903373126991
0.007727250811297005
0.007405827142490138
0.007112644437312632
0.006847083674115733
0.006608067392975783
0.006394189898404099
0.0062038226234011834
0.0060351953878360716
0.0058864625154327515
0.005755756689613318
0.005641243744141594
0.005541130401708215
0.005453720101983923
0.0053775146668316115
0.005310774224451562
0.005251883246140367
0.00519965220618553
0.005152893840936695
0.005110505618740231
0.0050714745719012315
0.005034888188346385
0.004999932372770941
0.004965891112624416
0.004932146580253571
0.004898205216487106
0.004863951131982446
0.004828080842717636
0.004790408653527262
0.004750667403290936
0.004708719289463975
0.004664477951621393
0.00461786584029511
0.004568816496429583
0.004517283982913906
0.004463249122448825
0.004406721566346188
0.0043477392041098755
0.004286365950694698
0.004222687536271764
0.004156804145822374
0.00408881407485653
0.004018778205799261
0.003946885791841461
0.0038741339925010524
0.003800745117220493
0.003725790601381994
0.003649226045548342
0.0035714884047028444
0.003492748270018787
0
0
0
0
0
0
0
0
8055712128058202e-20
0.008277491529572576
0.004148977131346328
0.008553710976164848
0.004722395864081357
0.008737212927822929
0.00874609492087307
0.008715775246736055
0.008642106457093773
0.008532654473534447
0.004647902990302785
0.008387866748928807
0.008361003644660506
0.008371446723926495
0.00844436475225101
0.008566583525076495
0.005171541017918127
0.008868015259084167
0.009003563055479372
0.0061277989093732246
0.009237225391535058
0.006558905952915667
0.0037532090090941555
0.0006966725769043097
0
0
0
0.0010799539747832457
0
0
0
0
0
0.000696174992357307
0.0006847584750302467
0.0006675428495372974
0.0006491325396218474
0.0006352150451804985
0.0006223447441366972
0.0006071630243165184
0.0005912910158067975
0.0005753907986383346
0.0005597077559327294
0.0005442435856184462
0.0005289972259170439
0.0005144653336963723
0.0005005108988642748
0.0004871288831243032
0.00047458473276918323
0.00046247649097109
0.00044899471683069065
0.00043658525006984734
0.000424566663682628
0.00041201073663788316
0.00040266626795127205
0.000394042759305217
0.00038470432591753247
0.00037414539514224996
0.000363792619628716
0.00035517476633329303
0.00034674353310171647
0.000338433660797003
0
0
0
0
0
0
0
0
0
0
0
0
0
0
0
0
0
0
0
0
0
0
0
0
0
0
0
0
0
0
0
0
0
0
0
0
0
0
0
0
0
0
0
0
0
0
0
0
0
0
0
0
0
0
0
0
0
0
0
0
0
0
0
0
0
0
0
0
0
0
0
0
0
0
0
0
0
0
0
0
0
0
0
0
0
0
0
0
0
0
0
0
0
0
0
0
0
0
0
0
0
0
0
0
0
0
0
0
0
0
0
0
0
0
0
0
0
0
0
0
0
0
0
0
0
0
0
0
0
0
0
0
0
0
0
0
0
0
0
0
0
0
0
0
0
0
0
0
0
0
0
0
0
0
0
0
0.001685558825341091
0.0016332198632843656
0.0015820072794870547
0.001532182717482039
0.0014840159007756953
0.0014377186738932792
