0.03628300745817379
0.05086082191699549
0.06653733053797767
0.08064303765187399
0.09648556368973707
0.11745660280991384
0.14016588877148273
0.1618282171910369
0.185803038994795
0.21228498074721108
0.24146430690363951
0.2735288086238149
0.308995236396722
0.34739706545811805
0.38924639239055364
0.43664213137150554
0.4859873851478478
0.4907669115962394
0.48949919178817225
0.4870457027603933
0.4835034697423189
0.47896786909541245
0.4735311901928349
0.46728164840041014
0.4603027390739812
0.45267284269440455
0.444465025458457
0.43574698587039706
0.4265811135636103
0.4170246357323479
0.4071298446238641
0.3969443300371005
0.38651128906346216
0.3758699728353839
0.36505549804284226
0.35409916983673356
0.3430292223689632
0.3318709430125231
0.3206469057031877
0.30937720135990227
0.2980796738685825
0.2867701436520905
0.27546262122274867
0.2641695118471084
0.2529018460494241
0.2416697898906342
0.23048123231895273
0.2193433058175876
0.20826229472806448
0.19724382787880443
0.1862929687229628
0.17541425229163782
0.1646117248982995
0.1538889939788224
0.14324928313139595
0.13269548680190316
0.12223022130748704
0.11185587064744788
0.10157462503316715
0.09138850937748731
0.08129939306477203
0.07130896493790871
0.061418884538279865
0.05163158842629819
0.041949383766833055
0.032373293377033194
0.022904031918504028
0.013542533118474205
0.01269439329861873
0.012685427844487033
0.012674471390772008
0.012661611884475552
0.012646932347817537
0.01263050426951461
0.012612397089008406
0.01259270078518506
0.0125715190707953
0.012548937250382575
0.012525002949306885
0.012499740453101621
0.012473168931219095
0.012445314301856568
0.012416234727581802
0.012386016380402579
0.012354725148773843
0.012322427112125204
0.01228915849565639
0.012254908048325327
0.01221969724904819
0.01218363645790788
0.012146930794029722
0.0121099821107676
0.012073425045877427
0.012037946395826794
0.012004068187240752
0.011972385045738715
0.011943478154721387
0.011917512809846839
0.011894394290653034
0.01187439356983531
0.011857873653906687
0.011844486576298429
0.011833236489377357
0.011822381693506183
0.011810355275276843
0.011796211685648199
0.011779460953687664
0.011759881942822657
0.011737319832443015
0.01171165453472486
0.011682849243803584
0.01165095213294178
0.011616044209229553
0.011577986411507962
0.011536699188148874
0.011492386508043715
0.01144519563208503
0.011395320410600979
0.011343113525217807
0.011288926048913859
0.011232346013748106
0.011173977885641978
0.011114653291966961
0.011054677198086416
0.010994189507883273
0.010933163416801036
0.010871388298009857
0.010808891415522288
0.010745643259476778
0.010681531131279976
0.010616344377231858
0.010549800233176221
0.010481733535632953
0.010411892745864135
0.010340283954434263
0.01026690384693003
0.010191264125145027
0.010110998586503387
0.010027055744744011
0.009942324906116698
0.009857789831062967
0.00977365043756568
0.009689731915263504
0.009605297582247058
0.009520213638731534
0.00943440469728974
0.009347338506619774
0.00925841254655941
0.009167392057089933
0.009074815852876455
0.008980351039725502
0.008884681027410128
0.008788695504823023
0.008692565212330475
0.008596496574994261
0.00850146568953241
0.008408738094298545
0.008317425172222464
0.008225446065912224
0.008130812560676662
0.008033024464024891
0.007934541168483696
0.007838999792296457
0.007749461726529865
0.007666079973878478
0.00758541801063605
0.00750839308272243
0.0074346007650525365
0.007361858240984347
0.007289255631619242
0.007216710516932948
0.007144383950687803
0.0070719438884328445
0.006999266398726573
0.0069247525372868116
0.006850251836431821
0.006780073414133772
0.0067155759605471484
0.0066568173816592465
0.006602546334094967
0.006551442757297263
0.006502359667702798
0.006454441050283272
0.006408276132147107
0.006364299912727304
0.006322551596957261
0.006282858988934301
0.006245024579907407
0.006209169523972703
0.006175698150431485
0.006144877227155431
0.006116522665145984
0.006090120116876768
0.0060651060541191855
0.006040942995023242
0.006017052111116628
0.005992960310791791
0.005968310492682197
0.005942958920765798
0.0059175281611836055
0.00589333391337216
0.005871193499358888
0.005850695387554773
0.005830885766735369
0.005811040248821638
0.005790880806576933
0.005770516492011036
0.0057502427663020435
0.005730280403968062
0.0057106516961100045
0.00569128872446519
0.005672209691996711
0.005653571608647118
0.005635573619402676
0.005618311462647275
0.00560171034858641
0.005585551623465263
0.005569538180490154
0.005553329310726057
0.005536508777399451
0.005518441681776055
0.005497799009953471
0.005470924751580637
0.005427294482059076
0.005368953314199832
0.005337164848712153
0.0053185014805653885
0.005300496716860784
0.005282014201143928
0.0052629570500114286
0.005243282680884161
0.005222951407752438
0.005201918745364663
0.005180110908864836
0.005157399918964679
0.005133546208132754
0.0051080813121599684
0.0050799772634797
0.005046536811035412
0.004999736722057628
0.004932637226348267
0.004882338634137191
0.004851096079349487
0.0048210504341287316
0.004789202541805721
0.004753683961326848
0.004708474526931424
0.004652127733631429
0.004604557066089493
0.004559530366759689
0.004512526812941789
0.004467227863132186
0.004424477328737732
0.004382375148492119
0.004339744003142843
0.0042961482217516896
0.004251451026888305
0.004205768412235401
0.0041593337506032925
0.00411172122977247
0.004059288823591776
0.0039912457892737115
0.0039251912187045135
0.0038843919681508157
0.003848022741591979
0.0038095225395360414
0.003765009212252151
0.0037084809768488003
0.0036482120613960576
0.003602749239724191
0.003563141747074663
0.0035229131916603745
0.003481007787378689
0.0034370456724438264
0.003390394859666473
0.003339553005874189
0.0032815196012350623
0.003211013100708889
0.003131180514567141
0.0030474323679460704
0.0029422513680099536
0.0028272354479035636
0.002718849588828958
0.0026012332644455897
0.002471223956138764
0.0023416836704686405
0.00223936673934901
0.0021566806821887627
0.0020853375272203343
0.0020142551066186414
0.0019428942776136733
0.0018686817163597513
0.0017980654289990923
0.0017392817115643906
0.001685558825341091
0.0016332198632843656
0.0015820072794870547
0.001532182717482039
0.0014840159007756953
0.0014377186738932792
