2518.584218457056
2519.905509981981
2538.796888174696
2541.973565352516
2513.9276331992237
2512.374980052114
2465.994176936833
2417.2606509748207
2376.72612648966
2341.974404683753
2303.781456142609
2266.5911752749594
2222.384931541738
2205.553607823635
2216.0709886695295
2227.4803191864694
2235.4474804406523
2234.875226826657
2225.635483985098
2205.3317130889386
2177.0509422421956
2145.3747138918116
2108.1649187407684
2069.186552779941
2030.4301566139382
1979.082613731543
1936.8730332010261
1990.3135150690243
1917.247502085718
1876.669737195865
1844.4803561130766
1851.0945081015518
1820.3364823740872
1789.7255644722768
1776.335163736338
1740.4522669101036
1775.6185690912002
1813.3555242622483
1863.7764541393963
1949.9839531556513
1976.0767400112404
1979.3579836371096
1981.2698995831427
1988.517703613044
2031.685598406983
2048.951689906392
2057.9793071528075
2066.9671511508936
2075.8838311863965
2084.709243586813
2093.439302135813
2102.0799239433272
2106.057905710901
2120.343025728665
2132.7597436590245
2152.869908412856
2159.1665184903254
2165.2634312309247
2171.86464087632
2178.5598298715754
2189.2814431603306
2194.982750027807
2200.3629428053223
2205.4777990733646
2208.035418454126
2227.844433060825
2247.6159891775123
2259.89370623505
2269.640574578161
2277.8545803007833
2279.934062601951
2282.593903341872
2287.181976130298
2292.7317678020195
2297.8344526207334
2302.3987009407087
2330.791280901893
2375.1292992452127
2400.7343431447694
2418.626273231664
2451.279571154389
2456.0385747925966
2463.9162820147885
2467.994179558718
2467.107384544699
2462.551464516992
2460.0756010906302
2445.4315354630653
2427.3175145189607
2407.142378271105
2390.883964229342
2368.8771790932647
2337.2323224516854
2297.384129342752
2257.723262628249
2246.298248128742
2221.734341137715
2208.1715734331447
2194.584719349681
2175.3496095300643
2135.7327380272895
2086.1071503715116
2045.7737088021477
2022.44968876487
1985.8998420142843
1951.3057665336378
1915.4648462885161
1893.1489780470154
1873.4530543358353
1857.7065509556605
1839.3461726375667
1831.9067655585516
1825.1177775068493
1826.0673973260991
1829.080756579161
1834.8982795051984
1847.5962640121409
1841.703702316358
1835.8396457386702
1828.762226987542
1823.003371667326
1817.6026867959365
1811.4861067877985
1806.0766974264927
1802.1068194412178
1795.0733905360494
1787.4908048180685
1781.2984429258754
1774.0857280782884
1766.0039566337853
1758.4044290702054
1765.049654642832
1755.6933973393975
1747.078267711037
1740.4257100490772
1747.3788680664188
1737.7325112523233
1727.9255039338634
1737.080336814623
1730.3450150942253
1724.0871800321456
1716.9038694487679
1707.0820305411783
1696.7663250955907
1687.80462151762
1685.625347365807
1687.1419195455844
1691.7277151608648
1678.4601248152524
1677.6714884476962
1676.7972499920024
1674.5500829461369
1673.3159903239402
1658.3717127304965
1644.0796496383336
1630.5092690119195
1617.5257923811662
1611.485020990895
1607.9954539621854
1608.500550942854
1606.6195062002912
1604.6807862633138
1601.6618411159175
1596.4307610888934
1592.0586369550674
1588.1857375465488
1584.7314510875099
1581.1406560330004
1578.0500171553883
1577.6803078047749
1580.7499309217055
1588.0204512760772
1592.1142786443918
1582.3933673354463
1572.570686012603
1562.8212363938328
1552.9775752392493
1542.3915170227704
1540.7149912329833
1529.5393938768311
1518.123081958869
1506.6945544690625
1495.386000515936
1484.696943071549
1474.5572704260312
1464.5943768528011
1455.2367741196992
1446.627336125518
1438.8100915878686
1430.3929136498598
1421.5535273914775
1412.5816142878828
1401.543277543924
1391.9494767073525
1384.9491958883852
1377.6763875611562
1370.3321489252287
1363.3515360885776
1356.505644083899
1350.7401949487219
1344.555235673806
1338.4215375226029
1332.3092249078302
1326.2167256542054
1320.1433076041162
1314.088802703232
1308.0535800873322
1302.038540888188
1296.0450383721197
1290.074704506152
1283.9321743978694
1278.005507600929
1271.9387732096714
1265.5073481291415
1258.9953148642296
1252.5238168930052
1246.1287175816396
1240.3403535602447
1234.5874803252605
1228.5494480931584
1221.7530216314804
1215.0104196761997
1208.3224721327367
1201.6892586643464
1195.1094625792541
1186.8868134664538
1178.7453263933835
1170.6876487361346
1162.7134041365562
1156.257111566178
1148.4401176251708
1140.7054660079764
1134.4625604800594
1126.8847207156261
1119.3891751306696
1112.4016663056732
1106.447431922994
1099.1898072164984
1092.8853032190357
1085.2552972130147
1077.6948954111256
1071.527118622373
1064.0951759215643
1056.7574985042704
1050.8193148925661
1043.665746506945
1036.6084790449338
1030.9200603590562
1024.0677969228755
1017.3172766754644
1011.8817903656534
1005.3169234496678
998.8467727219146
993.6479598168926
987.3578071045505
981.1586137063736
975.0490021741966
970.1530537332873
964.2134670349733
958.3603848287784
953.6760648898083
947.982958193756
942.3557786372589
937.8382693842043
932.3483521203415
926.9172980614192
922.5668674879863
917.447997901237
912.6009193849713
907.7474823633038
903.8997707407443
899.1516971174312
895.9515519070666
892.8290893928714
889.740937969541
885.666334806885
882.9428184208844
878.9738115808193
876.5535360370335
874.2546755177791
872.0145658915345
869.8590485195878
867.7959289215744
865.814649858387
863.9290591181162
862.1613721862552
860.4608203890538
858.777025658912
857.2849592101716
855.851343918994
854.0659170076949
852.1435235885041
850.2686181437883
848.4378522245448
0
0
0
0
0
0
