122.32847314260772
121.75052716875521
122.21124563447248
120.99522342268827
120.94956384046455
120.86795937575745
120.7462009954974
120.62416316196922
120.4669500120063
121.45652854381017
120.2480158925503
119.05152814308686
117.86694564564753
117.73663723593707
116.5651381216256
115.40529561826428
114.25699374063609
113.55560310379403
112.4257059741978
112.13574173211569
111.81942130557394
111.47869146293856
111.11548110334724
110.73167502700456
110.32909468930178
109.23130185483947
108.80306135700062
108.36093100093856
107.90635901868848
107.44067912202964
106.96510440537361
106.48072994028443
105.4212289748687
105.48953474901855
104.43989634054292
104.16535667911093
103.45782857656145
102.74703339481246
101.72468333075447
100.71250581980021
99.71039964335529
98.71826458996692
97.73600144530323
96.76351198223092
95.80069895099335
94.84746606948505
93.90371801362352
92.96936040781672
92.04429981552548
91.12844372991958
90.22170056462726
89.32397964457644
88.435191196927
87.55524634209347
86.68405708485707
85.8215363055661
84.96759775142398
84.12215602786343
83.28512659000789
82.45642573421567
81.6359705897108
80.8236791102952
80.01947006614385
79.22326303568222
78.43497839754379
81.88504753658798
81.27326726691001
80.66651424311893
80.06470621927362
79.46779658692017
78.87577414552132
78.28870598391387
77.70663585948714
77.12947490842004
76.55698006997424
75.9888901143816
81.90245606856618
81.27843008783213
80.6592560219243
80.04501100882094
79.43576165908334
78.83154298856581
78.23248140164252
77.63877439657945
77.47222230587049
77.74478625216916
82.48534674680579
83.97623873096693
85.97855501042967
88.3023734071248
90.5927125069899
92.81491652442534
92.08640376173224
91.36485664229247
90.64993421591122
89.94135616638262
89.23917351476183
88.35122890220312
87.8543355272009
87.17260731125845
86.49849243764561
85.83074967560168
85.17081940449124
84.32335559169698
83.67979113263542
83.03927890540143
82.39963691405444
81.76073458710665
81.12310989130734
82.36880914133243
81.71749786226691
81.07162969479636
80.42994607710057
79.79293625212614
79.16071787017961
78.5333052532512
77.75188580975404
76.97824161963128
76.21229531781924
75.88346979343567
75.12841665330103
74.38087641743891
73.64077433120279
73.053946274729
72.47159563413845
71.89300561747359
71.31712037018917
70.74573075514374
70.1787863482805
69.61510153431348
69.05515332223985
68.47612402646126
67.94759807839883
67.39918047240023
66.85450594616078
66.31155426929179
65.77170549987282
65.2333323860141
64.58424988367747
63.9416258601496
63.30539605249264
62.67549683719556
62.05186522381197
61.43443884866084
61.555995997377295
60.94350360346783
60.33710561070519
59.73674137878467
59.14235087078278
58.553874647153435
57.9712538597839
57.39443024610989
56.823346123289305
56.257944382434005
55.69816848289871
55.14396244662704
54.595270852553455
54.05203883106138
53.51421205849586
52.98173675173155
52.454559662794026
51.93262807353503
51.41588979036074
50.90429313901221
50.39778695939794
49.89632060047793
49.39984391519833
48.908307255477
48.42166146723821
47.93985788549771
47.46284832949574
46.99058509787921
47.09250499509158
46.62392674122226
46.16001091888049
45.70071113609744
45.245981462512
44.79577642477795
44.350051002016315
44.06146087235624
43.64473787516461
43.23236825635958
42.824330248565445
42.420621589816946
42.021241352470476
41.62617286810699
41.211985527683446
40.825622813307774
40.443395119645494
40.065253513962205
39.691167828679134
39.32109419258141
38.92984276820068
38.5424843605383
38.15898023343089
37.77929203614603
37.40338179954763
37.03121193229882
36.66274521710264
36.297944806980595
35.936774221587584
35.57919734356418
35.225178414924564
34.874682033480866
34.527673149302835
34.18411706121288
33.843979413315914
33.507226191563674
33.17382372035339
32.843738659160074
32.545681347022764
32.221846406873276
31.901233678216116
31.612897606816443
31.298344019958098
30.98692029358378
30.707942211196467
30.402393080974132
30.099884215395303
29.80038536332131
29.503866574617415
29.21029819715759
28.919650873859506
28.631895539748587
28.347003419051635
28.06494602231917
27.785695143576476
27.509222857502948
27.2355015166396
26.99435394980033
26.72575564016601
26.45982992836726
26.22626940008103
25.965313659411116
25.706954471744975
25.480691935334214
25.256604554451833
25.00529714020351
24.785777325951774
24.539154720902477
24.29498605177459
24.08237916046462
23.842755484102423
23.60551610315768
23.399443024931976
23.166614676657034
22.936103009155335
22.73630943558993
22.510079376775444
22.286100344657118
22.092423081501035
21.87259979895638
21.65496379461885
21.467146734509438
21.25354505557005
21.04206874884759
20.83269666653513
20.652441595268897
20.446946367910385
20.24349585222783
20.068628393533945
19.868942204592106
19.671242926428246
19.501655831123355
19.30761111343718
19.115497172952068
18.95087785986744
18.762313474562536
18.60087725244376
18.415795431370622
18.257481989868033
18.075817008747265
17.89595962439062
17.71789185090975
17.54159588137894
17.391095858748784
17.218051563670084
17.04672908809616
16.877111299636717
16.70918123637153
16.54292210515436
16.378317279933515
16.215350300089302
16.054004868787935
15.894264851351826
15.736114273646129
15.579537320481252
15.424518334031427
15.271041812268804
15.119092407413326
14.968654924397873
14.819714319348776
14.67225569808142
14.526264314610803
0.20943006627664496
0.20994516598317853
0
0.42136588447354506
0
0
