307.66531524787064
306.4481266028915
305.24304918728785
304.04996249231397
302.86874720830866
301.6992852127569
300.5414595584846
299.3951544619613
298.79796786824085
298.0242728966821
297.29589869430595
296.5819233336797
295.48096756513405
295.0368760017383
294.2045324103052
293.13049608540865
292.1945203103399
291.2162505117279
290.1727002467112
289.13953348032237
288.11664689502396
287.1039382013048
286.1013061274519
285.10865040942275
284.1258717808172
283.1528719629542
282.1895536550403
281.235820524444
280.2915771970552
279.3567292477554
278.43118319097016
277.5148464713218
276.60762745437773
275.70943541747744
274.8201805406684
273.9397738977246
295.46039430795497
315.78138460040697
302.3064539859878
316.6988024799368
318.1981702128731
311.5827587855386
311.7225271591046
326.6602371016179
326.7300982236992
326.6360146289173
330.7717760349957
334.79044594072576
338.7127866948049
342.5563737213235
346.330835591314
350.04027113082503
366.21229884231826
379.042550490227
378.3914265908251
377.7270251006334
377.04638480918186
376.3469229423917
375.62595259398165
374.8796919876222
378.426830527632
377.57044240716306
376.59892058206026
375.45147056645266
374.1511653921462
372.75100884683314
371.31064301211904
369.87364993559544
368.4402185426248
365.48872455288523
364.4791319871668
360.85250402893496
357.26196162181805
353.7071457085831
350.18770080467567
346.70327496267214
343.2535197370851
339.8380901495185
336.4566446541653
333.1088451036583
329.7943567152553
326.5128480380468
323.2639909173498
320.04746046482273
316.86293502505316
313.71009614283565
310.5886285316601
307.49822004216094
304.4385616309164
301.409347329536
298.41027421406216
295.44104237468605
292.5013548857488
289.59091777605204
286.70943999945905
283.8566334057915
281.03221271201227
278.2358954736986
275.4674020567961
272.7264556096559
270.0127820346215
267.3261099632583
264.6661707265377
271.4422891233293
268.7413932190466
266.0673716780367
263.4199570965901
260.7988847297019
258.20389246894155
255.6347208116078
253.09111283971635
250.5728141909082
248.07957303222028
245.61114003712413
243.16726836070842
240.74771361376867
238.35223383881396
235.98058948587055
233.63254338852687
231.30786074021609
229.00630907073665
226.7276582230034
224.47168033003268
222.23814979215518
220.02684325445588
217.83753958443828
215.67001984991083
213.52406729709378
211.39946732894396
209.2960074836936
207.21347741360546
205.1516688639372
203.1103756521151
201.0893936471176
199.0885207490598
197.10755686898443
195.14630390885264
193.20456574173411
191.8571368662
189.9481264579826
188.05811102070177
186.18690155123818
184.3343109270861
182.50015388669124
180.68424701425712
178.88640871756866
177.10645921128446
175.34422049895608
173.5995163538794
171.87217230510404
170.16201561678673
168.46887527183299
166.79258195479753
165.1329680349515
163.4898675495206
161.8631161870863
160.25255127115702
158.65801174389904
157.07933815003045
155.51637262087718
153.968958858583
152.43694212048257
150.9201692036253
149.4184884294555
147.93174962864438
146.45980412607284
145.00250472596412
143.55970569716368
142.13126275819727
140.71703306468797
139.3168751913805
137.93064912168964
136.5582162318536
135.1994392774392
133.85418237962008
132.5223110115833
131.20369198508354
129.898193437119
128.6056848167469
127.32603687169747
126.05912163644719
124.80481241841659
123.56298378592189
122.33351155480302
121.11627277678481
119.91114572697458
118.71800989166351
117.53674595627353
116.36723579342679
115.20936245113242
114.0630101410913
112.92806422711722
111.80441121367268
110.69193873452042
109.59053554148501
108.50009149332942
107.42049754474054
106.35164573542308
105.293429179306
104.24574205385176
103.20847958947452
102.18153805906363
101.16481476761027
100.15820804193794
99.16161722053526
98.17494264348957
97.19808564252097
96.23094853111525
95.27343459475541
94.32544808124982
93.38689419115721
92.4576790683063
91.53770979041057
90.6268943597756
89.72514169409926
88.83236161736353
87.94846485081676
87.07336300404566
86.20696856613637
85.34919489692305
84.499956218324
83.65916760576363
82.82674497968011
82.00260509711703
81.18666554339939
80.37884472389187
79.57906185583934
78.7872369602885
78.00329085408994
77.22714514197975
76.45872220873996
75.69794521143679
74.94473807173662
74.19902546829783
73.46073282923852
72.7297863246797
72.00611285936156
71.28964006533481
70.5802962947227
69.87801061255725
69.18271278968487
68.494333295744
67.81280329221141
67.13805462551899
66.47001982023761
65.80863207233016
65.15382524247065
64.50553384943039
63.863693063529865
63.2282387001557
62.59910721334184
61.97623568941544
61.35956184070501
60.74902399931178
60.144561110942824
59.54611272880566
58.95361900756328
58.36702069734981
57.786259137845455
57.2112762524102
56.64201454227646
56.078417080798744
55.520427507761326
54.96799002374183
54.42104938453154
53.879550895610706
53.34344040667922
52.81266430624137
52.287169516244916
51.76690348677289
51.25181419078871
50.74185011893359
50.236960274375434
49.737094167708925
49.242201811906924
48.75223371732147
48.2671408867347
47.78687481045934
47.3113874614876
46.840631290688265
46.374559222052014
45.91312464798355
45.456281424640935
45.00398386732115
44.556186745891544
44.11284528026681
43.67391513593094
43.23935241950367
42.809113674351316
42.38315587624076
41.961436429037256
41.54391316044464
41.130544317788036
40.72128856383881
0
0
0
0
0
0
