0.028818834687877666
0.018052363310736317
0.012211948312290666
0.00260096412440822
0
0
0
0
0
0
0
0
0
0
0
0
0
0
0
0
0
0
0
0
0
0
0
0
0
0
0
0
0
0
0
0
0
0
0
0
0
0
0
0
0
0
0
0
0
0
0
0
0
0.0009603820888937126
0.000906259518525248
0.0008544911738447905
0.0008049396690884512
0.00075747817820747
0.0007119853543587958
0.0006683379035088472
0.000626392925383305
0.0005859538637242907
0.0005467052421409597
0.0005079224228599129
0.0004683600141552937
0
0
0.0026514874415402004
0
0
0
0
0
0
0
0
8055712128058357e-20
0.008277491529572576
0.004148977131346328
0.008553710976164848
0.004722395864081357
0.008737212927822929
0.00874609492087307
0.008715775246736055
0.008642106457093773
0.008532654473534447
0.004647902990302785
0.008387866748928807
0.008361003644660506
0.008371446723926495
0.00844436475225101
0.008566583525076495
0.005171541017918127
0.008868015259084167
0.009003563055479372
0.0061277989093732246
0.009237225391535058
0.006558905952915667
0.0037532090090941555
0.0006966725769043097
0
0
0
0.0010799538636721347
0
0
0
0
0
0.000696174992357307
0.0006847584750302498
0.0006675428495372989
0.0006491325396218474
0.0006352150451804985
0.0006223447441366972
0.0006071630243165184
0.0005912910158067975
0.0005753907986383346
0.0005597077559327294
0.0005442435856184462
0.0005289972259170439
0.0005144653336963723
0.0005005108988642748
0.0004871288831243032
0.00047458473276918323
0.0004624764909710899
0.0004489947168306907
0.0004365852500698473
0.000424566663682628
0.00041201073663788316
0.00040266626795127205
0.000394042759305217
0.00038470432591753247
0.00037414539514224996
0.000363792619628716
0.00035517476633329303
0.00034674353310171647
0.000338433660797003
0
0
0
0
0
0
0
0
0
0
0
0
0
0
0
0
0
0
0
0
0
0
0
0
0
0
0
0
0
0
0
0
0
0
0
0
0
0
0
0
0
0
0
0
0
0
0
0
0
0
0
0
0
0
0
0
0
0
0
0
0
0
0
0
0
0
0
0
0
0
0
0
0
0
0
0
0
0
0
0
0
0
0
0
0
0
0
0
0
0
0
0
0
0
0
0
0
0
0
0
0
0
0
0
0
0
0
0
0
0
0
0
0
0
0
0
0
0
0
0
0
0
0
0
0
0
0
0
0
0
0
0
0
0
0
0
0
0
0
0
0
0
0
0
0
0
0
0
0
0
0
0
0
0
0
-4999999989658339e-26
0.001685558936452202
0.001633219974395477
0.0015820073905981659
0.0015321828285931505
0.0014840160118868068
0.00143771878500439
