0.03628300745817379
0.05086082191699549
0.06653733053797767
0.08064303765187399
0.09648556368973707
0.11745660280991384
0.14016588877148273
0.1618282171910369
0.185803038994795
0.20049251524775383
0.19264958562695975
0.18423230535327992
0.17526726322155628
0.16578412774922854
0.1558143189636435
0.14539009654975008
0.13454394794964253
0.12330817993307486
0.11171464514206347
0.09979455679797179
0.08757836151845333
0.07509565052863465
0.062375097328682245
0.049444413445071556
0.03633031795176033
0.023058517125930267
0.009653691898713054
0.00932558195411976
0.009549408905079272
0.009763279071809985
0.009967394536809839
0.010161967075815037
0.010347215742568723
0.01052336590197997
0.010690652975553265
0.010849315503707192
0.010999593792013367
0.0111417292248229
0.011275963573089456
0.011402538095128893
0.011521692802290281
0.01163366589262866
0.011738693287128893
0.011837008658819537
0.011928845904560007
0.01201441607430473
0.012093919155472563
0.012167564591725613
0.012235560396680034
0.012298111814569742
0.012355419918552704
0.012407680665193162
0.012455084442556252
0.012497815954487844
0.012536054328167526
0.012569973343811125
0.01259974169259251
0.012625523404629765
0.0126474785024178
0.012665764388447909
0.012680539170253725
0.012691972190350696
0.01270026312632162
0.012705627332608254
0.012708254648789014
0.012708315301177513
0.012705950889293353
0.012701272401106734
0.01269439329861873
0.012685427844487033
0.012674471390772006
0.012661611884475552
0.012646932347817537
0.01263050426951461
0.012612397089008406
0.01259270078518506
0.012571519070795296
0.012548937250382577
0.012525002949306883
0.012499740453101616
0.012473168931219096
0.01244531430185657
0.012416234727581802
0.012386016380402575
0.012354725148773843
0.012322427112125202
0.01228915849565639
0.012254908048325327
0.01221969724904819
0.01218363645790788
0.012146930794029722
0.012109982110767602
0.012073425045877429
0.012037946395826796
0.01200406818724075
0.011972385045738713
0.011943478154721387
0.011917512809846839
0.011894394290653034
0.011874393569835308
0.011857873653906687
0.011844486576298429
0.011833236489377357
0.011822381693506188
0.011810355275276843
0.011796211685648199
0.011779460953687664
0.011759881942822657
0.011737319832443015
0.011711654534724857
0.011682849243803587
0.011650952132941782
0.011616044209229551
0.011577986411507958
0.01153669918814887
0.011492386508043713
0.01144519563208503
0.011395320410600972
0.011343113525217803
0.011288926048913855
0.011232346013748108
0.011173977885641978
0.011114653291966956
0.011054677198086414
0.010994189507883272
0.010933163416801036
0.010871388298009856
0.010808891415522286
0.010745643259476778
0.010681531131279972
0.010616344377231857
0.01054980023317622
0.010481733535632951
0.01041189274586413
0.010340283954434265
0.010266903846930027
0.010191264125145025
0.010110998586503385
0.010027055744744011
0.009942324906116698
0.009857789831062967
0.00977365043756568
0.009689731915263504
0.009605297582247058
0.009520213638731534
0.00943440469728974
0.009347338506619774
0.00925841254655941
0.009167392057089933
0.009074815852876455
0.008980351039725502
0.008884681027410128
0.008788695504823023
0.008692565212330475
0.008596496574994261
0.00850146568953241
0.008408738094298545
0.008317425172222464
0.008225446065912224
0.008130812560676662
0.008033024464024891
0.007934541168483696
0.007838999792296457
0.007749461726529865
0.007666079973878478
0.00758541801063605
0.00750839308272243
0.0074346007650525365
0.007361858240984347
0.007289255631619242
0.007216710516932948
0.007144383950687803
0.0070719438884328445
0.006999266398726573
0.0069247525372868116
0.006850251836431821
0.006780073414133772
0.0067155759605471484
0.0066568173816592465
0.006602546334094967
0.006551442757297263
0.006502359667702798
0.006454441050283272
0.006408276132147107
0.006364299912727304
0.006322551596957261
0.006282858988934301
0.006245024579907407
0.006209169523972703
0.006175698150431485
0.006144877227155431
0.006116522665145984
0.006090120116876768
0.0060651060541191855
0.006040942995023242
0.006017052111116628
0.005992960310791791
0.005968310492682197
0.005942958920765798
0.0059175281611836055
0.00589333391337216
0.005871193499358888
0.005850695387554773
0.005830885766735369
0.005811040248821638
0.005790880806576933
0.005770516492011036
0.0057502427663020435
0.005730280403968062
0.0057106516961100045
0.00569128872446519
0.005672209691996711
0.005653571608647118
0.005635573619402676
0.005618311462647275
0.00560171034858641
0.005585551623465263
0.005569538180490154
0.005553329310726057
0.005536508777399451
0.005518441681776055
0.005497799009953471
0.005470924751580637
0.005427294482059076
0.005368953314199832
0.005337164848712153
0.0053185014805653885
0.005300496716860784
0.005282014201143928
0.0052629570500114286
0.005243282680884161
0.005222951407752438
0.005201918745364663
0.005180110908864836
0.005157399918964679
0.005133546208132754
0.0051080813121599684
0.0050799772634797
0.005046536811035412
0.004999736722057628
0.004932637226348267
0.004882338634137191
0.004851096079349487
0.0048210504341287316
0.004789202541805721
0.004753683961326848
0.004708474526931424
0.004652127733631429
0.004604557066089493
0.004559530366759689
0.004512526812941789
0.004467227863132186
0.004424477328737732
0.004382375148492119
0.004339744003142843
0.0042961482217516896
0.004251451026888305
0.004205768412235401
0.0041593337506032925
0.00411172122977247
0.004059288823591776
0.0039912457892737115
0.0039251912187045135
0.0038843919681508157
0.003848022741591979
0.0038095225395360414
0.003765009212252151
0.0037084809768488003
0.0036482120613960576
0.003602749239724191
0.003563141747074663
0.0035229131916603745
0.003481007787378689
0.0034370456724438264
0.003390394859666473
0.003339553005874189
0.0032815196012350623
0.003211013100708889
0.003131180514567141
0.0030474323679460704
0.0029422513680099536
0.0028272354479035636
0.002718849588828958
0.0026012332644455897
0.002471223956138764
0.0023416836704686405
0.00223936673934901
0.0021566806821887627
0.0020853375272203343
0.0020142551066186414
0.0019428942776136733
0.0018686817163597513
0.0017980654289990923
0.0017392817115643906
0.001685558936452202
0.001633219974395477
0.0015820073905981659
0.0015321828285931505
0.0014840160118868068
0.00143771878500439
