-5.273317116152612
-16.27822279148677
0
-2.8114931192976655
0
-9.324466095524258
-8.862101740669459
-24.920292303693714
-2.0051676042348845
-69.58129726011248
-69.58129726008337
-69.58129726008337
-69.58129726008337
-69.58129726008337
-69.58129726008337
-69.58129726008337
-69.58129726009793
-69.58129726008337
-69.58129726008337
-69.58129726008337
-69.58129726009793
-69.58129726008337
-69.58129726009793
-69.58129726009793
-69.58129726008337
-69.58129726008337
-69.58129726008337
-69.58129726006882
-69.58129726008337
-69.58129726008337
-69.58129726008337
-69.58129726008337
-69.58129726008337
-69.58129726008337
-69.1548136958445
-68.41572619935323
-67.67695589344657
-66.93682757145143
-59.88619537882914
-17.266496298951097
-41.51540637087601
-37.056951457838295
-50.74964946600085
-28.412947900767904
-50.74964946602995
-50.7496494660154
-50.7496494660154
-50.7496494660154
-50.74964946597174
-50.74964946600085
-50.74964946600085
-23.765031250353786
-21.26768389075005
-50.74964946600085
-50.74964946602995
-3.566730636099237
-3.663463021774078
-3.762994331496884
-3.8691305701067904
-18.49603945828858
-4.127211196086137
-4.3559253430285025
-4.6714800503104925
-30.58161487558391
-5.1791718652966665
-50.749649465986295
-50.749649465986295
-7.597552267994615
-50.749649465986295
-50.40306019478885
-9.84028240731277
-49.40501273355039
-48.91342464320769
-48.426727936122916
-47.94487394214957
-19.587602925588726
-13.050866363017121
-1.3131438883283408
-1.8829860241821734
-23.19601513791713
-11.586691304386477
-16.405776946558035
-44.258696861434146
-24.67545399586379
-24.819220515157213
-19.362843983864877
-42.52328853511426
-21.85659193644824
-41.6812710067461
-41.26653543073917
-40.85592654258653
-22.810559025907423
-36.699018354920554
-19.684458209361765
-19.399352459731745
-24.895241847305442
-0.5671177292533685
-24.402283030343824
-24.159476257351344
-16.856862407556036
-15.77107553902897
-19.075780767263495
-17.618655822443543
-5.407079376804177
-8.30849904754723
-2.468772560445359
-0.514368063872098
-0.2333268194051925
-0.07410852854081895
-0.07337113637186121
-0.0726410813658731
-0.024515656303265132
-0.024271721456898376
-0.02403021378268022
-0.023791109168087132
-0.02355438367521856
-0.023320013642660342
-0.023087975627277046
-0.0228582464333158
-0.022630803083302453
-0.022405622832593508
-0.02218268315482419
-0.021961961771012284
-0.02174343660590239
-0.021527085787965916
-0.021312887707608752
-0.021100820929859765
-0.020890864252578467
-0.020682996677351184
-0.020477197438594885
-0.02027344591624569
-0.0200717217521742
-0.0198720047774259
-0.019674275026773103
-0.01947851272416301
-0.019284698282717727
-0.019092812333838083
-0.018902835668995976
-0.01871474931249395
-0.018528534448705614
-0.018344172451179475
-0.01816164488263894
-0.01798093349498231
-0.01780202022928279
-0.017624887157580815
-0.017449516599299386
-0.01727589101938065
-0.017103993028285913
-0.016933805454755202
-0.0167653112730477
-0.016598493632045574
-0.016433335869805887
-0.016269821440801024
-0.0161079340177821
-0.015947657389915548
-0.01578897555009462
-0.0156318726221798
-0.01547633289010264
-0.015322340797865763
-0.015169880964094773
-0.015018938123830594
-0.01486949720128905
-0.014721543222549371
-0.0145750614174176
-0.014430037132115103
-0.014286455872934312
-0.01414430326258298
-0.01400356508383993
-0.013864227294106968
-0.013726275923545472
-0.013589697191491723
-0.013454477448249236
-0.013320603160536848
-0.01318806094059255
-0.013056837546173483
-0.012926919836900197
-0.012798294847016223
-0.012670949683524668
-0.012544871628051624
-0.012420048064086586
-0.012296466520638205
-0.012174114643130451
-0.012052980164298788
-0.01193305102060549
-0.011814315177616663
-0.011696760775521398
-0.011580376056372188
-0.011465149393188767
-0.011351069246302359
-0.01123812422156334
-0.011126303026685491
-0.011015594456694089
-0.010905987452133559
-0.010797471084515564
-0.010690034425351769
-0.010583666822640225
-0.010478357566171326
-0.010374096178566106
-0.010270872196997516
-0.01016867530415766
-0.010067495299153961
-0.009967322039301507
-0.009868145527434535
-0.00976995583914686
-0.009672743151895702
-0.009576497759553604
-0.00948121001420077
-0.00938687039888464
-0.00929346946941223
-0.009200997912557796
-0.00910944644419942
-0.009018805940286256
-0.0089290673204232
-0.008840221620630473
-0.008752259949687868
-0.008665173503686674
-0.008578953580581583
-0.00849359156563878
-0.008409078931435943
-0.008325407194206491
-0.008242568001151085
-0.008160553086781874
-0.008079354229266755
-0.00799896330863703
-0.007919372292235494
-0.007840573220164515
-0.007762558219837956
-0.007685319462325424
-0.007608849264215678
-0.007533139942097478
-0.007458183958078735
-0.007383973788819276
-0.007310502012842335
-0.007237761310534552
-0.007165744376834482
-0.007094444023096003
-0.007023853133432567
-0.006953964621061459
-0.0068847715156152844
-0.006816266904934309
-0.006748443905962631
-0.0066812957666115835
-0.006614815763896331
-0.006548997247591615
-0.006483833640231751
-0.006419318422558717
-0.006355445133522153
-0.006292207399383187
-0.006229598890058696
-0.006167613348225132
-0.006106244560214691
-0.006045486414222978
-0.0059853328129975125
-0.00592577776114922
-0.005866815292392857
-0.005808439498650841
-0.005750644559157081
-0.00569342469680123
-0.0056367741781286895
-0.0055806873278925195
-0.005525158558157273
-0.005470182324643247
-0.005415753097622655
-0.005361865449231118
-0.00530851399526
-0.005255693395156413
-0.0052033983811270446
-0.0051516236999304965
-0.005100364185636863
-0.005049614715971984
-0.004999370212317444
-0.004949625639710575
-0.004900376050500199
-0.004851616497035138
-0.004803342104423791
-0.004755548041430302
-0.004708229549578391
-0.004661381884943694
-0.004615000361809507
-0.004569080338114873
-0.004523617230006494
-0.004478606482734904
-0.004434043614310212
-0.0043899241427425295
-0.004346243658801541
-0.004302997811464593
-0.004260182278812863
-0.0042177927534794435
-0.004175825015408918
-0.004134274859097786
-0.004093138137250207
-0.004052410731674172
-0.004012088567833416
-0.003972167629399337
0
0
0
0
0
0
