3279.2621394631374
3316.866958250991
3364.97263901585
3372.6384256138695
3360.538884308893
3377.185984994101
3316.4155905464177
3253.0543596573416
3190.9474942176525
3123.3878450908883
3080.404482330295
3037.58611059526
2999.5346032622733
2995.6863842227845
3025.8095532211933
3050.6853565925735
3073.1265743798535
3091.7796809523766
3082.506274600446
3068.435524603844
3047.0508663296414
3008.6115248755086
2966.259623097368
2925.5663681091073
2886.2535369691586
2824.3247217698336
2785.88712150515
2871.400890212062
2782.8557409407967
2734.3925901966204
2709.4889035254637
2716.025360161007
2693.9865965669405
2671.2325671208228
2659.890188484838
2635.2080793154896
2695.575327189314
2757.7110802802767
2836.7664735531007
2952.77179650214
2981.8902141960302
2985.9349363592805
2989.6091003117476
2997.407465181654
3050.928343513895
3062.6826678676134
3073.491953277994
3084.251966660221
3094.918001370948
3105.4620906223795
3115.8798461665483
3126.181611161478
3125.604118209434
3141.163994196815
3158.6103752417775
3188.415632885248
3201.725525154942
3214.876780283704
3228.834315201281
3243.0041374533275
3261.074279434339
3273.385371227052
3285.8001322542254
3298.1999205271904
3309.7661633459193
3342.016437541164
3373.4371522101596
3395.827069289718
3414.98127507934
3432.488786637577
3441.3252175166253
3452.1097584261506
3466.7879776479244
3482.6162441690394
3497.7808512002825
3512.1250587126115
3556.7297801208306
3591.345738528847
3638.1426353776733
3672.1636717377587
3729.015614266782
3743.7223392223686
3759.645651074996
3770.825170379761
3773.4845489006534
3768.9407111861656
3764.0800284901775
3740.460376138857
3709.483922816301
3674.686956502447
3644.96015905837
3608.6958862422243
3558.1897913449848
3493.4481430452965
3435.0968712182494
3407.120445548377
3357.048455325325
3314.437785728486
3263.970506368333
3213.9280244226456
3147.900084869536
3075.5927651860443
2999.780810463258
2953.060779377767
2890.4839040216048
2826.108638963679
2757.630857603211
2713.9643318091466
2674.0118823629023
2639.1161862742047
2605.840593664232
2592.0779501585175
2580.9218653371186
2577.9094045274414
2577.290088335862
2581.4820962846225
2595.962139072696
2587.899698477907
2579.6247096528896
2569.187435785459
2560.4904575550345
2553.3690866623833
2544.511039404054
2536.436516841565
2530.2751432286586
2519.4230247920273
2507.924562225029
2498.5466643561626
2488.42317983034
2477.70292560683
2468.2498414824026
2476.519762322105
2464.613777282498
2453.944161474358
2445.7240057560357
2454.147132134781
2441.4827937918462
2429.407613561284
2441.7028142775903
2435.295002681362
2429.0640678435907
2421.271106820905
2409.9680158119168
2399.200972883204
2389.7285894281067
2388.9642551899497
2393.9472818488384
2401.0907326113384
2387.8873939542354
2392.032345226566
2395.381947991892
2395.181731604335
2396.9343048057603
2383.20270895692
2370.5454153745995
2355.3097334749914
2336.470286196044
2328.6398993357584
2322.137803899365
2319.0160581839864
2313.7570325411707
2308.36153132786
2302.229240434306
2293.966827029302
2287.430830789946
2282.460627813538
2278.396517573247
2274.3737871745516
2270.9223219224887
2271.297384764385
2276.5652797136568
2284.5638149001848
2288.5106430162205
2273.75452810636
2258.7503953025443
2243.926570356346
2228.406295534652
2210.5910766861543
2207.5917590429317
2192.9791222280433
2177.9797007961242
2162.8342827882775
2147.9499582416865
2134.245585275248
2121.5255833104966
2109.1157466309787
2097.3989578303326
2085.424508819504
2075.4889738224615
2064.6969894412887
2052.5487827816632
2038.5483095679626
2022.5566273770364
2005.1971353931215
1992.508592685558
1979.2027670026644
1965.7777300939124
1953.179729909496
1940.8967241013534
1929.9003061197984
1917.1131076777451
1904.4302333906267
1891.8210289079914
1879.2827113504757
1866.813781290725
1854.4134830361904
1842.081873349452
1829.819929434809
1817.6294505083993
1805.5126977532616
1795.5368586552197
1783.5580920422044
1771.6179800020655
1760.9949811202089
1748.179059821214
1735.4588563352256
1724.8297908723077
1713.951290074836
1703.1560317760247
1692.4445342881056
1681.8169771708717
1671.2730760279462
1660.8116539014761
1650.429286126383
1640.117751853867
1628.2805583363572
1616.562710698844
1604.9699567315915
1593.498901979803
1583.9242792459324
1572.6733303915394
1561.5344687864178
1552.2394865873284
1541.305781426723
1530.4774809820942
1520.0849652408658
1511.138922697125
1500.5992732616342
1490.6041153971555
1478.945828308425
1467.3520572978007
1457.4014683549713
1445.9098334283813
1434.5361445640283
1424.8459307442981
1413.7003778194012
1402.6744463535708
1393.2904109565861
1382.5281686573323
1371.8951668743825
1362.7418138416556
1352.2234767196046
1341.8218277025849
1332.932628699183
1322.7513267295703
1312.682074928197
1302.7229856021138
1294.2014862370158
1284.4499882822452
1274.8059010683778
1266.5442695004008
1257.093776319281
1247.7072354916534
1239.6192413061522
1230.4172293558306
1221.323993887298
1213.5250088889088
1205.0479161171243
1197.0122826225574
1188.8842014878767
1182.1440628554687
1173.6953576745018
1167.4814266617225
1161.3595567353923
1155.2624081276908
1148.13450403606
1142.6913299098742
1135.5629730521036
1130.743225193293
1126.1103726240992
1121.569757591888
1117.029629078243
1112.6916146176527
1108.5262861611127
1104.570100257542
1100.8847617979864
1097.4497853212847
1094.1300101449906
1090.9960403148268
1087.9664568319022
1084.9980726531944
1082.0986605335124
1079.28593004998
1076.552137913882
0
0
0
0
0
0
