3305.563526999503
3328.814940453465
3306.516160322075
3267.133682635342
3203.960044514451
3186.7577788994545
3139.6336214552853
3091.6031348500246
3051.0873531992515
3027.4999926399996
3005.1796078450116
2973.4400531940646
2934.5787117237132
2929.89575659527
2949.491510597304
2981.2104699519027
3001.4386424865625
3023.7286579588526
3045.342333959775
3046.5773407350785
3034.429883554083
3009.5805996646804
2978.171555527649
2939.320243089889
2898.080800727123
2836.768487076534
2789.431078302011
2861.9651044245397
2788.6268722002187
2740.640187645867
2687.7867740895927
2707.0692864321804
2632.2474033656276
2561.8948430692367
2533.13195415901
2460.1430832267256
2501.7657798180035
2532.7291924130104
2568.719999683439
2673.138445793463
2746.3625282547614
2747.8332953678814
2740.3115509402937
2755.195170926092
2803.360016106321
2818.720249869877
2827.5678612196452
2836.4000969192325
2845.1517378185204
2852.955769124023
2859.766862498253
2866.45510680276
2867.889132306149
2886.849591560815
2904.558953988315
2930.4175338946065
2942.3649605200203
2949.057554612991
2954.344812404795
2959.711301479054
2971.6270941559087
2973.076555624982
2974.3409487871413
2975.347431530917
2973.72843943701
2997.405394612913
3021.9727732252195
3044.3953770532125
3065.3563315388537
3083.2820058186644
3100.8166227965376
3096.045740794222
3094.7997667811
3094.5603307718056
3093.772536514222
3092.315836799735
3121.816090503699
3198.3873812873994
3226.4195468836583
3243.811791520281
3273.0826290125988
3279.540236601416
3281.105978282233
3279.9864834464984
3274.303948706936
3265.3660014854304
3259.0389047003314
3242.9664710159955
3222.6047501963326
3200.3703907370427
3182.64384356991
3158.758858532419
3131.644875002109
3094.46536434892
3051.0468659266708
3033.7577789618504
3010.5476059358652
2967.938556302285
2907.037151376353
2839.5774919805062
2766.3979363907183
2686.951149469495
2654.2726576273103
2636.407628912423
2610.6308793219528
2586.9683387028813
2559.8151964466947
2548.78636138765
2539.1883152183955
2534.5784172985864
2525.693935135504
2525.5735639546583
2523.616964482612
2531.279997688972
2542.444530825903
2554.7413069599456
2576.3797465977714
2564.5847298441927
2552.9243748033555
2540.3305825666284
2531.625460010529
2521.5568508737238
2510.1636702215424
2498.2866829281147
2487.712907893716
2474.308511617987
2460.3265327922813
2447.213060618079
2433.681931406822
2420.0225834802654
2408.422312934042
2422.5822379967476
2408.5434913617282
2395.3064156104742
2384.2707892297735
2398.3776898620044
2383.884087813065
2368.7525426902575
2386.870397710708
2374.2972038082803
2362.1968578430915
2349.364631026553
2333.810142520597
2318.957008117736
2310.3673557284264
2305.72120409125
2306.709058843623
2328.579644326902
2309.2267000878846
2305.904559364348
2302.262951563588
2297.6697151503804
2294.9107397991147
2274.106417596937
2253.3577183281805
2233.2970657841925
2213.9039044842343
2206.0562972424786
2201.5937249405256
2206.057632736872
2203.329642597099
2200.1728254092377
2196.4726859514913
2193.8581022328317
2191.9659710903993
2190.159756970738
2187.724517626618
2183.918758709294
2178.113697344192
2176.8469226031248
2178.071315906855
2185.124481029349
2189.133709528367
2178.2925816158026
2167.592560878735
2157.3715954036566
2147.716004284873
2138.1452053374414
2140.4144747171576
2126.074431973297
2111.4015202366036
2096.864785792728
2082.446510963612
2068.6227079511323
2055.4092175531146
2042.4652409645116
2031.0487433443757
2021.80710166291
2014.4595947461094
2007.6102165332486
2000.8577584494851
1993.9842125104665
1982.8745858407588
1971.9816699425273
1962.9131970711155
1953.698271222473
1944.4623972413594
1935.4955551004357
1926.6435470024933
1919.4868731506203
1912.4622988448875
1904.7715158737874
1895.1017601604137
1885.4287616954898
1875.7500414791157
1866.0648544461437
1856.3737126997971
1846.6779837975816
1836.979601850129
1827.2809202081787
1815.9776202848948
1806.288897175648
1796.6058949949445
1785.531425481465
1775.803886928477
1766.0959202879592
1755.0610267510835
1745.1144135957002
1735.211137632656
1725.3540351537151
1715.545990538606
1705.7899519236819
1696.0890086897266
1686.4466817216305
1676.8678761327005
1667.5682674711352
1658.339533583515
1649.1800058280767
1640.0894651981603
1629.914129063939
1620.9709765056116
1612.1042301650064
1602.1898438256676
1593.4851021112759
1584.86390063707
1576.0809284834022
1566.5442633677876
1558.1921402041653
1548.8533820898338
1540.6897363530284
1532.6246107067261
1523.590432830688
1515.7410348710016
1507.9990701086326
1499.2777671766726
1491.7572985163551
1484.3519362947566
1475.9476213288651
1468.8099653047873
1461.8010714925595
1453.7127494180818
1446.955749359239
1440.3234804318774
1432.5512128926944
1426.1657822781833
1419.90231643194
1413.7609627325176
1406.401536495109
1400.5071662699843
1394.7356543636206
1387.6759401612571
1382.1521703979142
1376.7517553595367
1369.978686380736
1364.752828809696
1359.5143736690397
1352.800820136736
1347.7714751081505
1343.4378549593282
1338.605410041621
1332.2075702033776
1327.5797923768498
1322.2941668169613
1317.1250313667927
1312.0351569980216
1305.6939363307588
1300.8272923636014
1296.992350058566
1292.3208168148315
1287.7629458861668
1283.2667373045697
1278.8293514984205
1274.4512757216376
1270.1335263768688
1265.8753312626718
1261.6729876705601
1257.4197831766267
1253.1188534877438
1249.1376185496945
1245.2192400021409
1241.3605849371106
1237.5604110759277
1233.8174812140041
1230.1309918274778
0
0
0
0
0
0
