3367.342474367922
3390.593887821887
3368.2951076904956
3328.9126300037633
3265.7389918828712
3231.536662052789
3184.412504608629
3136.3820180033554
3095.8662363525887
3067.2952715807332
3044.9748867857475
3013.2353321347973
2974.3739906644455
2969.6910355360014
2989.286789538033
3021.005748892633
3041.233921427296
3063.5239368995826
3085.1376129024125
3086.372619675811
3074.2251624948135
3049.3758786054123
3017.9668344683805
2979.115522030624
2937.876079673112
2876.563766088601
2829.226357242745
2901.760383365273
2828.422151140951
2780.435466586599
2727.5820530297124
2746.8645653729122
2672.0426823063617
2601.690122009969
2572.9272330997433
2499.9383621669926
2541.5610587587357
2572.524471353743
2610.6950421742504
2714.695829633103
2746.3625282557614
2747.833295368881
2740.3115509412937
2755.195170927092
2803.360016107321
2818.7202498703755
2827.567861220147
2836.4000969197364
2845.1517378195203
2852.955769125023
2859.766862499253
2866.45510680376
2867.889132307149
2886.849591561815
2904.558953989315
2930.4175338956065
2942.3649605210203
2949.0575546139903
2954.3448124057945
2959.711301480054
2971.627094156911
2973.0765556259835
2974.340948788141
2975.347431531917
2973.72843943801
2997.4053946139134
3021.972773226219
3044.395377054213
3065.3563315398537
3083.2820058196644
3100.8166227975366
3096.0457407952217
3094.7997667821
3094.5603307728065
3093.7725365152214
3092.3158368007353
3121.8160905046975
3198.3873812884
3226.41954688466
3243.8117915212774
3273.0826290135983
3279.540236601315
3281.105978283233
3279.9864834474993
3274.3039487069395
3265.3660014864317
3259.038904701332
3242.966471016995
3222.6047501983317
3200.3703907380445
3182.643843570909
3158.7588585334183
3131.644875003112
3094.4653643499178
3051.0468659276744
3033.757778962851
3010.547605936864
2967.938556303286
2907.0371513773516
2839.577491981507
2766.3979363917188
2686.951149470495
2654.27265762831
2636.407628913423
2610.6308793229528
2586.9683387038813
2559.8151964476942
2548.786361388649
2539.188315219397
2534.5784172995864
2525.6939351365036
2525.5735639556597
2523.616964483611
2531.27999768997
2542.4445308269023
2554.7413069607464
2576.3797465987723
2564.5847298451936
2552.924374804355
2540.330582567627
2531.625460011332
2521.5568508747233
2510.163670222544
2498.2866829291124
2487.712907894719
2474.3085116189786
2460.3265327932822
2447.2130606190794
2433.6819314078216
2420.022583481266
2408.4223129350426
2422.5822379977467
2408.5434913627337
2395.3064156114733
2384.2707892307753
2398.3776898630044
2383.884087814065
2368.7525426912575
2386.870397711708
2374.2972038092757
2362.196857844094
2349.3646310275562
2333.810142521597
2318.9570081187367
2310.3673557294264
2305.7212040922504
2306.7090588446204
2328.579644327342
2309.2267000888846
2305.904559365347
2302.2629515645845
2297.6697151513804
2294.9107398001142
2274.1064175979373
2253.3577183291804
2233.2970657851924
2213.9039044852343
2206.056297243478
2201.593724941524
2206.0576327378717
2203.329642598099
2200.1728254102377
2196.472685952489
2193.8581022317157
2191.9659710913998
2190.159756970318
2187.724517627617
2183.9187587102892
2178.113697345189
2176.8469226047273
2178.071315907251
2185.124481030349
2189.1337095282665
2178.2925816168076
2167.5925608791217
2157.371595404658
2147.7160042858686
2138.145205339044
2140.414474718096
2126.074431974304
2111.401520237595
2096.864785793727
2082.4465109646726
2068.622707952726
2055.409217554088
2042.4652409646867
2031.04874334455
2021.8071016638955
2014.4595947470486
2007.6102165342486
1999.5369215167582
1991.0672952631814
1978.6699651071897
1967.0848914538444
1957.4738727368942
1947.3114091190557
1937.1255748749468
1927.2327287336357
1917.4651304988142
1909.330455899377
1901.5602528262705
1893.894439370447
1886.229289082094
1878.5607876154083
1870.4009805675194
1861.970624769193
1853.5361356795509
1845.0989265953617
1836.6610249095959
1827.2809202123221
1815.9776202858873
1806.288897174243
1796.6058949959447
1784.2155297709157
1773.8359918387373
1763.5161404858657
1750.9508866658282
1739.498937657282
1728.1145308229434
1716.7996695066693
1705.5563974105748
1694.3868195062407
1683.2931846777205
1672.2781829571845
1661.3459107559017
1651.7435987803417
1642.2313561793856
1632.808629174673
1623.4753050237557
1612.0304481965695
1602.8827327832494
1593.8292178976767
1582.6865347781254
1573.8279710776387
1565.0681144693756
1555.36239725172
1544.6427690147923
1536.1925698762066
1525.6897142245032
1517.4509280333612
1509.3202539278973
1499.145977283488
1491.242851242464
1483.4516932082968
1473.6094404716723
1466.0460355909124
1458.5980550440445
1449.0875347883057
1441.890374633787
1434.814915075155
1425.6311961219126
1418.7958001482561
1412.078505818194
1403.2180933296968
1396.7346626356873
1390.3659452168215
1384.111345629216
1375.6685878362127
1369.6424917037923
1363.7286926943937
1355.5861672074209
1349.8968191158128
1344.3183394066696
1336.4615603272157
1331.0669682954772
1325.7185842947977
1318.0337813734557
1312.87760209659
1308.190865712339
1303.2146487641903
1295.844354813533
1291.0380392662355
1284.7788335687694
1278.6356818664012
1272.571665072527
1265.257523534663
1259.4180170838983
1255.1527774292304
1249.5061929092606
1243.9722283505043
1238.4989668719961
1233.0836078156553
1227.7266213070106
1222.4289593523279
1217.1897719761087
1212.0052703136414
1206.7686286008916
1201.4828548531875
1196.5153630770822
1191.6092105689504
1186.7612037617516
1181.970060224975
1177.2345182886374
1172.5537581861752
0
0
0
0
0
0
