118.80598004990316
117.62384079680487
116.45346402582072
115.29473269828304
114.14753094008483
113.011744030111
111.88725838871324
110.77396156640316
109.67174223254551
108.58049016431323
107.50009623558435
106.43045240605716
105.37145171046723
104.32298824786267
103.28495717101032
102.25725467594748
101.23977799156273
100.2324253693514
99.23509607320011
98.2476903693605
97.27010951642296
96.30225575549412
95.34403230040334
94.39534332798212
93.45609396856162
92.52619029642665
91.60553932041512
90.69404897469212
89.79162810942216
88.89818648180517
88.01363474690879
75.64310867586755
74.89044716881472
74.14527476888907
70.75068420775642
104.97151502678753
70.29091292020166
69.59150665071502
73.10687937364855
71.1222063243913
91.46696964693547
105.63547005072178
137.6090659624897
26.010284883435816
29.857761586870765
41.48501874093199
52.56830412146519
63.414843410326284
74.03518965849071
84.43954381917138
94.63498221737973
114.17359958574525
121.42884296568809
126.84042790113017
110.15519839567423
121.05716066311288
115.09888086092542
109.27397271052178
103.64678313849436
98.36792131538095
92.4507985948585
87.22915955305507
82.0984543383529
75.9096274508338
73.05823685441283
64.62012860088726
57.762834554727306
50.91141101831454
44.468181143616675
38.17692921879643
37.65418378497998
34.29510821106669
31.014039411224076
27.77468819959904
24.57381759864802
20.54700513793796
20.142399314485374
2.21469019757933
16.33150456927251
18.038117068834254
10.698983219685033
3.1656247276841896
3.6957928381452803
7.368751535046613
7.30050058735651
4.2871792958903825
4.601558759561158
4.8988836471689865
4.985621502317372
5.235178825707408
5.2079213181568775
5.116753006936051
4.677342493378092
5.421555942913983
5.3294458116579335
0
16.290627271926496
2.367617030176916
2.661117009280133
3.8043028842366766
3.3854979002062464
2.931676139938645
2.8277007056458388
21.64022282617225
1.8504806815763004
1.7838056820328347
14.784419507035636
1.4140131476451643
1.2421823259064695
0.6151249841350364
1.604264308596612
0
0
0
0
0
0
0
0
0
0
0
0
0
0
0
0
0
0
0
0
0
0
0
0
0
0
0
0
0
0
0
0
0
0
0.5698386041185586
0
0
0
0
0
0
0
0
0
0
0
0.920507450340665
0.3471156337473076
0
0
0
0
0
0
0
0
47431967686861753e-23
0
0
2249765384476632e-20
0
4078351776115596e-20
546943920198828e-19
0
0
3476627171039581e-20
4482145595829934e-20
0
31083443900570273e-21
0.00028167522395960987
0.0004202715208521113
0.00041608972242102027
0.0005505486915353686
0.06854458867746871
0.20192975911777467
0.3774556097196182
0.38245848153019324
0.5177021669514943
0
0
0
0.510463351602084
5491285992320627e-20
0
0
0
0.595241976872785
0.5860982858284842
0.46733304392546415
0.4575408255041111
0.44991800775460433
0.44449371460359544
0.4365391059400281
0.4285491646587616
0.42057865802780725
0.41267330858681817
0.40486923487333115
0.39719474416051526
0.5284742374351481
0.3823174466524506
0.3751444168156013
0.3730952762562083
0.3613781822787132
0.3547966679034289
0.512214057991514
0.3423025084193796
0.3363387448625872
0.3305789237929275
0.32502025735448115
0.31965911445149686
0.3144911504641641
0.3095112387527479
0.3047128628095379
0.3000382256723242
0.2955843384406762
0.2913007673632819
0.28718329427647404
0.46171754904207774
0.27942417564918287
0.2757709413417615
0.4525612356228521
0.268888509250246
0.2656482691236306
0.4465430394047871
0.44529052142752334
0.25666827415989246
0.4443530150601873
0.15555512277933303
0.15268070991442073
0.4538990071887383
0.14729251492826734
0.14476185194507707
0.45453133853152394
0.1399889647436794
0.1377386464882875
0.45156762312399223
0.13348898792173713
0.1314836062665563
0.447569749536342
0.12771405233070254
0.1259444380266359
0.4466754374298034
0.12260583665920421
0.12102901711477898
0.11951116583077237
0.44618346096831374
0.1166465706191957
0.11529666594287846
0.4459826269594487
0.11275397591816727
0.11156216988456436
0.452042313394486
0.10933446076523978
0.1082781247823732
3800442209467292e-20
0.20558529149275273
0.2045788880204782
0.20363254308176693
0.4531798218813492
0.2018453577911714
0.20096863988146652
0.2001104890514398
0.19926830718759447
0.1069424882880412
0.19730481757142115
0.19589750716113485
0.19435775684542023
0.1928137155919103
0.1913454808818642
0.18998439906863496
0.1887350059405435
0.18758984260784928
0.1865381616371451
0.18556913228530902
0.1846721137408167
0.1838354272331344
0.18301067581342068
0.18218253554368857
0.18140406734892167
0.18067393988894764
0.17998552156495862
0.1793333519162843
0
0
0
0
0
0
0
