-60
-60
-60
-60
-60
-60
-60
-60
-60
-60
-60
-60
-60
-60
-60
-60
-60
-60
-60
-60
-60
-60
-60
-60
-60
-60
-60
-60
-60
-60
-60
-52.085112569111516
-52.085112569111516
-52.085112569111516
-50.19999999999709
-68.2602608511952
-50.88129386543005
-50.88129386543005
-69.62461255367089
-53.050931972727994
-52.890809537959285
-43.58713809058827
-155.83110869103984
-30.369877892546356
-41.126214154515765
-49.962305669891066
-59.219539885627455
-68.47759134364605
-77.74031999107683
-87.00957684901368
-96.2858813994244
-96.0215756844409
-87.6302860131982
-102.54388671809284
-101.71700068149948
-96.86318549196585
-92.66460895276396
-88.48824613551551
-84.40473799900792
-80.1652719433041
-75.97974403332046
-72.01623491957434
-68.04549395345384
-65.26975842288812
-61.00286670323112
-55.699340229912195
-49.60904731502524
-43.647024250996765
-37.434248822319205
-30.958962237331434
-30.79379405727377
-27.429341110153473
-24.147159793326864
-20.911929980531568
-17.71727155345434
-15.438295481188106
-8.969832182265236
-1.005702862952603
0
-0.008024282928090543
0
0
-31.470017135856324
-2.8192659748601727
-4.4803587577771395
0
0
0
0
0
0
0
0
0
0
0
0
0
0
0
0
0
0
0
0
0
0
0
0
0
0
0
0
0
0
0
0
0
0
0
0
0
0
0
0
0
0
0
0
0
0
0
0
0
0
0
0
0
0
0
0
0
0
0
0
-1.424229913041927
0
0
0
0
0
0
0
0
0
0
0
0
-2.4760946700407658
0
0
0
0
0
0
-31964736990630627e-23
-3164605004712939e-22
-1.1069190432463074
0
0
-0.1646722242294345
-14510020264424384e-21
-0.16052019131893758
-0.16341926692984998
-23101965780369937e-21
-28063717763870955e-21
-0.014791147070354782
-0.15121324085339438
-54772841394878924e-21
-31083443900570273e-21
-0.14626938363653608
-0.1426475446933182
-0.13996344449697062
-0.13737934155506082
-0.13551309738249984
0
0
0
0
-0.33384495245991275
-0.32293579350516666
-0.24311127502005547
-15529076335951686e-21
-5314042209647596e-20
-0.2343807755241869
-0.22250377137970645
-0.24495416252466384
0
0
0
0
0
0
0
0
0
0
0
0
0
0
0
0
0
0
0
0
0
0
0
0
0
0
0
0
0
0
0
0
0
0
0
0
0
0
0
0
0
0
0
0
0
0
0
0
0
0
0
0
0
0
0
0
0
0
0
0
0
0
0
0
0
0
0
0
-3800340346060693e-20
0
0
0
0
0
0
0
0
-0.0062407136865658686
0
0
0
0
0
0
0
0
0
0
0
0
0
0
0
0
0
0
0
0
0
0
0
0
0
