0
0
0
0
0
0
0
0
0
0
0
0
0
0
0
0
0
0
0
0
0
0
0
0
0
0
0
0
0
0
0
0
0
0
0
0
0
0
0
-23540829285906284e-25
0
0
0
0
0
-10000000827403708e-25
-22625674667153817e-25
-5090786903139133e-24
-11390975718228448e-24
-25347800303165965e-24
0
0
0
0
0
0
0
0
0
0
0
0
0
0
0
-1000000082740371e-24
-2033702983794683e-24
-4115029650364477e-24
-8284517516443657e-24
-1648181402724438e-23
-32524193804467695e-24
0
0
0
0
0
0
0
0
0
0
-9325873406851315e-30
0
0
0
0
0
0
-4884981308350689e-30
0
0
0
13322676295501878e-30
0
0
0
0
0
0
0
0
0
0
0
0
0
-3552713678800501e-30
-3552713678800501e-30
-3552713678800501e-30
-5329070518200751e-30
0
-1000000082740371e-24
-12921326231207786e-25
-707865766003124e-24
0
-1000000082740371e-24
-12414687056150342e-25
-19920691762820297e-25
-31843074843607155e-25
0
-5020357907170592e-24
-7934725765323947e-24
-12494297596532533e-24
-1960128281908169e-23
-30637969494762274e-24
-47714283635258425e-24
0
0
0
0
0
0
0
0
0
0
0
0
0
0
0
0
0
0
0
0
0
0
0
0
0
0
0
0
0
0
0
0
0
0
0
0
0
0
0
0
0
0
0
0
0
0
0
0
0
0
0
0
0
0
0
0
0
0
0
0
0
0
0
0
0
0
0
0
0
0
0
0
0
0
0
0
0
0
0
0
0
0
0
0
0
0
0
0
0
0
0
0
0
0
0
0
0
0
0
0
0
0
0
0
0
0
0
0
0
0
0
0
0
0
0
0
0
0
0
0
0
0
0
0
0
0
0
0
0
0
0
0
0
0
0
0
0
0
0
0
0
0
0
0
0
0
0
0
0
0
0
0
0
0
0
0
0
0
0
0
0
0
0
0
0
0
0
0
0
0
0
0.5095171042172215
0
0
