728.9237386603776
758.3602091839689
732.7855744387089
678.6923194054689
647.8588825202223
616.4273763149572
604.2591578698141
593.2095025501733
583.2506978810935
569.583272214255
562.4871169080884
556.0272403932794
550.5745278764834
545.2694034371258
547.0638508977975
545.264398156715
544.0403085661505
544.178048750534
543.649992660933
540.9804170501727
538.2536455485804
535.2671522281132
532.100700951739
528.8247146536938
525.6067597075894
525.1971903160319
522.1341379111448
526.5371991001125
528.6230057651976
531.8685443465424
534.7068431386898
542.013891831698
544.4832531669963
547.8094290839949
548.484308889056
539.4584097783608
546.5778803495557
552.8235771374605
552.4070511875931
569.90053032557
580.1300487770485
583.4511160666664
584.7944125620633
598.0470311804229
607.429665742186
608.4170259071883
608.6678361631745
608.3750838675619
608.038139002285
607.6533239018823
607.2205961226746
606.7422386624206
606.8072873913399
605.7897802490113
608.6270829138308
613.4768158048593
614.2115416408552
614.8603541917902
615.5901935507987
616.2952503261142
617.1902119503693
617.734483509884
618.1996519625133
618.5819162744762
617.4049326131702
631.1562402512759
641.0060174337841
650.682070789705
660.2902163951791
666.2969482506924
669.8190796249287
669.4215612768809
670.5671788299317
671.2258684282054
670.3284900610017
669.304824449002
678.4004810882191
714.0218818524762
713.3563081023304
710.7853957654905
712.538170448775
708.164805412936
708.9467999254707
709.5840859713304
710.319349383175
711.3604354883979
715.4503079157313
717.5394607522444
719.987681165884
722.6360970478396
726.3351865332137
728.8579435368233
726.8016710244917
723.0109870352545
720.247901471646
716.1612620139397
713.7218352081437
709.4111668949449
705.0249449835518
700.1404558555627
692.6762433565733
687.7790440405481
681.8027872360295
681.8833392105719
677.4833561781574
669.9343324515415
662.4516859979353
657.7523460687102
652.87520079364
649.5721541487527
643.4432637695105
638.9975602720523
634.7290557697942
633.6412463318984
633.6438012411056
631.8562041345364
631.2103944050992
625.0823261456887
619.0824033133457
613.7873309518388
608.6982112492562
603.6851424947299
598.2892260505074
592.8479492504546
587.3268399869447
581.780451297665
576.3116896761535
570.9827712921284
565.6470303542447
560.3195082266835
554.9985886965017
553.7218128099221
548.6575936816339
543.7553881054931
539.0433372306102
538.4162149929859
533.9263067981972
529.5908995638792
529.7013416011176
525.2159779875874
520.9893825965415
516.8411684034938
512.8978156637298
509.1880847898917
507.2065168206659
504.2735563567617
502.0621663584971
500.1545801572192
496.92643884915486
494.85127602640927
492.663405796438
489.79300780328185
486.9169372798236
478.4621859441858
470.1000976871847
461.86077802976104
453.75358936116817
449.712887835679
446.53021099906533
447.2490350490481
444.1793876562941
441.08497574328766
438.0570529693631
435.0599372656544
432.0555165420022
428.96525303679834
425.8025628563502
422.59588187044983
419.41799154637795
416.57242017482343
413.86811874416657
410.23174596456806
407.7229540782448
404.9036210823097
402.1492897498354
399.4362301873243
396.7594703938117
394.11808311273774
391.46441747180364
389.00492448380515
386.2402954155944
383.519384408041
380.8225300186442
378.1900595186486
375.6345170987502
373.1285419910561
370.92231571692025
368.3440694177945
366.3035333083649
364.04250227365463
361.8068267810056
359.5733157543602
356.84916475803306
354.73547089377035
352.74927210087134
350.7602797297006
348.7716236286563
346.80957512003044
344.8611711221325
343.54892266071926
341.2590390184972
338.99785668058314
336.73539381829096
334.4707283931852
332.2033630333161
329.9331519731909
327.66022752178486
325.38493164873887
323.10775748496553
320.8293115260217
318.85859302054325
316.58091829479537
314.303878102212
312.3587267588946
310.07684126771477
307.7987758801316
305.885428063305
304.5906781607214
303.3005839487856
302.01609226056127
300.738152528178
299.46770140703467
298.20561605540456
296.9525984797033
295.71002265356555
293.51239018916806
291.3322157668398
289.1692443745198
287.0239968688722
285.307490664838
283.20116977416217
281.1149023972188
279.4679509255695
277.4251564305688
275.4046256061801
273.7233971868197
272.17868799085073
270.23069916586
268.7403079097253
266.84275519429025
264.9702418871453
263.5626288919082
261.74687484382
259.9597157771491
258.6398573022059
256.91186522982883
255.21371516773033
253.98165694245358
252.35101370069606
250.7530064458601
249.609202695736
248.0754621077027
246.5732980689805
245.51630536719966
244.07668449905165
242.66746095617935
241.2883859407488
240.34173299511227
239.02299757783447
237.7336377942445
236.86444264775395
235.63274680736507
234.42889942641688
233.6311977597671
232.46604795221268
231.29485984691254
230.51019750818517
229.3846647821579
228.37408404538786
227.29009539497628
226.57645711819973
225.53473126473202
225.3302010568992
225.15006522895925
224.98413112661717
224.338476301048
224.2253927366794
223.39966887504153
223.32554852189492
223.28197175829828
223.24573264655626
223.21577451442857
223.19259976248247
223.17613651031323
223.16580419492763
223.1606634008568
223.1350618452816
223.090784249881
223.11882033539382
223.15541994514305
223.19950256274421
223.25052165071799
223.30820015295708
223.37263256040285
0
0
0
0.5095171042172215
0
0
