0
0
0
0
0
0
0
0
0
0
0
0
0
0
0
0
0
0
0
0
0
0
0
0
0
0
0
0
0
0
0
0
0
0
0
0
0
0
0
0
0
0
0
0
0
0
0
0
0
0
0
0
0
0
0
0
0
0
0
0
0
0
0
0
0
0.007787126657819776
0.021538803109436344
0.03462546242765452
0.04698979641185197
0.05862918234915693
0.0699758045103458
0.08149954018365246
0.09328088163491355
0.1051322722305068
0.11710269395793826
0.12953112913675824
0.14218439212402867
0.15430705760242525
0.16555152229168577
0.17601262248039248
0.1857777483146439
0.19482654112181777
0.2028677242612735
0.20759254358297408
0.2106849971231437
0.2181681349697092
0.2220284942989899
0.22330313717753447
0.22996962736846993
0.2436798726354521
0.26034548607956065
0.27857033244632845
0.29779985524275343
0.3153478903408855
0.3332011732635394
0.35841952195436466
0.38993725176002414
0.41770809581574225
0.443518763645308
0.4734764261066742
0.5053428146576513
0.5302276425822727
0.5371120022097303
0.5270133379787632
0.5083527561812886
0.48739233950933714
0.46740950860829517
0.4491952979955268
0.4326214995875093
0.4182257340897495
0.40593110861182874
0.39532564841139095
0.38284020726626
0.3685630762336469
0.35614808365430317
0.34476959214082314
0.33451605647837557
0.3263243206086699
0.32090167349950516
0.3191809029459245
0.3202061276609758
0.32027463697527025
0.32046886678940883
0.10741401843010401
0.32268491703839075
0.32711084657145406
0.33074261647285663
0.3333623979762175
0.3358134773261181
0.33908341266429787
0.34095343744895423
0.3431955538565541
0.34701116318771597
0.35049726509751267
0.3531303958014629
0.35298329816588225
0.3546088488761141
0.3592108726954928
0.3587654095884796
0.3561616422218794
0.35231843409366803
0.3478076283641638
0.34298997982512214
0.33475578998218003
0.32771608590806434
0.3217505077529794
0.3144900505268051
0.30623628531523117
0.29796200464413625
0.28460409753630067
0.2700250658346608
0.2609114365187537
0.2533315158602809
0.24461805904508216
0.23546771528427923
0.2298550167038531
0.22620601317761269
0.2243059691335363
0.2259838227981148
0.24411243622920464
0.36813378567787103
0.3670839326066151
0.36463671214652615
0.3631824831145658
0.36578575974428595
0.36942165161504814
0.36988071361297425
0.3664042310346889
0.36581730096441945
0.3704078309183285
0.3742670713117402
0.3768561476148178
0.37818525739357023
0.3759175767881593
0.37673851737512987
0.38040943038173936
0.38229117685578673
0.3802668177739328
0.375374492859276
0.3670219626324074
0.363436076175061
0.36324646797342686
0.36557224970399904
0.3699967237662025
0.37707242672168606
0.38504142399945485
0.3912469837865973
0.3958593250112048
0.39976835831924085
0.4046681178679177
0.4096117292614885
0.41368075203481247
0.417206828968709
0.42105422116484004
0.42510450225625984
0.42951779450076
0.43361729394607895
0.4373136346242581
0.44064726837069434
0.4433888836185864
0.44522858313473224
0.4461338558929464
0.44639989891612775
0.4463553592622569
0.4461807047365678
0.44590587401040205
0.44546480668031485
0.44476723601110635
0.44376625572614126
0.4424731990169377
0.44091860230179014
0.4391172053076957
0.4370736512363358
0.4348131091313374
0.43239924841812183
0.42992709683143593
0.42750005084921927
0.425211120747512
0.4231408332022317
0.42136940590685423
0.42000630410781703
0.41926240530851233
0.4196732696766956
0.4224673487246031
0.4253842888113588
0.4222786188589205
0.41764590495660925
0.41365140965173275
0.4104132748706215
0.40790940606964243
0.40610601960747705
0.4049677993854137
0.40447021078348877
0.40461554758517115
0.405450091320672
0.40707492712106186
0.40967822297199286
0.4136399578163805
0.4199331609933802
0.43136115276061393
0.44926018968114967
0.4584875173162758
0.46007533896977426
0.46119756899802544
0.4625523486242457
0.46369779566623626
0.4630539845384445
0.4599182635614634
0.4595946896776726
0.46117763582516047
0.4629428108358035
0.46461865773935523
0.4663111027619402
0.4681212614086714
0.4700845495579209
0.4722166059461283
0.4744636296644258
0.4766661650398825
0.47867419150771384
0.4807425622384954
0.48464496356047276
0.49496433478785673
0.5022811788832846
0.49729447995953274
0.4907408745672967
0.4855626694445734
0.48327060300454594
0.4859345622709145
0.4893712208234173
0.4864802728326732
0.48177669084017966
0.477987179613448
0.47550836024555215
0.47442706491968556
0.4751020810557836
0.47866901919379456
0.4852924455111316
0.4962422521082086
0.5100820247865954
0.525986940844819
0.5502782518226998
0.5748005437536228
0.5933981057275104
0.6147233826209351
0.6424003786357877
0.6705910481146324
0.6857925191145862
0.6910239039247865
0.6901101063316704
0.6890302667189261
0.6891361229902024
0.6914336210109726
0.6928225171394573
0.6903754053455555
0.6868966257789486
0.6837051567430916
0.68041057750966
0.6757297131176674
0.671055005392379
0.6674007254216298
