3050.185473218649
3089.531256221432
3117.9258549214574
3119.1177325314816
3098.038777291234
3096.394351745182
3027.1097096311837
2954.124014711838
2885.199292430043
2817.589867632959
2770.845472198334
2724.4850683785785
2681.8332534417605
2664.7353462998876
2673.59668864328
2681.5545251317744
2688.7603053018966
2694.745257001153
2677.9556709155854
2647.9852687081207
2611.7986689932563
2560.4859547050305
2505.0605809484896
2451.408050500779
2398.9245007841
2331.5232715328157
2284.0951007926465
2354.939729823822
2275.1395199936223
2224.1577526116216
2189.813982143101
2193.8170545079747
2165.198847750925
2137.633213011982
2123.332315895476
2093.5237317784126
2146.0515923312582
2193.185766239393
2258.913221402974
2350.1896701755322
2378.0376115494114
2378.011020064711
2373.785303887106
2379.6819658130366
2421.847679340476
2433.721678956927
2442.2380954235477
2450.719267424961
2459.1284707719974
2467.442486153165
2475.6566314761394
2483.7777440515747
2485.3582113613406
2500.7643767941745
2516.0840368798567
2540.5444310058188
2552.3155430610104
2563.922789040951
2576.072383920893
2588.3330798831457
2605.5070874317594
2616.600639001326
2627.616381748508
2638.5381318908817
2647.876228942699
2674.078489148241
2700.5813488028093
2720.921373680343
2740.071988368207
2757.441233339505
2767.615553169898
2776.6120348218333
2788.455277715756
2801.2259942645105
2811.9574796170077
2822.0425339729168
2856.6743609956393
2902.7937970658704
2939.393773162235
2965.8684395584305
3007.5807149315924
3019.8797810343403
3031.2195234011033
3038.662051277262
3039.6378522933005
3035.5719303140622
3032.555612575158
3014.5421433715796
2991.7053838417405
2964.6146040010462
2939.579004671898
2909.6568529205497
2871.800838283135
2819.6357331275185
2763.165730601827
2731.007514357821
2697.262763650695
2665.85561508875
2633.798325782302
2601.761400049676
2557.717434244871
2504.8055476360446
2458.4065753802024
2433.526464563678
2395.6933192679116
2357.6884797929138
2314.5002708547677
2291.65866821609
2271.3284047625116
2256.3054142691585
2239.3091546381065
2231.396570932572
2223.9988125168657
2227.8848062910024
2234.3599309107894
2240.8638017804237
2254.88120007737
2246.943769015181
2239.5689468675114
2230.9215487179968
2223.6049235213636
2217.1988573678414
2209.9828882325774
2203.8339339832446
2200.4623630636056
2193.525652831249
2185.5339014819237
2179.2088827764724
2172.97350675286
2166.6863095121057
2161.5943202650265
2174.015538401122
2166.5271047235005
2159.621180757945
2155.0029739019838
2166.941121352505
2157.9068470267275
2147.4432729406903
2158.374715441759
2148.839554717034
2140.152999467183
2130.5610810038856
2116.7653138186283
2101.2043934919575
2087.952380914991
2081.1085520184442
2077.970495318498
2080.719362273221
2060.087460391468
2052.1347842747823
2044.5135082576494
2038.0346551486653
2031.9609760937094
2010.5696040026223
1989.8293940938277
1969.791061161636
1950.5207148080915
1940.9245654035103
1933.3666924084341
1929.0787870213728
1923.3274116172204
1917.5335269194761
1910.9973240883933
1903.3476305764823
1896.913715018314
1891.3880367880408
1886.8692045044459
1882.7003394591516
1879.0214874973722
1879.3271962688657
1883.8821752801482
1893.743538189887
1900.033515343039
1888.6300211766088
1876.974941497717
1865.2514141614774
1853.2864386449442
1840.199765892972
1837.810105511302
1825.6997211011335
1813.2901271168696
1800.8700684521923
1788.5689926069067
1776.9980543356628
1766.0836954995632
1755.3675803115216
1745.345913403528
1736.5439224532556
1729.1722396211721
1721.6543891479769
1713.7857608213753
1705.7243422822053
1695.4333991286705
1686.2033341966307
1680.1689839224405
1673.76672972469
1667.2482976933095
1659.9952267523117
1652.852421451029
1647.1110467563014
1640.8684151636019
1634.6762896386917
1628.5067212706658
1622.3589519026234
1616.2327785064838
1610.1284126441415
1604.0466314642483
1597.9888860865385
1591.9572369957002
1585.9541001496787
1579.0469576334235
1573.0994192863905
1566.8389749574949
1559.041765991298
1551.2479853793438
1543.5109017625755
1535.8215032905302
1529.2192983187767
1522.664804374996
1516.1593135172645
1508.333783613336
1499.6400507128235
1491.0192933374046
1482.4722211933743
1473.9975669184537
1463.4985360701182
1453.1090977342988
1442.8337320509431
1432.6710208675368
1424.4130803838746
1414.4606085399075
1404.6164677546456
1396.6414951842291
1387.0014226918324
1377.4668336453803
1368.5688833687343
1360.9629755405506
1351.7269096562177
1343.3499926321722
1333.1962920534436
1323.1231976576946
1314.7778069712028
1304.8480097845193
1295.039659805722
1286.984689928893
1277.4141786118726
1267.9678606793086
1260.2381116164347
1251.0615142990798
1242.0173414388419
1234.6202388264387
1225.8144128591462
1217.1300363207918
1210.037841586884
1201.5843178764674
1193.2471307492474
1185.0243376774656
1178.3208736060988
1170.3151097599132
1162.4198754563902
1155.9878811962924
1148.2952597779686
1140.6787921691764
1134.4461570940152
1127.007241344219
1119.6526650421852
1113.658177018608
1106.7362172978744
1100.176421742687
1093.6121159721847
1088.3093666400418
1081.885730621828
1077.383444835115
1072.9826274131738
1068.628854677242
1063.0637701642993
1059.1714409978824
1053.7443580347085
1050.2358929872235
1046.880528529086
1043.6008780501254
1040.4277234899264
1037.370731437992
1034.4174616697194
1031.584854752244
1028.8999165842813
1026.2992117477468
1023.7214720293842
1021.3867633108883
1019.1291055832266
1016.923986560353
1014.7740285779364
1012.686618598597
1010.6575632973193
0.6868966257789486
0.6837051567430916
0.68041057750966
0.6757297131176674
0.671055005392379
0.6674007254216298
