0
0
0
0
0
0
0
0
0
0
0
0
0
0
0
0
0
0
0
0
0
-6666666570639042e-26
-6666666709416921e-26
-6666666877106857e-26
-6666666663157627e-26
0
0
-6666666570639042e-26
-666666652437975e-25
0
0
0
0
0
0
0
0
0
0
0
0
0
0
0
0
0
0
0
0
0
0
-6666666754953411e-26
0
0.0009603820888937142
0.000906259518525248
0.0008544911738447899
0.0008049396690884518
0.0007574781782074703
0.000711985354358796
0.0006683379035088472
0.0006263929253833056
0.0005859538637242916
0.0005467052421409585
0.0005079224228599129
0.00046836001415529463
0
0
0.002651487441540202
0
0
0
0
0
0
0
0
80557121280584e-18
0.008277491529572578
0.004148977131346328
0.008553710976164848
0.004722395864081358
0.00873721292782293
0.008746094920873068
0.008715775246736055
0.008642106457093773
0.008532654473534445
0.004647902990302786
0.008387866748928809
0.008361003644660506
0.008371446723926495
0.008444364752251013
0.008566583525076495
0.005171541017918126
0.008868015259084169
0.009003563055479372
0.006127798909373224
0.009237225391535058
0.0065589059529156685
0.0037532090090941564
0.0006966725769043098
0
0
0
0.0010799538636721351
0
0
0
0
0
0.000696175042357306
0.0006847585250302489
0.0006675428995372986
0.0006491325896218483
0.0006352150951804971
0.0006223447941366977
0.0006071630743165186
0.0005912910658067981
0.0005753908486383349
0.0005597078059327297
0.0005442436356184465
0.0005289972759170424
0.0005144653836963717
0.0005005109488642743
0.0004871289331243035
0.00047458478276918276
0.00046247654097109075
0.00044899476683069045
0.0004365853000698472
0.00042456671368262816
0.0004120107866378842
0.0004026663179512724
0.00039404280930521724
0.0003847043759175328
0.0003741454451422486
0.00036379266962871515
0.0003551748163332926
0.00034674358310171627
0.00033843371079700363
0
0
0
0
0
0
0
0
0
0
0
0
0
0
0
0
0
0
0
0
0
0
0
0
0
0
0
0
0
0
0
0
0
0
0
0
0
0
0
0
0
0
0
0
0
0
0
0
0
0
0
0
0
0
0
0
0
0
0
0
0
0
0
0
0
0
0
0
0
0
0
0
0
0
0
0
0
0
0
0
0
0
0
0
0
0
0
0
0
0
0
0
0
0
0
0
0
0
0
0
0
0
0
0
0
0
0
0
0
0
0
0
0
0
0
0
0
0
0
0
0
0
0
0
0
0
0
0
0
0
0
0
0
0
0
0
0
0
0
0
0
0
0
0
0
0
0
0
0
0
0
0
0
0
0
0
0.0016855588253410908
0.0016332198632843656
0.0015820072794870545
0.001532182717482039
0.0014840159007756953
0.001437718673893279
