0.03628300745817379
0.05086082191699549
0.06653733053797767
0.08064303765187399
0.09648556368973707
0.1023035737540077
0.09812537171541841
0.09332155001893779
0.08788967695582188
0.08183529465625136
0.07517302410720439
0.06792465515122224
0.06011689347525277
0.05177952332574541
0.042944079307534355
0.033642934542990464
0.023908688782908832
0.013773759988254013
0.006837591395485802
0.007157339795625704
0.007466153908513309
0.007764030343506354
0.008051003876920626
0.008327141594696599
0.00859253850408704
0.008847313997891617
0.009091608700482033
0.009325581893008649
0.009549408843968162
0.00976327901069888
0.00996739447569873
0.010161967014703935
0.010347215681457614
0.010523365840868859
0.010690652914442156
0.01084931544259608
0.010999593730902254
0.011141729163711792
0.011275963511978343
0.011402538034017778
0.01152169274117917
0.011633665831517549
0.01173869322601778
0.011837008597708424
0.011928845843448893
0.012014416013193622
0.012093919094361453
0.012167564530614508
0.012235560335568923
0.012298111753458633
0.012355419857441591
0.01240768060408205
0.012455084381445141
0.012497815893376733
0.012536054267056422
0.012569973282700016
0.012599741631481403
0.012625523343518645
0.012647478441306695
0.0126657643273368
0.012680539109142618
0.012691972129239584
0.012700263065210516
0.01270562727149715
0.01270825458767791
0.012708315240066404
0.012705950828182244
0.012701272339995621
0.012694393237507625
0.012685427783375926
0.012674471329660889
0.012661611823364442
0.01264693228670642
0.012630504208403498
0.012612397027897295
0.012592700724073952
0.01257151900968419
0.012548937189271468
0.012525002888195774
0.012499740391990508
0.012473168870107987
0.012445314240745459
0.012416234666470688
0.012386016319291468
0.012354725087662726
0.012322427051014091
0.012289158434545283
0.012254907987214217
0.01221969718793708
0.012183636396796768
0.012146930732918611
0.012109982049656496
0.012073424984766315
0.012037946334715683
0.012004068126129636
0.0119723849846276
0.011943478093610278
0.011917512748735728
0.011894394229541921
0.011874393508724197
0.011857873592795578
0.01184448651518732
0.011833236428266246
0.01182238163239507
0.011810355214165732
0.011796211624537084
0.011779460892576555
0.011759881881711546
0.011737319771331908
0.011711654473613744
0.011682849182692467
0.011650952071830669
0.011616044148118447
0.011577986350396849
0.01153669912703776
0.0114923864469326
0.011445195570973923
0.011395320349489863
0.011343113464106694
0.011288925987802746
0.011232345952636998
0.011173977824530867
0.011114653230855847
0.011054677136975305
0.010994189446772157
0.01093316335568993
0.010871388236898743
0.010808891354411173
0.010745643198365669
0.010681531070168865
0.010616344316120737
0.01054980017206511
0.01048173347452184
0.01041189268475302
0.010340283893323152
0.010266903785818918
0.010191264064033916
0.01011099852539228
0.010027055683632897
0.009942324845005589
0.009857789769951856
0.009773650376454569
0.009689731854152395
0.009605297521135949
0.009520213577620425
0.00943440463617863
0.009347338445508665
0.009258412485448298
0.009167391995978824
0.009074815791765344
0.008980350978614392
0.008884680966299014
0.008788695443711912
0.00869256515121936
0.00859649651388315
0.0085014656284213
0.008408738033187433
0.008317425111111353
0.008225446004801112
0.008130812499565555
0.008033024402913778
0.00793454110737258
0.007838999731185344
0.007749461665418756
0.0076660799127673636
0.0075854179495249375
0.007508393021611319
0.007434600703941426
0.007361858179873238
0.007289255570508131
0.007216710455821837
0.007144383889576691
0.007071943827321734
0.006999266337615463
0.006924752476175701
0.006850251775320711
0.00678007335302266
0.006715575899436039
0.0066568173205481355
0.006602546272983856
0.006551442696186153
0.0065023596065916876
0.006454440989172162
0.006408276071035996
0.006364299851616195
0.0063225515358461505
0.00628285892782319
0.006245024518796296
0.006209169462861593
0.006175698089320373
0.006144877166044321
0.006116522604034873
0.006090120055765656
0.006065105993008074
0.006040942933912131
0.006017052050005516
0.005992960249680678
0.0059683104315710845
0.005942958859654687
0.005917528100072495
0.005893333852261049
0.005871193438247779
0.005850695326443662
0.005830885705624256
0.005811040187710526
0.005790880745465822
0.005770516430899925
0.005750242705190931
0.005730280342856952
0.0057106516349988935
0.005691288663354079
0.0056722096308856
0.0056535715475360074
0.005635573558291565
0.005618311401536163
0.005601710287475299
0.005585551562354152
0.005569538119379043
0.005553329249614944
0.005536508716288341
0.005518441620664944
0.0054977989488423605
0.005470924690469527
0.005427294420947966
0.005368953253088719
0.00533716478760104
0.005318501419454276
0.005300496655749675
0.005282014140032815
0.0052629569889003185
0.005243282619773051
0.005222951346641325
0.005201918684253552
0.005180110847753725
0.005157399857853568
0.005133546147021643
0.005108081251048858
0.005079977202368589
0.0050465367499243
0.0049997366609465166
0.0049326371652371566
0.004882338573026079
0.00485109601823838
0.00482105037301762
0.004789202480694611
0.004753683900215734
0.0047084744658203136
0.004652127672520315
0.004604557004978379
0.0045595303056485785
0.004512526751830678
0.0044672278020210735
0.00442447726762662
0.0043823750873810035
0.004339743942031728
0.004296148160640574
0.004251450965777194
0.00420576835112429
0.004159333689492181
0.004111721168661359
0.004059288762480665
0.003991245728162599
0.0039251911575934
0.003884391907039704
0.0038480226804808687
0.00380952247842493
0.0037650091511410395
0.0037084809157376898
0.003648212000284946
0.0036027491786130806
0.003563141685963552
0.0035229131305492645
0.0034810077262675764
0.003437045611332716
0.0033903947985553626
0.003339552944763078
0.0032815195401239513
0.0032110130395977773
0.003131180453456029
0.003047432306834959
0.002942251306898842
0.002827235386792452
0.0027188495277178466
0.0026012332033344783
0.002471223895027653
0.002341683609357529
0.002239366678237898
0.0021566806210776513
0.0020853374661092224
0.00201425504550753
0.0019428942165025619
0.00186868165524864
0.0017980653678879813
0.0017392816504532796
0.0016855588253410908
0.0016332198632843656
0.0015820072794870545
0.001532182717482039
0.0014840159007756953
0.001437718673893279
