1892.9680085931827
1927.9795700310924
1960.5711246619358
1967.5967353186072
1958.4928376829946
1966.1068398428022
1925.672421993071
1884.6805206833171
1853.2418905591073
1826.5377526929847
1812.768980010931
1799.4123742057013
1781.427351642943
1780.5232222340665
1792.983844997641
1804.3733799201677
1815.8919903921087
1826.2824024523109
1826.4757693527586
1813.5596306074797
1796.383072122887
1769.686686414961
1740.8443768139505
1713.0622599959254
1686.082394666949
1647.2002488546193
1621.5848115105641
1662.5483240614096
1604.8960944635155
1575.6852134076835
1557.3868053615086
1564.2984525031854
1540.4917546301685
1510.1551700128211
1498.9818723629332
1474.4330290208125
1509.854326582613
1543.2438214289439
1588.5369612613308
1655.9317762269436
1675.875285084301
1680.9562705557462
1685.8137454362839
1690.17383862193
1722.7780337907816
1732.21193447826
1740.4413198357527
1748.6491554865418
1756.8041566085203
1764.8862191053347
1772.8904407053021
1780.8214662116136
1784.1279134377835
1795.8088554864623
1806.930051945521
1824.068717926566
1832.2261759894886
1840.2901995943164
1848.7936040778304
1857.0624157018613
1867.4306178857819
1874.3917772161822
1881.3904709981246
1888.3567592080767
1894.8333225445067
1913.444310568641
1932.0403619901488
1944.4333590747644
1954.3330687138382
1963.2459115023519
1967.2012006029108
1973.0354932670393
1980.9634331970565
1989.5635258397513
1997.803787748643
2005.5987378818259
2029.8170704488095
2044.6129603527934
2072.060436444155
2093.6016438245942
2126.534295719511
2135.608099101544
2144.048108976419
2149.7262830754116
2150.409183109
2146.9659016602895
2142.9869936984887
2128.35888258007
2109.4700399975586
2088.4084453689547
2070.2899978206387
2048.4746941782178
2018.7184070769147
1981.4578315611154
1943.9605883004751
1917.3439326814887
1878.9733686277605
1845.6715210216882
1812.7999114291683
1780.0269265271904
1739.4523269086044
1692.4811390101383
1655.8572665916536
1622.8980686105033
1585.1879011090903
1549.8328677281536
1516.2581854020095
1491.5478429115433
1468.7877736324044
1449.5138438529614
1432.2348654269813
1425.0846384748365
1419.4456093320423
1420.4047991964694
1422.7619703811156
1425.7035684805476
1433.4022421297666
1428.5705433087012
1424.0559537375914
1418.598985197599
1413.967377623365
1410.0596647337277
1405.6279770396957
1401.968589979021
1399.6814819118574
1395.300720220138
1390.4065107722986
1386.577259013368
1382.6548355007603
1378.5685117840444
1375.1779681451717
1381.6096927230583
1376.4288285546477
1371.6910842813352
1368.4208125999191
1374.763773316704
1368.8228446440012
1362.2931256426216
1368.6716428737263
1364.0554731550096
1359.804225220787
1354.8825773498784
1347.3530879052312
1338.9888621919333
1333.9024321646302
1325.9158185955553
1324.1790265137197
1325.2028805736857
1314.0099985362917
1310.8089399023095
1307.561984037869
1304.1001428895938
1301.1435047214127
1290.577291913364
1280.4317234398018
1270.809936470927
1261.6718596022392
1257.1304122377373
1253.6909493594292
1251.4406259145658
1248.625468659943
1245.7155814398914
1242.696147323967
1239.087039318294
1236.2947126674126
1234.23720638415
1232.9414683552086
1232.2798545934463
1233.280920783723
1237.3225446199042
1245.8018684741176
1256.8357291943291
1264.3697944921805
1256.8855570768142
1249.3216327186308
1242.0672639107572
1234.0741711843607
1224.923097697074
1223.6451280030938
1215.1857538018066
1206.5438736266624
1197.81284035566
1189.2787499277842
1181.540319541195
1174.2882284813456
1166.7715588332915
1159.2602790890173
1152.2444541326129
1146.1364189417486
1139.6336308562643
1131.3317573607146
1122.7411961518192
1112.4647101036314
1104.0065131490928
1098.8888984524474
1093.4043481293882
1087.8280450226432
1082.708220059547
1077.7510144371188
1073.5747685101385
1068.9918875345625
1064.448418260369
1059.9282178191577
1055.4297654286024
1050.9522359797538
1046.4952137661335
1042.0587435004209
1037.6433987814423
1032.7383671603448
1026.6020123694618
1020.7330103499378
1013.845740293416
1006.9860681882174
1000.7453208758474
993.3881290279778
986.091020325119
979.8572042483393
973.5002789307656
967.1935864535474
960.9373116734787
954.7314450696919
948.5757116730207
942.4693259099787
936.4102151094208
930.3935763482119
923.6401366914956
916.9572718839513
910.3484244509218
903.8116607668826
898.2115141130779
891.8052175483093
885.4651231958557
880.0294918142457
873.8105481579192
867.6536038196341
861.6332648250404
856.4019032162714
850.4144844141474
844.5738985096041
837.9373147501447
831.3386014894094
825.5249570950455
818.9855513381614
812.513854109815
806.8506980247184
800.5095773628929
794.2365005530198
788.7493314526391
782.6237621725485
776.5706598618193
771.2665886939385
765.3397286884588
759.4777479016774
754.3358704443926
748.5962492775193
742.9187758378417
737.3022680991216
732.3678180960387
726.8656202877839
721.4224596722826
716.6340856703216
711.2965748233631
705.9930100962956
701.3012763631666
696.1028487053461
690.9741586879102
686.4611789790732
681.680632554573
677.1191776315599
672.6274582471768
668.6921970181103
664.2670286884743
660.5648435020844
656.9135216290248
653.274527818055
649.1094906529975
645.8563322634855
642.1269855292114
639.2057186250266
636.3863746996999
633.6315457850905
630.9801314730731
628.4430682497996
626.0035852894475
623.6824901433178
621.5149928635904
619.4893844222667
617.5285375195175
615.6728296256408
613.8758389704217
612.1128703023428
610.3883601690471
608.7124173538208
607.0806321003862
0
0
0
0
0
0
