22.560692202081555
1.7760632027930114
3.2445037708966993
0
0
0
0
0
0
0
0
0
0
0
0
0
0
0
0
0
0
10040821507573128e-25
10040821507573128e-25
10040821507573128e-25
0
10040821507573128e-25
0
0
0
10040821507573128e-25
0
0
0
0
0
0
0
0
-10040821507573128e-25
0
30995579436421394e-25
7159542292356491e-24
-54424162954092026e-25
0
0
0
0
0
0
0
0
-14551915228366852e-27
0
0
0
0
14551915228366852e-27
0
14551915228366852e-27
0
-14551915228366852e-27
-14551915228366852e-27
-14551915228366852e-27
0
0
-14551915228366852e-27
-14551915228366852e-27
0
-29103830456733704e-27
14551915228366852e-27
29103830456733704e-27
-14551915228366852e-27
0
14551915228366852e-27
-14551915228366852e-27
0
0
10040821507573128e-25
10040821507573128e-25
10040821507573128e-25
10040821507573128e-25
10040821507573128e-25
10040821507573128e-25
10040821507573128e-25
10040821507573128e-25
10040821507573128e-25
10040821507573128e-25
10040821507573128e-25
10040821507573128e-25
10040821507573128e-25
10040821507573128e-25
10040821507573128e-25
0
10186340659856796e-25
989530235528946e-24
-15279510989785194e-25
10040821507573128e-25
10913936421275139e-25
19208528101444244e-25
32887328416109085e-25
5675246939063072e-24
0
9604264050722122e-24
9502400644123554e-24
9415089152753353e-24
9313225746154785e-24
9225914254784584e-24
9124050848186016e-24
9036739356815815e-24
8949427865445614e-24
8862116374075413e-24
8774804882705212e-24
868749339133501e-23
860018189996481e-23
8512870408594608e-24
8425558917224407e-24
-8338247425854206e-24
-3128661774098873e-24
-11932570487260818e-25
10040821507573128e-25
-7712515071034431e-25
0
0
0
0
0
0
0
0
10040821507573128e-25
10040821507573128e-25
0
0
10040821507573128e-25
10040821507573128e-25
0
0
10040821507573128e-25
10040821507573128e-25
0
0
10040821507573128e-25
989530235528946e-24
989530235528946e-24
1382431946694851e-24
1382431946694851e-24
1367880031466484e-24
19936123862862587e-25
1076841726899147e-24
15425030142068863e-25
22118911147117615e-25
3157765604555607e-24
4496541805565357e-24
6373738870024681e-24
9022187441587448e-24
12718373909592628e-24
1788430381566286e-23
25072949938476086e-24
2482556737959385e-23
24578184820711613e-24
34153345040977e-21
47322828322649e-21
65410858951509e-21
9013456292450428e-23
12385135050863028e-23
1697189873084426e-22
23191387299448252e-23
316067598760128e-21
3129098331555724e-22
42413012124598026e-23
5733309080824256e-22
7729540811851621e-22
10393414413556457e-22
10289950296282768e-22
10187504813075066e-22
10086223483085632e-22
99858152680099e-20
9886425687000155e-22
9788054740056396e-22
12926611816510558e-22
17028942238539457e-22
2237778971903026e-21
293346238322556e-20
3836030373349786e-21
5004199920222163e-21
6512447725981474e-21
8455084753222764e-21
10951276635751128e-21
14151170034892857e-21
18243503291159868e-21
23464992409572005e-21
30111768865026534e-21
38553494960069656e-21
49250462325289845e-21
6277453212533146e-20
7983457180671394e-20
0.00010130714508704841
0.00012827392492908984
0.00016206649888772517
0.00020432054589036852
0.0002570407959865406
0.00025448319502174854
0.00025195103080477566
0.00024944408505689353
0.0002469620812917128
0.00024450477212667465
0.00024207191017922014
0.0002396632480667904
0.00023727855295874178
0.00023491759202443063
0.0002325801324332133
0.00023026591225061566
0.00022797472774982452
0.00022570634610019624
0.00022346053447108716
0.00022123706003185362
0.00021903571905568242
0.0002663765335455537
0.0003233500465285033
0.00039178907172754407
0.00047384972276631743
0.000572063639992848
0.0006893977260915563
0.0008293225982924923
0.000995890615740791
0.0011938246752833948
0.0014286191872088239
0.0014144041924737394
0.0014003306278027594
0.0013863971107639372
0.0013726022298214957
0.0013589446025434881
0.0013454228756017983
0.00133203569566831
0.001318781723966822
0.0013056596217211336
0.0012926680938107893
0.0012798058305634186
0.0012670715659623966
0.0012544639903353527
0.0012419818522175774
0.0012296239438001066
0.0012173889845144004
0.0012052757374476641
0.0011932830821024254
0.0011814096942543983
0.0011696544679580256
0.0011580162245081738
0.001146493770647794
0.001135085942223668
0.0011237916769459844
0.0011126097524538636
0.001101539091905579
0.001090578589355573
0.001079727167962119
0.0010689837072277442
0.0010583471303107217
0.0010478164040250704
0.0010373904660809785
0.0010270682396367192
0.0010168487642658874
0.0010067309340229258
0.0009967137884814292
0.0009867963381111622
0.0009769775497261435
0.0009672564337961376
0.0009576320735504851
0.0009481034794589505
0.0009386696910951287
0.000929329777136445
0.0009200827917084098
0.0009109278034884483
0.0010206840524915606
0.0011423399264458567
0.0012770281464327127
0.0014259722520364448
0.0015904921456240118
0.0015746664867037907
0.0017524341528769583
0.001948128396179527
0.002163318305974826
0.0023996861855266616
0.002659033561940305
0.002943287356174551
0.003254506067605689
0.0035948862496297807
0.003966768927057274
0.004372646173578687
0.0048151678493013605
0.005297148207318969
0.0058215727331116796
0.006391604882082902
0.007010592889855616
0.007682076524361037
0.008409793844043265
0.009197687818448168
0.010049912960503272
0.010970841774458943
0.011965071097966629
0.013037428276900576
