28.31605294784822
49.886152103645145
16.98902861372335
7.344165742455516
1.5890051041496918
8.152683715292369
8.546572537510656
10.58533900459588
0
0.12405266978021245
0.5429892142710742
5.2164400168840075
0
1.3472403982450487
1.3625822945177788
0
2.0623508019343717
1.9700844896869967
1.906142060746788
2.9599176803894807
5.390214227678371
5.426823476649588
5.6250728916347725
5.80498935408832
0
7.424556506841327
0
0
0
0
0
0
10.21585726448393
3.155098724309937
3.964558948908234
0
0
0
0
0
0
0
0
0
0
0
0
0
0
0
0
0
0
0
0
0
0
0
0
0
0
0
0
0
0
0
0
0
0
0
0
0
0
0
0
0
0
0
0
0
0
0
0
0
0
0
0
0
0
0
0
0
0
15.788621349842288
15.53693320734601
5.670113769519958
20.984620354283834
0
0
5.326041168824304
6.08175091339217
0
0
12.958992826548638
1.910233253496699
6.585268409893615
0
8.969174193727667
7.384991742233979
6.375920752732782
1.7008763181074755
0.4375413653906435
7.703419147335808
7.9151924514444545
12.665275422943523
16.10596904286649
16.031128244605497
15.561578652486787
14.941796918370528
15.568406041653361
15.465540202756529
15.29542842975934
14.64273399337253
13.990744016628014
13.138827545102686
13.1157816008199
13.927587869533454
13.60763393509842
12.973348510611686
6.173128355687368
12.981586439127568
13.351410661751288
13.7955563749274
7.165236312590423
13.719393967956421
14.083515735736
14.711072402453283
16.1405789769924
17.076306700284476
17.330336949249613
16.837029683214496
17.051843028340954
17.724694732634816
18.91260885495285
14.314205394417513
17.353041999900597
22.028102846554248
16.118796731941984
23.555789272402762
24.412671915939427
24.19836341413611
24.89513909332163
25.0597699447826
25.35415685379121
15.085904066683725
14.748999287345214
13.627405708626611
26.195083895639982
24.596838683180977
17.914317765651504
18.156405278321472
17.4106572867895
14.709432019124506
14.065160784055479
12.57289982085058
3.4823562232777476
7.248084926017327
5.463159854596597
3.9641104818874737
2.9464191133884015
0
0
5.766623497474939
6.0151603576377966
6.621508201686083
6.79874534146802
7.208067566200043
7.949205901561072
3.0302064908173634
3.044759463315131
3.0521498803718714
3.0738697115157265
3.061356542559224
3.0354084803693695
2.9118808133353014
2.6253467370406725
0
0
1.9845561547554098
1.9795694933709456
2.000304886038066
2.1677620413829572
2.268908885846031
0
2.2137345434748568
2.2482931899721734
2.2132216314494144
3.9038502307375893
3.8970224813529057
0
0
0
2.3423299057467375
0
0
0
0
0
0
3.9208289679518202
0
0
4.419434541472583
0
0
3.9562674620974576
0
0
0
0
0
0
0
0
0
0
0
0
3.9612234154483303
0
0
3.9596517217723886
0
0
3.9621967649291037
3.964089028071612
0
3.9703559382032836
0
0
4.0001182658888865
0
0
4.010714564690716
0
0
4.012567631463753
0
0
4.0110970605310285
0
0
4.014736622979399
0
0
0
4.019665159998112
0
0
4.0229190614045365
0
0
4.038236634107307
0
0
4.266490416994202
0
0
0
4.047011398070026
0
2.415473592162016
2.4138674297282705
2.4129070431372384
2.3554274096823065
2.437096478199237
0
2.469685628719162
2.506267398086493
2.510330992634408
2.5183195333956974
2.5261286932363873
2.5318240954948124
2.5380561123311054
2.545986134937266
2.5539287610154133
2.5591005052265245
2.56110880774213
2.558223714499036
2.55685806076508
2.5558509188704193
2.555448061786592
2.5547157977998722
0.8333542197360657
0.7685058297518859
0.7477383370180071
2.822673093709812
2.4794772079990337
0.7620708147740514
0.6993852329128541
