0
0
0
0
0
0
0
0
0
0
0
0
0
0
0
-0.04732047636935022
0
0
0
0
0
0
0
0
-0.6819561044248985
0
0
0
0
0
-2.135743197897682
0
0
0
0
-4.821912149316631
0
-1.2305133477493655
-2.581467931930092
0
0
0
0
0
0
0
0
0
0
0
0
0
0
0
0
0
0
0
0
0
0
0
0
0
0
0
0
0
0
0
0
0
0
0
0
-0.5974792335910024
-0.6750920316408155
0
0
0
0
0
0
0
0
0
0
0
0
0
0
0
-0.09180586025468074
0
0
0
0
0
0
0
0
0
0
0
0
0
23137545213103294e-25
0
0
0
0
0
0
0
0
0
0
0
0
0
0
0
0
0
0
0
0
0
0
0
0
0
0
0
0
0
0
0
0
0
0
0
0
0
0
0
0
0
0
0
0
0
0
0
0
0
0
0
0
0
0
0
0
0
0
0
0
0
0
0
0
0
0
0
0
0
0
0
0
0
0
0
0
0
0
0
12369127944111824e-25
10040821507573128e-25
0
0
0
0
0
10040821507573128e-25
0
0
0
0
0
1280568540096283e-24
10040821507573128e-25
10040821507573128e-25
0
4656612873077393e-25
0
0
0
0
0
0
0
0
0
0
0
0
0
0
0
0
0
0
0
0
0
0
0
0
0
0
0
0
0
0
0
0
0
0
-0.0012670715659623966
-0.0012544640194391832
0
-0.0012296239583520219
-0.0012173889990663156
0
-0.0011932831112062559
-0.001181409737910144
0
-0.0011580162536120042
-0.0011464938143035397
0
-0.00112379172060173
-0.0011126098543172702
0
-0.0010905786621151492
-0.0010797272407216951
-0.0010689837363315746
0
-0.0010478164622327313
-0.0010373904224252328
0
-0.0010168487642658874
-0.0010067309922305867
0
-0.0009867963817669079
-0.000976977520622313
0
0
0
0
0
0
0
0
0
0
0
0
0
0
0
0
0
0
0
0
0
0
0
0
0
0
0
0
0
0.7685058297518859
0.7477383370180071
2.822673093709812
2.4794772079990337
0.7620708147740514
0.6993852329128541
