122.3284731426078
121.11128449762832
119.90620708202506
118.71312038705224
117.53190510304607
116.36244310749377
115.20461745322123
114.05831235669832
113.27097769137445
112.37151368657112
111.50353083342203
110.64697220044276
109.54601643189714
108.8660809908655
107.9415456809119
106.8675093560151
105.88413570751034
104.87767125797299
103.83412099295604
102.80095422656706
101.77806764126856
100.76535894754964
99.76272687369672
98.77007115566715
97.78729252706175
96.81429270919868
95.85097440128554
94.89724127068837
93.95299794329976
93.0181499939999
92.09260393721473
91.17626721756746
90.26904820062236
89.37085616372185
88.4816012869136
87.60119464396905
99.71910183574232
111.03852667118602
116.45960943458701
133.8415972853623
142.37464901139163
141.8549336625226
141.32054458956202
149.11518086997808
148.5022257484362
147.79665172615134
149.44070141744933
150.99882812518584
152.48333160254708
153.90456300819366
155.2683664617235
156.57749000661525
164.60606795348218
170.75512230635033
169.61747714772773
168.47542818375615
167.32754506919025
166.17262678532813
165.00944322288967
163.83621806167403
164.90224679428735
163.66798842284217
162.378334171642
161.00298341717237
159.55508148916115
158.0627565828935
156.55696436243093
155.05998086873583
153.57191498573548
152.0658449295819
157.38015393507214
155.8141952388366
154.26381809197053
152.72886745546734
151.21333598070115
149.7484333269984
148.34585903774433
147.00271393257512
150.03713360651125
152.83310692995332
151.45016156438038
152.2102047415506
150.85826904555026
149.52812555693305
148.0402958484663
146.56727029295166
145.12344957079097
143.67944712066725
142.24981273498904
140.8344034491262
139.55579473655698
138.38445796481716
139.60712720729575
138.92324845784094
137.75529647321432
154.2055017955585
164.17156530619164
178.10477622579958
189.65545277226624
194.73257032876705
179.68178084422166
166.36204389461324
164.30853669685138
162.22114024133847
161.1868862777468
159.99743009767016
158.20414586690737
155.9294250994849
152.7003385304957
147.85246585458688
145.31899226874245
144.68943741342108
143.55610220458823
143.42218182955472
143.17098729926246
142.61349742256735
141.85431444244983
140.9841517792132
140.06663358466722
139.01391001347392
138.15409063030566
137.31355434349905
136.4708790345512
136.02203263306552
136.42362375122636
136.815182305658
136.9739364855736
136.9692824928256
136.63633141998446
136.54619545916697
136.39417827036945
136.30252816509093
136.15399356607358
136.02720819457292
135.8685605127886
135.59159333100902
135.1695605209847
134.88387561635045
134.6332567126021
134.53840584398472
134.26810577594773
134.1201615252767
134.0034212150998
133.89566853307514
133.77751199186866
133.5684314209607
133.31648555975724
133.15032252868477
133.05280216811022
133.09357567680192
133.18089724979575
133.1526785154601
133.1790647805852
133.33733856896632
133.54992700606223
133.05974147285795
131.7357749239101
130.4249820622351
129.12723180745425
127.84239438346036
126.57034130544044
125.31094536702678
124.06408062757582
122.82962239957483
121.60744723617215
120.39743291883286
119.19945844511719
118.0134040165791
116.83915102678785
115.67658204946501
114.52558082674496
113.38603225754552
112.25782238606087
111.14083839036282
110.0349685711222
108.94010234043428
107.85613021076415
106.78294378399578
105.72043574059205
104.46774131061463
101.82335320174982
99.03329733490375
96.68979788608607
94.9434766562501
93.3671742010007
91.7209937372975
89.8168668556208
87.98115394492528
86.38561293974445
84.8652458250735
83.31557394571293
81.68966290453889
80.12208984469486
78.98224029501388
78.40200624009681
77.73549875352941
77.24291834360486
76.8093327850209
76.39761684137947
75.99589029967146
75.60021601720366
75.20942414029616
74.82319381571786
74.4414069473212
74.0640183353694
73.69106796358972
73.32270818844898
72.9591966316607
72.60083951743846
72.24792624840167
71.90070427119693
71.55939136706638
71.21892598798709
70.75516719958404
70.29891174803649
69.85014463649351
69.40875932735548
68.97456234977261
68.54728777414054
68.12659213008078
67.71202537813328
67.30292616502226
66.89809047673349
66.49505607549256
66.09360305919488
65.70000580850599
65.31608747155538
64.76712933936419
64.12268563484831
63.484654252331765
62.85297138814453
62.2275738734737
61.60839916804669
60.995385353877005
60.38847112907234
59.78759580170449
59.192699283740055
58.60372208503129
58.020605307367696
57.443290638585516
56.87172034673666
56.30583727431587
55.74558483254412
55.19090699571042
54.641748295568924
54.098053815791914
53.559769186478356
53.026840578716694
52.49921469920205
51.97683878490693
51.45966059780437
50.94762841964486
50.44069104678378
49.93879778506143
49.441898444733354
48.949943335451536
48.46288326129498
47.98066951585045
47.50325387734152
47.030588603806486
46.562626428324144
46.09932055428692
45.64062465072137
45.18649284765488
44.736879731528674
44.29174034065653
43.8510301607283
43.41470512035881
42.98272158668039
42.55503636097969
42.13160667437776
41.712390183553
41.29734496650706
40.88642951837237
40.47960274726163
40.07682397015879
39.67805290885037
39.283249685898
38.892374820650375
38.50538922529524
38.12225420095054
37.7429314337946
37.36738299123463
36.995571318113335
36.62745923295358
36.263009924240116
35.902186946738375
35.544954217849885
35.19127601400405
34.84111696708581
34.4944420608986
34.15121662766299
33.811406344549546
33.47497723024688
0
0
0
0
0
0
