12033.410650138147
12161.700925562141
12148.647750559056
12142.356361291702
12030.935920249412
11953.843665515686
11807.183208544033
11668.965366739372
11502.235940505503
11214.823709459219
11033.873355607257
10858.976936364534
10644.606902711399
10546.316168672429
10595.018204881235
10651.927469012708
10673.964967502701
10688.875425599294
10672.393032917738
10595.82615362021
10499.153961424021
10387.4562188895
10231.545107680386
10022.779471824319
9794.615129304082
9516.34597971322
9274.733815447957
9535.075998627093
9206.355680772394
9000.217136027395
8798.479624882724
8820.177008965697
8645.716704808454
8470.419828776647
8386.469388889698
8181.639849275539
8348.293292448272
8516.301526124089
8730.313288233592
9141.49019894011
9280.142627646286
9295.474841939349
9304.33252070604
9346.216522051931
9563.51480697503
9628.031287159269
9669.844366849944
9711.395274156162
9752.48457917608
9792.983209901926
9832.858728008214
9872.138789415101
9900.315801781024
9983.65153137819
10063.002237713497
10165.93672248309
10197.205551181538
10227.180546876529
10259.053143034338
10291.022560669868
10344.54228479969
10367.323019957774
10383.801873327158
10379.939311750311
10367.409861088476
10459.77337580551
10553.290679039112
10616.407436861331
10664.436459729564
10704.614269966156
10730.71490209556
10712.960477726261
10710.628766898619
10711.793043550206
10710.79588057973
10707.187834348226
10834.59319097023
11069.03886153446
11171.791213253307
11229.85518027679
11364.23580298672
11374.680565060084
11391.807631911644
11398.775092793563
11390.174994632678
11370.831616689164
11368.761181757738
11322.821051542685
11265.596135234371
11203.10696139135
11161.547720538332
11094.564384167406
10977.384340905239
10844.809880730008
10715.984141781695
10705.110657772937
10615.18977239607
10519.744617611417
10415.777854279102
10307.93920145092
10106.330774865679
9806.333286161112
9652.712165785973
9528.78036039559
9392.122648672967
9264.135908991964
9141.808145743047
9069.47492897015
9005.842184120595
8958.098151498087
8890.392264803617
8860.272721068548
8828.502131963265
8836.904016909557
8858.020824373392
8887.05832830256
8950.944929275214
8910.578542379742
8870.471679234675
8824.551294836589
8786.564417335156
8747.207019742187
8702.678930749546
8660.203397931966
8623.689441753202
8574.034484811342
8520.611639070916
8472.34010533988
8418.467763204255
8363.284446929709
8314.435174336993
8347.91690106589
8289.617487380423
8233.864910089855
8187.832221735784
8214.001590646683
8153.203352315606
8091.406109852731
8136.368543897344
8090.236592450594
8042.539016021091
7991.207138526186
7931.259136982407
7873.577179784513
7831.96442285408
7815.550149565001
7822.058500261973
7880.28028297686
7806.780614003509
7802.223918169955
7797.035065612418
7784.551996851679
7779.102411790587
7698.331760802852
7620.296692340907
7545.082782060836
7472.4150098165765
7445.762316733393
7435.146335265727
7456.5925526658475
7450.245660755072
7442.5317206619675
7432.2357587759925
7419.5868028025625
7410.080746336126
7401.1809248454365
7389.172513242931
7370.4872609120275
7344.86592663977
7330.266415661403
7322.984666614261
7333.645771540632
7335.549875078986
7290.912501950243
7247.095611554166
7204.327292711965
7162.676062741351
7119.863416402702
7125.797419840117
7070.3843269418285
7013.290021136235
6956.5620780857635
6900.180790711111
6845.644629439029
6792.981711767184
6741.119217070637
6694.466195650585
6650.851038887375
6610.406580362379
6571.319226390419
6532.2096399537795
6492.117709847208
6439.344733785537
6391.596705943252
6352.751094945167
6313.0699634861585
6273.193192970976
6234.572048391345
6196.44903907281
6164.817759675774
6131.839973284222
6099.158276401601
6066.544648198736
6033.991508547833
6001.495998651243
5969.058696942217
5936.683070808778
5904.3750576685115
5872.142531615896
5839.994632085647
5805.545659939265
5773.583423891368
5741.681219003538
5706.859600645668
5673.853335516105
5641.005162020654
5606.19695852863
5574.867610142649
5543.700600280653
5512.704555582001
5481.887841466706
5451.258525002072
5420.824293900482
5390.592451964217
5360.569069317097
5329.654879163643
5299.0361573303335
5268.690072365546
5238.206426414503
5206.784432989039
5176.918754967233
5147.370768443804
5116.869427241359
5087.951919098748
5059.358608593979
5028.563425969991
4999.024363041496
4968.59506515518
4936.977948139545
4904.22450106712
4871.769943786316
4840.619886972045
4808.731360177187
4777.252495219519
4747.144932511251
4716.478844848829
4686.233088459104
4657.260941021713
4627.927455204882
4599.040985204275
4571.221484689312
4543.160986904257
4515.516549563736
4488.776580942255
4461.933381431318
4435.489919707574
4409.440388946504
4384.080014011096
4358.3254981650125
4332.649080951806
4307.878939157119
4282.912332605093
4258.229083031676
4234.214490679275
4210.156411062254
4186.386300047588
4163.198155686082
4140.916142579518
4120.039810153891
4099.013124843879
4078.259755232224
4057.691107799661
4040.343044196313
4023.340662876482
4006.484150531753
3984.787410808072
3969.3589823563707
3951.125337992962
3937.2078026567456
3923.8625312361305
3910.8113148229468
3898.200344846059
3886.0720389794155
3874.3653510177032
3863.1576154223576
3852.5755764965616
3842.4198219474492
3832.4076683859726
3823.223680707677
3814.321190264479
3805.420778754196
3796.6331082772144
3788.0748299634943
3779.7276794041895
0
0
0
0
0
0
