3722.6006811681596
3686.0447084601583
3665.232016334621
3652.0493246915826
3606.0257083932875
3565.3720822989153
3509.0926275401775
3458.169130644538
3413.565558468898
3371.872866747234
3339.448538679211
3313.859949810686
3285.0357667842914
3284.755136123173
3310.205147097629
3327.5440170443344
3338.1930635544522
3361.7397554176655
3382.707549539286
3371.741416702569
3344.4918279164417
3293.612371482357
3236.8838848143223
3182.061553185009
3119.5199277334596
3044.9818492099166
2984.484164773504
3027.967284471415
2948.303402651225
2900.8816128694816
2853.4746057672382
2872.0108752195893
2841.3019854832887
2812.7348401422423
2790.3532245506467
2740.0651938173346
2789.379181740028
2837.1927927972374
2898.8947420914005
3020.826290137686
3043.490451374499
3037.6781873871087
3024.582792965707
3037.834568359978
3086.538673532119
3099.75156298358
3103.5456427314475
3107.2678717702947
3110.877738990748
3114.3502210719653
3117.681311598237
3120.879706609278
3119.2804934527258
3134.630441292041
3147.249760622873
3167.3058510992087
3173.017554554081
3178.02269599908
3183.10168837937
3188.2661529354373
3199.3290249649963
3201.016756750231
3202.331742751075
3203.3899734722404
3201.8241347812077
3225.3752208304454
3249.821193396516
3272.117561379349
3292.9607513833735
3309.2640978626973
3324.5049215662957
3318.7358964113123
3315.4229833079326
3313.1428127338327
3310.3442800230023
3306.906595649171
3334.3690265548435
3408.8193069016784
3434.2089491252455
3450.0810209078777
3477.3150210304857
3481.721068172083
3482.3159460342295
3479.382105840115
3471.916261823585
3461.205623057489
3453.1530038338296
3435.3629195311323
3413.3092110777193
3389.3712061526057
3369.9808427443063
3344.4705830382545
3315.596061843188
3276.987478222977
3231.8337320258042
3212.874459708005
3189.882638681503
3168.5465884228774
3148.430737969289
3115.7333436787067
3071.136410029029
3021.277424678963
2982.157568986764
2981.600762433486
2949.954565489187
2913.082082555866
2870.8187526666925
2849.2661766041265
2829.3782266076387
2812.8879598197373
2786.8750673013
2770.803985571135
2754.370889669768
2749.95207294052
2749.7085174764497
2754.3140134866826
2770.7191450329537
2757.589710100324
2744.460435556315
2729.5996379575417
2718.2914423328925
2705.554670631483
2692.258733971066
2679.1005010849954
2666.8770522240065
2651.346859379732
2635.1471040681936
2620.988829283036
2606.1171530380702
2590.4609157893656
2576.203923646398
2584.863437659907
2567.8181110795126
2551.7868810975424
2538.626428830934
2548.378807757417
2531.853776826269
2515.510536851794
2531.838715147269
2520.0499428184407
2508.954958139797
2496.8438739819035
2481.656930185548
2467.1372423915277
2460.83019617831
2457.095839864616
2459.8644022160743
2476.1110767428654
2459.6844543613597
2460.4486514425016
2460.729589376734
2456.6640711870527
2454.5520509606504
2434.1250565307046
2414.397895180111
2395.356460596032
2377.0171002526313
2369.32986712518
2366.4211084649232
2374.1891560383806
2373.014935685915
2371.710578107598
2369.834868038221
2366.5581380219483
2364.018384255701
2361.45334743922
2358.0768762239627
2353.065846951176
2345.750308503158
2341.638369040824
2339.398401727331
2341.352885424852
2340.516803029346
2328.05294824651
2315.71016864994
2303.7609289696625
2292.265634782877
2280.4609671227304
2281.977207652391
2265.5998924573005
2249.040109935823
2232.180301340839
2214.332723306178
2196.747160505506
2179.461175247139
2162.3951858195123
2146.7666475998562
2133.960500394249
2122.384844097378
2111.7713041954376
2101.278572954002
2090.835470901959
2076.2517201732708
2061.206561589194
2046.9081369650808
2032.6507023028628
2018.447239774897
2004.386332299888
1990.4261584505969
1978.157951837277
1967.2689602730268
1956.498960910477
1945.7750484721653
1935.0947746854981
1924.4569365299094
1913.8613051351804
1903.308353352254
1892.799025482631
1882.3345747104115
1871.9164851515552
1859.0990044965065
1848.7809599959946
1838.512986743832
1826.0072198149558
1815.8055016786097
1805.6624769919972
1793.2730581395463
1781.995955328694
1770.7854108454185
1759.643435280835
1748.5720824048667
1737.5734715718186
1726.649875119378
1715.8040315921126
1705.0401586355893
1695.6055942299117
1686.2602670733777
1677.0035371288996
1667.8352926197076
1656.5546068627805
1647.5701634140669
1638.679031076893
1627.6978509866594
1618.9999209404987
1610.3998391857604
1600.8530494220681
1590.291514207034
1581.998589785144
1571.6522136361054
1563.5691532156286
1555.5935477932696
1545.5738277676153
1537.8246329474787
1530.1866520712226
1520.4968187399309
1513.085092733366
1505.7880805602547
1496.427889748694
1489.3805020191444
1482.4542006631737
1473.4190119173252
1466.7315363692246
1460.1615449747715
1451.4478043405768
1445.1104141665155
1438.8871139359574
1432.7773192966415
1424.4787661677801
1418.5962855684495
1412.8255224639304
1404.8254656712165
1399.278056687483
1393.841099294614
1386.1254161004504
1380.8713213594085
1375.6628102963546
1368.1172750977366
1363.099804414991
1358.551305307591
1353.7128847271804
1346.4798472221823
1341.8102120981346
1335.6871202138648
1329.6795322547991
1323.7505483677394
1316.5709149681923
1310.865466909686
1306.7338832848936
1301.2206406698547
1295.819761788789
1290.4793303700892
1285.1967210687794
1279.9724737520542
1274.8074951561134
1269.701001037735
1264.6492903419628
1259.5455362368562
1254.3925602362856
1249.5576420444359
1244.7837630175422
1240.0677315908138
1235.4082710923992
1230.804143745657
1226.254508806989
4.777786452546084
4.751866256829087
4.0415984698966
6.038755399172192
6.129346812653714
6.119501158291208
