122.32847314260772
124.4838243039091
123.32365806338127
122.1850319329292
124.93798385250192
127.48713694574896
126.21861873829607
124.96272249789965
123.71932263388894
122.48829480524147
121.26951590814838
120.06286406370447
118.86821860571946
117.68546006865233
116.51447017566366
115.35513182678825
119.62657068240105
118.84397852480302
118.04908275549491
116.87447475631954
115.71155430201546
114.56020509956832
113.42031201309808
112.29176105234657
111.17443936127705
110.06823520678925
108.97303796754606
107.88873812291075
106.81522724199529
105.75239797281708
104.70014403156343
103.65836019196325
102.62694227476464
101.60578713731616
100.59479266325329
99.5938577522859
98.60288231008872
97.62176723829238
96.6504144245713
99.09050776242744
98.1045407363118
97.12838424602404
96.16194067510139
95.20511337838153
94.25780667233732
93.3199258255088
92.39137704902966
91.47206748724852
90.5619052084431
89.66079919562698
88.76865933744804
87.88539641917696
87.01092211378585
86.14514897311555
85.28799041913035
84.43936073526064
83.59917505783079
82.76734936757299
81.94380048122494
81.12844604321178
80.32120451741018
81.25775374646001
82.11791013776208
82.89755636809511
82.0727119004449
87.7577385950548
93.05760023454184
98.24124017869148
103.29782757061705
108.24346539848675
107.16642492220561
106.10010117772234
105.0443875317739
103.99917841211595
102.96436929696542
101.93985670454865
100.9255381827524
141.45372177495818
140.04623372649834
138.65275041811677
137.27313250032145
135.90724201017076
134.55494235747756
133.2160983111494
131.89057598566646
130.57824282769099
129.27896760281402
127.99262038243006
126.71907253074531
125.45819669191309
124.20986677729903
122.97395795287115
123.87059299746642
122.63806000355258
121.4177909178377
120.20966371239648
119.01355757350152
117.82935288954224
116.6569312390633
115.4961753789228
114.34696923256726
113.20919787842442
112.08274753841081
110.96750556655368
109.86336043772627
108.77020173649579
107.68792014608117
106.61640743742132
105.55555645835256
104.50526112289286
103.46541640063347
102.43591830623564
101.41666388903192
100.40755122273131
99.40847939522634
98.41934849850134
97.44005961864266
96.4705148259462
95.51061716512473
94.56027064561212
93.61938023196457
92.68785183435672
91.76559229917241
90.8525093996896
89.94851182685741
89.05350918016525
88.16741195860257
87.2901315517089
86.42158023071238
85.56167113975715
84.71031828721765
83.86743653709894
83.03294160052359
82.20675002730266
81.38877919759062
80.57894731362232
79.77717339153475
78.98337725326749
78.19747951854538
77.41940159693976
76.64906568001035
75.88639473352322
75.13131248974837
74.38374343983229
73.64361282624674
72.91084663531363
72.18537158980337
71.46711514160685
70.75600546448044
70.05197144686235
69.3549426847648
68.66484947473889
67.98162280687686
67.30519435794707
66.63549648454094
65.97246221631302
65.31602524928397
64.66611993921009
64.02268129501869
63.38564497230924
62.754947266918535
62.13052510855051
61.51231605446896
60.90025828325328
60.29429058861628
59.69435237328358
59.10038364293369
58.51232500019856
57.930117638723836
57.353703337288295
56.78302445398137
56.21802392043922
55.65864523613755
55.10483246274197
54.55653021851345
54.01368367277068
53.476238540406776
52.944141076460554
52.41733807074231
51.89577684251237
51.3794052352133
50.86817161125405
50.36202484684621
49.860914326891546
49.364789939920485
48.87360207308083
48.3873016071767
47.905839911756125
47.429168840248416
46.95724072514919
46.490008373253616
46.02742506093718
45.56944452948315
45.11602098045674
44.66710907112517
44.222663909923426
43.78264105196502
43.34699649459747
42.915686673001986
42.48866845583704
42.06589914092493
41.64733645098202
41.23293852939035
40.8226639360127
40.416471643047544
40.01432103092711
39.616171884255266
39.22198438778537
38.83171912243941
38.44533706136549
38.06279956603559
37.684068382381525
37.30910563696908
36.93787383321132
36.570335847618686
36.2064549260861
35.84619468021828
35.48951908369042
35.136392468645646
34.78677952212812
34.44064528255192
34.09795513620458
33.75867481378596
33.422770386981
33.090208265067176
32.76095519155506
32.43497824086305
32.112244815024354
31.792722640427456
31.476379764588604
31.16318455295663
30.85310568574936
30.546112154821657
30.24217326056463
29.94125860883554
29.64333810791849
29.348381965515067
29.056360685765284
28.767245066297765
28.48100619530969
28.197615448675368
27.91704448708403
27.639265253205664
27.36424996888544
27.091971132365693
26.822401515535915
26.55551416120978
26.291282380429415
26.029679749796564
25.77068010883019
25.514257557350305
25.260386452888127
25.009041408121643
24.760197288336883
24.513829208914526
24.26991253284133
24.028422868246416
23.789336065962065
23.552628217108836
23.31827565070457
23.086254931297333
22.85654285662183
22.62911645527918
22.403952984439716
22.181029927568716
21.960324992174726
21.74181610758029
21.52548142271483
21.31129930392965
21.099248332834303
20.889307304155007
20.68145522361395
20.475671305829856
20.271934972239457
20.07022584903962
19.87052376514992
19.67280875019559
19.477061032510314
19.28326103715924
19.091389383981305
18.901426885651333
18.71335454576116
18.527153556920066
18.342805298874026
18.16029133664359
17.979593418680437
17.8006934750422
17.62357361558544
17.44821612817658
17.274603476920785
17.102718300408213
16.93254340997801
16.7640617879993
16.597256586169493
0
0
0
0
0
0
