836.2278638313271
857.8410434320581
856.2619185286687
832.7290608827434
808.1346024216963
773.456513026605
749.4448145073168
727.1558487155049
707.2462708757882
687.7219970368146
670.9232002069572
656.3669073446497
641.7778420052387
635.0542373473517
635.0026218599633
635.2856911997346
635.5279697920517
636.6548526828415
637.4460813468841
631.5412894794563
625.6219438402023
617.9029589532016
609.309500772425
600.8721679811955
592.6437769442193
587.0050494475807
579.9360686426514
590.9817617471452
578.4873523877774
577.0749101757827
575.8633812443205
590.0986743692873
593.5856084248701
596.7738545839935
600.2162263171417
585.7972772213566
594.3751287168899
602.7699983954057
604.6939895597643
634.099964905002
643.0186115264106
647.1725728513478
652.2168594983603
664.9621627636717
681.1738222993365
683.2004790825919
684.5559395012673
685.8797980290185
687.1681614360191
688.4183382011241
689.6310418843225
690.8091545185837
688.2331829689042
686.3789872516298
689.0855361365434
694.0585648155201
694.0466344709075
693.551304087799
693.2472018073206
692.015210718096
690.1954825549103
688.2592010206934
686.3257086762275
684.3778850012097
682.1122490345039
686.7017144628438
690.9555955015621
693.2831580368359
694.8171331331442
695.8362445167284
696.8848062053237
694.2432653230887
692.7304190034577
691.3505106799208
689.8725111817616
688.2718692537629
695.0650765005456
703.0202990223104
707.432853605204
707.1817435113688
715.2604957146931
713.0725532549014
713.0596995250285
712.9449348146633
712.5322373348187
711.9407274682032
713.2683113795931
712.196946276227
711.0966178546641
709.7828152115993
709.747284130954
708.039261348712
701.1054036881167
696.355193030486
695.3425831080666
701.6012773194141
697.4644472749312
700.4126061441166
701.4114590447758
699.816552200142
693.3195251911525
684.7191813302172
674.5192498383285
667.9587611900379
658.0853828953032
645.5729486791679
633.344490591332
624.6960544305763
616.7294371293236
609.7963469000862
601.9906440567489
597.4123638964912
593.0629870763801
591.5361711978413
590.9042529531531
590.8020890997965
593.0543452272977
590.3256364960012
587.5332640631248
584.3329384862386
581.5557612119376
578.8916243719951
575.8680507364651
572.2514289817609
568.8734706139317
564.7523215715266
560.5055453305819
556.3830980419301
551.9706018800279
547.4760212537085
543.0048672004621
542.4198376544348
537.8887237428403
533.518977872816
529.2655686212436
528.9221069237333
524.5225995155764
520.2722696896498
521.125760616829
517.5942338490628
514.3483905324848
511.011464717915
507.5018915123816
504.34530136693445
501.54826352887324
499.8614278989153
499.0722756539897
498.6326536705379
495.5813135336936
495.6411162202409
495.4843090871134
493.81999987581247
492.4040703636541
485.614339336544
478.97965187173463
472.5388548985872
466.26365996999215
463.67166822998644
462.10695936595357
464.288542558252
462.58052557442795
460.8554931971786
459.07653425258377
457.0011448437393
454.9694588946029
452.8348972809356
450.56514698271843
448.1962446921674
445.86328015482565
444.0563305890919
442.7757944361878
440.7579843690103
438.7004200369387
435.7364306048531
432.789465515791
429.8581092810718
426.9392399607591
423.94809097811276
422.1624161398468
419.02706083748456
415.7319376705342
412.39727760534487
409.0548721289047
405.77938115416265
402.62326966806654
399.5206326907265
396.6907328650874
393.573914222691
390.96433195095534
388.21309711259795
385.48595256005075
382.7398153249383
379.43975123788204
376.7710015094593
374.5521190579419
372.29357359080143
370.02490622397784
367.82079478429944
365.6423248433326
363.9438341399585
361.5601293441447
359.19995939304954
356.8407064252962
354.4815743424695
352.12216408257564
349.68469307853076
347.1891966786766
344.6967994823852
342.20795889394645
339.72323832154643
337.62691917698925
335.15166287026955
332.6720638284857
330.56575550203655
328.03919602669765
325.52136920696
323.43073237262064
321.7012452469427
319.98055250186883
318.26938285301463
316.5684585181891
314.87849137234946
313.2001739103479
311.5341590218262
309.881094220506
307.47854475351613
305.0955143764357
302.73234755355077
300.38931592415025
298.4942819243082
296.16786315403675
293.86261601805495
292.03064701429446
289.7688453037079
287.5297051845871
285.56907364689096
283.8302465643771
281.6617504086414
279.9309754318915
277.767599957555
275.6282649508013
273.96544448872925
271.87570390278034
269.81395567700054
268.2293361245873
266.22431529435113
264.24862296357156
262.7450321588895
260.83382874913895
258.9541362876953
257.53147253479773
255.71233575125493
253.92340383590022
252.57968987799714
250.84971376100896
249.14894160707746
247.47711769360154
246.23469370273233
244.619758051618
243.03307926352096
241.86207346395855
240.330295606538
238.82411296323232
237.71672542371334
236.24977021531953
234.7849893567011
233.70214123305948
232.29667932236927
230.98735384488452
229.63442334893463
228.64408371155653
227.33096863297877
226.6939040615312
226.08143154504896
225.48159669999433
224.50120729129
223.97151833815437
222.8796163111647
222.37311260442476
221.89815922874536
221.43541704670926
220.9863872832077
220.5517732670199
220.13095350367584
219.72490889971021
219.33477024906782
218.93857170162747
218.53308537350824
218.19384482086926
217.86731462744748
217.55099005992915
217.24477317339128
216.94889390698384
216.66290377009673
0
0
0
0
0
0
