2510.672486821445
2510.1046588196205
2548.965136401367
2558.6079167101802
2555.6883535680126
2549.233072777398
2514.7935544410916
2465.0907613538834
2414.8985213251076
2368.164106848536
2335.0560913932454
2307.375882525597
2277.874902382326
2281.474479292008
2307.963220339053
2326.9570774095682
2339.378339136044
2350.5358608436795
2350.9044882915264
2346.0968445707044
2332.862084574083
2301.1478546402295
2266.750049095424
2233.6353986078816
2201.392366038254
2145.8765277578696
2114.1281960523984
2174.4560381245687
2110.5448838473676
2063.8755847071707
2031.601877621562
2023.526678032964
1979.622004181951
1926.465266789502
1901.4727219537472
1868.5250804441712
1918.0731536862847
1960.4136587219693
2012.6817361892577
2086.0921722059506
2111.121915831122
2122.7763100865363
2134.017031144209
2146.2199047934437
2185.619747053857
2200.0700100353797
2212.7967980827034
2225.5346201232687
2238.226904054041
2250.8366403713
2263.3519678558223
2275.776862087551
2284.8343377425185
2304.321179322522
2321.5285876494336
2346.465122003105
2362.4930957637353
2376.863901208736
2391.2904203871085
2405.211043612576
2421.8118050493167
2434.169576111629
2446.6681388651195
2459.2543074608684
2470.639982285597
2495.8273288543382
2520.4518020081596
2539.038292871579
2555.4706238747153
2570.822115909358
2580.3930514401827
2591.237368242049
2604.6307353279976
2618.722195211528
2632.2847716193955
2645.1935121989536
2678.1529916869786
2703.9722397811297
2738.318029142137
2764.1662252356145
2804.8596427203624
2817.228492283593
2829.954450104555
2838.5608314095634
2840.2113447885176
2835.6928082246645
2829.2464513539917
2808.303146578568
2780.982578436279
2750.295652026647
2722.5917358018496
2690.462365338426
2648.4457406588676
2589.4079904340474
2524.1881835948634
2470.2033071271403
2414.962121274568
2365.7432408480818
2316.8255041173365
2269.3135856339195
2213.3549649005195
2151.3851590306385
2101.428734988532
2054.139414533483
2003.8371212558902
1955.044908654333
1908.4735819500106
1870.8396633274333
1835.6470377642438
1806.6146101771533
1784.5088439542615
1775.7574153938465
1768.9443337739808
1770.7167744078197
1774.2980106740724
1777.6275998596966
1786.367624608648
1780.6431194565496
1775.361891012768
1768.9008472350213
1763.5864153003931
1759.1867751338623
1754.1972643676925
1750.2178736653084
1748.0833609587714
1743.379197904807
1737.859496079216
1733.6171713021681
1729.286875523819
1724.8529649454695
1721.0792456768038
1728.698112966716
1722.7739360879482
1717.4155633561452
1713.696052391814
1721.1340125861336
1714.1146272128067
1706.3652125929214
1713.480935920631
1708.0596264735689
1703.1447623809884
1697.4057166388152
1688.4835410534606
1678.6395741912056
1667.9057675442302
1662.5581253697476
1660.0771893723318
1660.650584631683
1647.4956740511745
1643.8518692718455
1640.2234962729624
1636.1076640191234
1632.612451295744
1619.2953167424905
1606.58222218262
1594.5866941245315
1583.2227702574157
1577.9550170844132
1573.6035346476872
1571.2608954458683
1567.9193138509795
1564.5070455238763
1561.0805568928156
1557.19624001591
1554.351113084948
1552.5052851925107
1551.7687916777777
1552.212480378846
1555.2263055192225
1562.4454390739672
1576.5105548777265
1594.7992692364344
1608.0177919429984
1599.4101249568766
1590.2752867375261
1581.4163893055354
1572.1613948746517
1561.6897637647867
1557.6515702086822
1546.9642342576926
1536.2505780008946
1525.3093464773463
1514.7099870494362
1504.5656091993249
1494.1630396279702
1484.0876717967865
1474.4079710931574
1465.0884369742366
1456.9568791032655
1448.175336952876
1437.0310348381374
1425.5956305405882
1412.261501463228
1401.5489550552998
1395.6170940812062
1389.1421928713967
1382.5344767102958
1376.574350988945
1370.8391073805221
1366.0585842952767
1360.8543698898625
1355.6957656782508
1350.5580643096628
1345.4390554521112
1340.3376143892776
1335.2532520587442
1330.186164600709
1325.1373160267906
1318.914007066693
1310.349084628715
1303.319824127023
1294.856320643578
1286.4170168267726
1278.7758404672554
1269.5904604262532
1260.4763211464547
1252.8610530738138
1244.9885709901926
1237.1788503778573
1229.4320521420836
1221.7480534460678
1214.126342114521
1206.5656544714793
1199.0104305266957
1191.4723424525691
1182.9685152117981
1174.5548576177257
1166.2363153128772
1158.0099038663964
1151.0528891903145
1142.9921998841198
1135.01522585524
1128.2667480763794
1120.4421820542013
1112.6953703212014
1105.1795175744853
1098.6866694306268
1091.1505481701279
1083.7624452472292
1075.270626479385
1066.8220414496827
1059.4441529651453
1051.0599107557448
1042.7624589437253
1035.5735504487695
1027.4439333326236
1019.4020272021107
1012.4398224696998
1004.5924275943587
996.8399291605132
990.0567866804179
982.394243828722
974.8163451078492
968.2284352348306
960.8102248658806
953.4730336997638
946.2153192802498
939.8958972154007
932.7874629661426
925.7562638397885
919.6261243394611
912.7327419241522
905.8807938239656
899.8696921109041
893.154363448117
886.5291955584626
880.7518552447879
874.6195728473693
868.8181109065023
863.0926977152571
858.1321751217874
852.4920446271988
847.7994536338473
843.1728071863292
838.5577223000831
833.3078440629938
829.2331594550897
824.5687258101099
820.9611911711547
817.4928564910288
814.1137236999955
810.8818942419564
807.8132782338268
804.8830468212002
802.1216859696596
799.5809938998812
797.2483319767871
795.0105237911646
792.9107805570761
790.8914317289815
788.9169003095838
786.9938079639073
785.1370802654924
783.340305152563
-19999999999999997e-25
-19999999999999997e-25
0
-9999999999999999e-25
0
0
