6007.7182890568665
6034.8089571774535
6083.144887983184
6070.194991085414
6016.646054977849
6009.57209105161
5868.022757975672
5720.900194934641
5589.002513528836
5465.6561041225905
5374.75536529202
5288.7170721099255
5202.2498669968945
5176.453129335002
5208.306224744557
5234.991795217194
5258.577798980905
5276.1139518618575
5254.612265303231
5207.225749153173
5142.3699035109685
5059.439761509847
4960.048316195383
4863.802382286271
4770.073161311123
4643.462284555401
4549.983945943389
4690.254297042555
4530.70529367215
4428.04557017444
4358.314948204081
4365.258936108863
4306.942512269417
4250.714617109455
4221.000815212214
4160.2574250470325
4246.280230943583
4338.829960232387
4468.567704192464
4649.406686852362
4703.393622908307
4701.63809014427
4691.49243687367
4701.601076507182
4784.258636713589
4806.345419629732
4821.731549220331
4837.062915353698
4852.267040872312
4867.298333121785
4882.148215618852
4896.83112865665
4898.452599480642
4927.746049229214
4956.887780043508
5004.332949623173
5026.422174606031
5048.206913259658
5071.100219968923
5094.240274792891
5127.232383737675
5148.090597273953
5168.823130310261
5189.400992633238
5206.8471188159765
5258.058343628847
5309.907473756065
5349.465856843325
5386.677698110044
5420.356320630592
5439.67276070164
5456.661168805225
5479.371835267575
5503.967063765419
5524.514009887346
5543.799564446762
5612.211619182355
5703.631377316924
5776.042049663942
5828.22877151705
5910.914535690198
5934.794889752347
5956.77392774961
5970.966506896744
5972.223115085265
5963.399604202869
5956.679624162031
5919.956885934206
5873.585387265249
5818.729605006133
5768.028592540212
5707.608241564537
5631.379085206217
5526.58946503826
5413.244968513011
5348.593515077739
5280.864985685028
5217.912835462948
5153.750048912451
5089.721239254941
5002.473526838872
4896.206357787462
4803.704823149864
4754.223895204511
4678.770268433921
4602.885347907347
4516.5428314472165
4470.807292832836
4430.013344230408
4399.7590660593
4365.493331392419
4349.339311132455
4334.1592475172165
4341.483926055203
4353.9242352246965
4366.364980319746
4394.017689334359
4377.968275467185
4362.982897238846
4345.481531620001
4330.640383222312
4317.6071492348165
4302.939999165976
4290.773257850986
4283.203502387979
4269.11848557591
4253.01462341723
4239.903210063115
4226.7119128696895
4213.418346584861
4202.5269725535745
4227.018519587369
4211.681735643003
4197.5465256270345
4187.980485142293
4212.414710758804
4195.138114456418
4175.701035782987
4200.924398047067
4185.3466216019915
4171.308266491131
4155.369427489299
4131.483708893141
4104.5164941471685
4080.3794991047125
4068.3093917156407
4062.0824521128206
4067.0707643053643
4025.9697790079413
4010.0558843400804
3994.7289619393005
3981.356405541184
3968.9223161626655
3925.7719390095526
3884.0104355667163
3843.7485462177947
3805.1009653742026
3785.749341995303
3769.983559013166
3760.5341066483143
3748.4129144605895
3736.5808503872504
3723.48633370803
3708.5848869138936
3696.203064302399
3685.9477090074633
3677.450664008059
3669.5488028332197
3662.701383820232
3663.7258387512134
3673.3682617438826
3693.5553238402185
3706.4643461247106
3683.517950668732
3660.35045528842
3637.551141015797
3614.276602180357
3588.726024324023
3584.533976564172
3560.7930255835804
3536.5419099663004
3512.1973890394042
3488.246307869863
3466.0453517050323
3445.345480254573
3425.128891194687
3406.2548751906907
3389.8926142420396
3376.4152639876165
3362.604118836025
3347.430119412801
3331.871199447176
3311.8685806432995
3293.8034240444395
3281.78552947639
3269.0253128437307
3256.0619225323926
3241.651486671884
3227.47675054936
3216.115142457137
3203.7575793517112
3191.50448679631
3179.297516122308
3167.1335640103657
3155.011334471688
3142.9306763335367
3130.8925788174847
3118.8992215202175
3106.9538231577685
3095.0602313382246
3081.352467815218
3069.556925128415
3057.130524082056
3041.68717227281
3026.2415710117793
3010.900149821547
2995.6449934352504
2982.555406544979
2969.5528417178934
2956.6403829185147
2941.0804881771787
2923.777338584664
2906.613479696924
2889.5889994027716
2872.7002818120986
2851.756646001976
2831.017028868052
2810.4882983048433
2790.1695657565197
2773.647151198067
2753.7244347628994
2734.009035518993
2718.024469801823
2698.7040426546623
2679.5908302932417
2661.7491917265797
2646.492219756542
2627.978245466696
2611.8891351436096
2592.4904014413523
2573.266651210925
2557.5251514981783
2538.624146043764
2519.959984015122
2504.7957638277508
2486.594291110116
2468.634766153494
2454.098467379731
2436.653486169711
2419.4639361104364
2405.385054442906
2388.4407973483953
2371.736135544525
2358.21267012596
2341.963716229042
2325.9450068174788
2310.153077769154
2297.3981059185326
2282.0368144117692
2266.894540508795
2254.6768990169935
2239.939914076103
2225.370076876502
2213.576798619347
2199.3553575935666
2185.284006495535
2173.9170934792414
2160.631481316725
2148.0280183946265
2135.411262843183
2125.3116690629636
2112.96394481866
2104.4528925891314
2096.1391692135608
2087.9143586095574
2077.2622621155015
2069.95177708221
2059.568675709258
2053.020783087984
2046.777732470241
2040.6851895759391
2034.8066697933011
2029.161461924873
2023.7231958481202
2018.5263135072773
2013.6261740785342
2008.8958513185219
2004.2097354970906
2000.0057002760493
1995.950466434691
1991.9950412178164
1988.1449928682553
1984.4156218093126
1980.798374867414
0
0
0
0
0
0
