372.2279194278239
368.5763534928842
364.9611212460735
356.13936116115786
352.59571531013773
349.08732932348136
345.61385236066457
342.1749370710943
338.7702395603787
335.39941935592907
332.06213937291506
328.7580658805577
325.48686846875387
322.24822001503736
319.04179665186297
315.8672777342226
312.7243458075795
309.61268657612123
306.5319888713318
303.4819446208737
300.4622488177798
297.47259948995463
294.5126976699728
291.58224736518525
288.6809555281212
285.80853202717685
282.96468961761
280.1491439128097
277.36161335585894
274.6018191913789
271.86948543765385
269.16433885903115
266.4861089385983
263.834527851132
261.2093304363132
258.6102541722137
256.0370391490398
253.48942804314646
250.96716609129857
248.47000106519994
245.9976832462666
243.5499654006569
241.12660275454584
238.7273529696496
236.35197611899093
234.00023466290423
231.67189342528462
229.36671957006803
227.08448257794777
224.824954223323
222.58790855147515
220.37312185597273
218.18037265630102
216.00944167571237
213.8601118192994
211.73216815228596
209.62539787853154
207.5395903192533
205.47453689195714
203.43003108957942
201.40586845983626
199.40184658477733
197.41776506054595
195.45342547733577
193.50863139955158
191.58318834616514
189.67690377126632
187.78958704480885
185.92104943354818
184.07110408216488
182.23956599458324
180.42625201546775
178.63098081190932
176.85357285529153
175.09385040333765
173.35163748233614
171.626759869543
169.91904507575975
168.22832232808292
166.55442255283046
164.89717835862797
163.2564240196764
161.63199545917433
160.02373023291167
158.4314675130259
156.85504807191796
155.2943142663301
153.74911002158103
152.21928081595877
150.70467366526793
149.20513710753107
147.72052118784345
146.25067744337434
144.79545888852584
143.35472000022952
141.92831670339575
140.51610635650616
139.11794773734925
137.73370102889794
136.36322780532808
135.00639101817484
133.66305498262903
132.61165077975187
131.29214280770606
129.98576415935145
128.69238419573452
127.82845732490392
126.5565429229437
125.29728428073979
124.05055547137863
122.81623182094026
121.59418989603111
120.38430749144037
119.32484957332503
118.28726639595678
117.1102884299706
115.9450215904194
114.7913493496484
113.649156339472
112.51832833963742
111.65193352669255
110.54097822588503
109.44107711501786
108.35212020306324
107.27399859342253
106.20660447303646
105.1498311016033
104.10357280090541
103.06772494424081
102.04218394596047
101.02684725111021
100.02161332517414
99.02638164392224
98.0410526833568
97.06552790976062
96.0997097698438
95.14350168098724
94.19680802158499
93.2595341214826
92.33158625250847
91.41287161910296
90.50329834903694
89.6027754842251
88.7112129706313
87.82852165326042
86.9546132612457
86.08940040301931
85.40321453344608
84.7777111326991
84.17761976564547
83.58529287303838
82.99078350492167
82.3875322785903
81.77161461350116
81.14114780243193
80.49570425977439
79.83580362142105
79.1628890171718
78.47858101926688
77.78485663863248
77.08301514368748
76.37465397378237
75.6602373062368
74.9406500642968
74.21592564347482
73.48647055515356
72.75526795594298
72.03134094415752
71.31461712649275
70.61690885889149
69.93036090687599
69.24804793353694
68.56810425291737
67.8896880556974
67.21417437282605
66.54538216340403
65.883244547653
65.22769531125968
64.57866889875406
63.936100406954004
63.299925578474955
62.67008079530381
62.04650307243746
61.42913005158395
60.81789999492671
60.21275177895074
59.61362488833011
59.02045940987653
58.43319602654771
57.85177601151607
57.2761412222955
56.70623409492773
56.141997638224524
55.58337542807041
55.03031160177871
54.4827508525059
53.940638423720856
53.4039201037288
52.8725422202505
52.34645163505493
51.82559573864499
51.309922444997035
50.79938018635204
50.29391790805863
49.79348506346778
49.298031608877935
48.80750799853083
48.32186517965662
47.84105458756877
47.36502814080731
46.89373823633096
46.427137744756465
45.96518000564587
45.50781882284027
45.05500845984028
44.60670363523221
44.16285951816009
43.72343172384226
43.28837630913312
42.857649768128674
42.43120902781584
42.00901144376528
41.59101479586672
41.17717728410703
40.76745752439019
40.36181454439877
39.96020777949674
39.562597068672964
39.16894265052502
38.77920515928298
38.39334562087298
38.011325449019665
37.63310644138743
37.25865077576039
36.88792100625988
36.52088005960003
36.157491231380305
35.79771818241509
35.441524935099594
35.08887586981236
34.73973572135294
34.39406957541553
34.05184286509742
33.71302136744253
33.377571200018615
33.04545881752945
32.71665100846001
32.3911148917554
32.06881791353261
31.74972784382532
31.433812773360582
31.12104111036812
30.811381577420974
30.50480320830781
30.201275344936242
29.900767634266984
29.603250025278548
29.30869276596208
29.017066400346188
28.72834176555131
28.442489988873337
28.159482484896433
27.879290952634346
27.60188737270029
27.327244004505197
27.05533338348332
26.786128318345973
26.519601888362324
26.255727440667247
25.994478587596067
25.735829204045817
25.479753424862526
25.22622564225495
24.9752205032335
24.726712907075147
24.480678002813153
24.237091186752078
23.995928100007315
23.757164626069244
23.520776888391453
23.286741248003242
23.05503430114551
22.825632876930467
22.59851403502456
22.3736550633543
22.15103347583517
21.93062701012285
21.71241362538716
21.496371500107703
21.28247902989201
21.070714825314727
20.86105770977899
20.65348671739848
20.447981090901003
0
0
0
0
0
0
