428.7643667962484
425.11280086130625
421.4975686144971
417.9183085295799
414.3746626775594
410.8662766909025
407.39279972808504
403.9538844385151
401.08689950431767
398.065991063127
395.112763538741
392.1960725165427
388.91431847346087
386.31112794092115
383.3411687740385
380.15078650404763
377.11952277788544
374.06681349163335
370.9694647567577
367.90293515672965
364.86691803603543
361.86110979043303
358.88520983659174
355.9389205820373
353.0219473953886
350.1339985768963
347.2747853292724
344.4440217288084
341.64142469678563
338.86671397116584
336.1196120785636
333.3998443065012
330.7071386759348
328.0412259140568
325.40183942736917
322.78871527502497
342.59385900313976
361.2164418916625
369.7753566937662
388.2814994676449
393.55902823538474
397.2286081435645
402.02292893542426
406.593027977891
409.8188863538572
413.99639339034115
418.7071227359663
423.41838723212885
428.0775254358168
430.660729167784
432.94382725654435
435.1767383323855
446.4221468576602
451.04332122993844
455.3002808871695
457.10285649973713
455.01770269244923
452.92770245280724
450.83002981953393
448.72076534492123
450.9184621317671
448.72605942792916
446.4318165866703
443.9748068489206
441.37797228942594
438.6941870418582
435.98296482387275
433.28776059638017
430.6086374625738
426.84575924660703
436.25335186586443
431.9125584873174
427.6149567245462
423.3601168137918
419.1559055629621
415.0646249748851
411.10955798785466
407.28479124833166
412.2264820977447
416.702495561125
412.831775367179
413.25802549555306
409.4712017298833
405.7387379351396
401.7015700382923
397.70457263318275
393.77644198513633
389.85830092172176
385.9791460132851
382.1385893410978
378.58168087746895
375.2492633875288
376.7147060428417
374.3768028406991
371.0804062792488
403.0298813927156
421.5483190685184
417.3538432110491
413.20110308569247
409.0896834149842
405.01917305279676
400.9891649458883
396.9992560905096
393.04904749036217
389.1381441231136
385.2661548945581
381.43269260321745
377.63737389833557
373.87981924586006
370.15965288588757
366.4765028000007
362.8300006706828
359.21978184367975
355.64548529376805
352.1067535887585
348.60323285252787
345.13457273008817
341.7004263525338
338.30045030236556
334.9343045791459
331.6016525654965
328.3021609934385
325.03549991106695
321.80134264954927
318.59936579046524
315.42924913346025
312.2906756642258
309.1833315228032
306.1069059721847
303.0610913672564
300.04558312401076
297.06007968911956
294.10428250974707
291.17789600371384
288.2806275299296
285.41218735913196
282.57228864491464
279.7606473950396
276.97698244303865
274.22101542009625
271.4924707272142
268.7910755076504
266.1165596196292
263.4686556083869
260.8470986827489
258.25162668483256
255.68198006524779
253.13790185718636
250.61913764934098
248.1254355641107
245.6565462292062
243.2122227536382
240.79222070302882
238.39629807514524
236.02421527573443
233.67573509453857
231.35062268158254
229.04864552368807
226.76957342121736
224.51317846506737
222.27923501385686
220.0675196713811
217.87781126426268
215.7098908198357
213.56354154424992
211.43854880078771
209.33470008840612
207.25178502047658
205.18959530339245
203.14792471756806
201.12656909313742
199.12532629322092
197.14399619187247
195.18238065442782
193.24028351770434
191.31751057036493
189.41386953351522
187.52917004146454
185.6632236226894
183.8158436806674
181.9868454762001
180.17604610794388
178.38326449473476
176.60832135665572
174.85103919788676
173.11124228874718
171.3887566480958
169.68341002593388
167.99503188617774
166.32345338960704
164.66850737697763
163.0300283523103
161.4078524663367
159.80181750011695
158.21176284881537
156.63752950564265
155.07896004595133
153.53589861149828
152.008190894853
150.49568412397088
148.9982270469145
147.51566991672863
146.04786447646435
144.59466394435452
143.1559229991351
141.73149776551213
140.32124579977565
138.9250260755543
137.54269896971135
136.17412624838477
134.81917105316106
133.47769788739282
132.14957260264467
130.83466238528212
129.53283574318687
128.24396249261056
126.9679137451537
125.70456189487791
124.45378060554587
123.21544479798611
121.98943063758591
120.77561552190755
119.57387806842793
118.3840981024003
117.20615664483662
116.0399359006093
114.8853192466724
113.74219122039793
112.61043750803117
111.4899449332572
110.38060144588513
109.28229611064197
108.19491909607812
107.11836166358675
106.05251615652746
104.9972759894606
103.95253563749112
102.91819062571244
101.8941375187618
100.88027391047493
99.87649841364612
98.88271064988933
97.89881123960001
96.92470179201709
95.96028489538413
95.0054641072079
94.06014394461367
93.12422987479746
92.1976283055724
91.28024657600969
90.37199294717132
89.47277659293795
88.58250759092456
87.70109691348922
86.82845641882966
85.96449884216912
85.10913778703016
84.26228771659399
83.42386394514853
82.59378262961738
81.77196076117767
80.95831615695737
80.15276745181825
79.3552340902182
78.56563631815688
77.78389517519854
77.00993248657824
76.24367085538137
75.48503365480657
74.73394502050166
73.99032984297695
73.25411376009536
72.52522314963504
71.8035851219274
71.08912751256865
70.38177887520173
69.68146847437411
68.98812627846193
68.30168295266783
67.62206985208708
66.94921901484342
66.28306315529231
65.6235356572927
64.9705705675452
64.32410258899667
63.68406707431055
63.05040001940196
62.42303805703741
61.80191845049781
61.18697908730495
60.57815847301004
59.975395725044315
59.378630566630655
58.787803320755806
0
0
0
0
0
0
