6009.051481182305
6035.746985406081
6083.144887983156
6070.194991085456
6016.646054977849
6009.572091050844
5868.022757975666
5720.900194934638
5589.0025135288415
5465.656104122593
5374.755365292019
5288.717072109928
5202.249866996901
5176.453129335005
5208.306224744555
5234.991795217192
5258.577798980903
5276.1139518618575
5254.612265303227
5207.225749153182
5142.369903510975
5059.439761509848
4960.048316195382
4863.802382286264
4770.073161311137
4643.462284555398
4549.983945943399
4690.254297042549
4530.7052936721475
4428.045570174448
4358.31494820408
4365.258936108869
4306.9425122694165
4250.714617109453
4221.000815212215
4160.257425047034
4246.280230943574
4338.829960232387
4468.567704192454
4649.406686852363
4703.393622908317
4701.63809014427
4691.492436873673
4701.601076507177
4784.258636713589
4806.3454196297325
4821.731549220331
4837.062915353701
4852.267040872301
4867.298333121787
4882.1482156188395
4896.83112865665
4898.4525994806445
4927.746049228213
4956.88778004351
5004.33294962317
5026.422174606027
5048.206913259662
5071.100219969926
5094.240274792894
5127.232383737675
5148.090597273952
5168.823130310265
5189.400992633238
5206.847118815971
5258.058343628809
5309.907473756065
5349.46585684332
5386.677698110043
5420.356320630589
5439.672760701644
5456.661168805241
5479.37183526859
5503.967063765435
5524.514009888346
5543.799564445769
5612.211619182359
5703.631377316924
5776.042049663936
5828.228771517048
5910.914535690201
5934.794889752344
5956.773927749608
5970.966506897745
5972.223115086264
5963.399604202869
5956.679624162031
5919.956885934208
5873.585387265248
5818.729605006135
5768.0285925392145
5707.608241564536
5631.379085206217
5526.589465038285
5413.244968513012
5348.59351507774
5280.864985685032
5217.9128354629465
5153.750048912445
5089.721239254943
5002.473526838868
4896.206357787461
4803.704823149853
4754.223895204506
4678.770268433924
4602.885347907352
4516.542831447205
4470.807292832841
4430.013344230411
4399.759066059295
4365.493331392426
4349.339311132448
4334.15924751719
4341.4839260552035
4353.9242352246965
4366.364980319746
4394.01768933436
4377.968275467186
4362.9828972378455
4345.481531620001
4330.640383222317
4317.60714923483
4302.939999164977
4290.773257850982
4283.203502387983
4269.118485575913
4253.014623417229
4239.903210063117
4226.711912869689
4213.418346584861
4202.526972552575
4227.018519587366
4211.681735643001
4197.5465256270345
4187.98048514229
4212.414710758308
4195.13811445692
4175.701035782987
4200.924398047071
4185.346621599498
4171.308266488629
4155.369427489029
4131.483708893141
4104.516494147172
4080.3794991047102
4068.309391715805
4062.082452112821
4067.0707643053634
4025.9697790069386
4010.0558843400836
3994.728961939301
3981.356405541181
3968.922316162655
3925.7719390095526
3884.0104355667177
3843.7485462176296
3805.100965374202
3785.7493419953066
3769.9835590131693
3760.534106648314
3748.4129144605895
3736.5808503872513
3723.48633370803
3708.584886913893
3696.2030643013914
3685.947709007463
3677.4506640080576
3669.5488028332197
3662.7013838211415
3663.7258387512165
3673.3682617438812
3693.555323840218
3706.4643461257233
3683.5179506677337
3660.3504552884187
3637.5511410167974
3614.276602180358
3588.7260243240235
3584.533976564171
3560.7930255835804
3536.541909966293
3512.197389039903
3488.246307870263
3466.0453517054307
3445.3454802544734
3425.1288911946845
3406.2548751906907
3389.892614242039
3376.4152639876193
3362.604118836025
3347.430119412799
3331.871199447177
3311.8685806441326
3293.8034240462725
3281.7855294772235
3269.0253128445647
3256.061922533229
3241.6514866718826
3227.47675054936
3216.115142456473
3203.7575793527085
3191.5044867973106
3179.2975161209756
3167.133564011032
3155.0113344723527
3142.930676333536
3130.892578817485
3118.899221520217
3106.9538231577685
3095.0602313368895
3081.3524678152157
3069.5569251277493
3057.1305240832203
3041.6871722736423
3026.241571010946
3010.900149822716
2995.644993433581
2982.555406544978
2969.552841717892
2956.6403829201868
2941.0804881791846
2923.7773385846685
2906.613479694931
2889.5889994007775
2872.7002818120977
2851.7566460019766
2831.0170288680542
2810.4882983075104
2790.1695657545215
2773.647151200732
2753.724434765564
2734.009035518993
2718.0244698034826
2698.704042656333
2679.59083029124
2661.7491917265775
2646.492219760208
2627.978245466696
2611.8891351446096
2592.490401442352
2573.266651213589
2557.525151499178
2538.6241460437645
2519.95998401779
2504.795763827752
2486.5942911101156
2468.634766156161
2454.0984673797316
2436.653486169712
2419.463936113108
2405.3850544429056
2388.4407973483953
2371.7361355471958
2358.21267012596
2341.9637162290414
2325.945006817479
2310.153077770825
2297.398105916865
2282.0368144117488
2266.8945405104614
2254.6768990169703
2239.9399140762102
2225.370076879169
2213.576798619347
2199.355357593567
2185.28400649722
2173.917093480911
2160.6314813183913
2148.0280183962914
2135.41126284485
2125.3116690646316
2112.9639448203206
2104.4528925908003
2096.139169215228
2087.914358611224
2077.2622621155033
2069.9517770822113
2059.5686757092576
2053.0207830879854
2046.7777324702413
2040.6851895759403
2034.806669793303
2029.1614619265436
2023.723195849791
2018.526313508948
2013.6261740802004
2008.8958513201933
2004.2097355007616
2000.0057002797214
1995.9504664383612
1991.995041217483
1988.1449928679235
1984.4156218089763
1980.7983748690822
0
0
0
0
0
0
