2894.1190420192215
2908.305441854387
2923.212199491783
2927.985623113714
2905.086281949152
2915.7983292879003
2859.4921258230406
2802.1002351503266
2755.686102120532
2723.8467111603222
2703.8559163245
2687.2367684731885
2659.8349653119653
2655.0953326279086
2670.1064448781904
2695.9299799218484
2713.313220194777
2729.0974423347934
2729.066435605804
2710.230420795786
2686.734921474919
2651.491977875581
2609.2380460569157
2568.1716981821573
2528.2226235412536
2471.0959934247285
2432.9765504373154
2501.3431893828965
2429.7868049606795
2386.9883477860617
2358.45934067087
2355.412998267849
2313.360853861928
2275.682590619692
2255.0870718311053
2215.344284409694
2252.1248061877836
2291.244866690804
2353.5696550395023
2436.4346566823165
2470.559381953901
2473.7940999537836
2466.6840942621743
2473.3227270763423
2506.7570402019887
2517.803544584806
2527.211159588639
2536.634812542225
2546.0294321842093
2555.365617208248
2564.6353118792345
2573.8438999097416
2576.887457605743
2593.549813945749
2608.257741517284
2631.9771666052056
2644.8838542900357
2657.676618844223
2671.0250491611837
2684.0092132594605
2700.683149831524
2710.405229878649
2720.202378183766
2729.9887503091036
2738.8158681678888
2760.8860886386424
2780.4628338198704
2798.562921513205
2817.888921100748
2835.212156581035
2845.2366647268514
2852.5483099577377
2862.808122359915
2874.0251074666735
2884.7545523709855
2894.87702316555
2928.0099543944366
2993.343272148547
3013.240139450805
3029.719788353264
3070.2868062701054
3075.7780976916783
3086.8495854286716
3094.0716546900308
3094.183056706256
3088.541069696984
3082.2288534419604
3061.0379605683006
3033.8266616902742
3003.588083356745
2977.6347813912344
2946.390695056953
2904.3053245730553
2848.9349939380327
2789.249903244225
2748.539729630066
2699.781071653976
2654.338763627235
2607.963405527611
2563.3011231927944
2513.2279610650285
2457.859012945489
2390.5378186177627
2359.7419042821803
2307.0034995747333
2252.8550276594387
2189.7490141378685
2154.1173006569065
2121.257680210395
2092.2636455137144
2067.493885302139
2057.232662281138
2049.613463555433
2051.5396079708034
2055.3723825809957
2059.772977935936
2070.646297736689
2063.9384395079
2057.6602603067136
2050.305674250996
2044.0781391726728
2039.0135809087146
2032.9558818609853
2027.7870974348505
2024.221152878778
2018.1235591433544
2011.4489155785986
2006.1771459551358
2000.4736957709642
1994.2642773918108
1988.883264881214
1996.8295794258395
1988.5943414504377
1980.978967932252
1975.3885154751324
1983.2898866261717
1974.0936850159746
1964.1448910469926
1974.001476016616
1966.7178202767748
1960.038460434656
1952.4795916791822
1941.399372119651
1929.2032508538211
1926.3454835662815
1924.056568526933
1925.2176872072298
1928.0244977611592
1916.1416196616874
1911.5785970534384
1906.9862954917428
1902.3844970233008
1898.3621112175545
1882.710392211715
1867.468594250246
1853.0656183725202
1839.4093035799526
1833.2978105203247
1828.515199707967
1826.0505868432883
1822.2351495924645
1818.4430093038893
1814.511360972198
1810.055512150653
1806.208453009835
1803.5563080827596
1801.9535809444026
1801.0717234221393
1802.004732670174
1807.1006251868516
1817.7915403033064
1833.415267909157
1844.9032346806503
1834.6505180192848
1824.3139161270706
1814.4416586027492
1804.2706375882567
1792.884007494303
1790.9436689815439
1779.7727189361276
1768.3197151364193
1756.7177275734784
1745.446575212759
1735.0678805392158
1725.1592334464558
1715.5779390715516
1705.9885937130798
1696.6817228256743
1687.9117551397558
1678.3539350766293
1666.291904076546
1653.9794100664685
1639.5855842384574
1627.6681437828634
1620.4282403082223
1612.7010358633984
1604.8706391684004
1597.7025351965867
1590.7858057018839
1584.9796963807169
1578.9276237170002
1572.9569706406774
1567.0427123044378
1561.1348895465544
1554.8134696376742
1548.5520082980781
1542.3503109526555
1536.208821738976
1528.5419506086582
1519.4849308583741
1511.411212481945
1501.9403273274306
1492.535868671051
1484.0250539215313
1473.9777112679571
1464.040315028482
1455.616688614504
1447.045198177138
1438.5678537051226
1430.1842507689903
1421.8937210349568
1413.6952341704578
1405.5870537866258
1397.565643154394
1389.6236174297128
1380.6693647812044
1371.8327856683727
1363.1182039408254
1354.5223675314114
1347.2550900598371
1338.8759827457602
1330.605841502178
1323.6177519524958
1315.5483664003373
1307.580675020266
1299.818695914659
1293.1753346882958
1285.4871417652676
1278.0177740159788
1269.4468852435564
1260.9414917285817
1253.5472472593813
1245.1487464743675
1236.8566297801196
1229.707771196665
1221.6207692772518
1213.6397478488807
1206.7694175326224
1199.015452001468
1191.3728657919764
1184.7886169206233
1177.3419094329968
1169.9952593397288
1163.6657775289345
1156.5082761125254
1149.4464028746186
1142.4783072397627
1136.4733276689367
1129.6815526703726
1122.9803043299125
1117.203459074064
1110.6653416720433
1104.1820366751886
1098.5624298900989
1092.240561650796
1086.023322174619
1080.674934576496
1074.9586617703503
1069.5556524850372
1064.2566735365942
1059.743096260625
1054.5499359540172
1050.3751484298743
1046.277689308224
1042.2036248077748
1037.4000242580535
1033.8813028548443
1029.705112617923
1026.6695521662812
1023.7851225199997
1020.9989559469715
1018.3655843223726
1015.8997977603698
1013.5776828690942
1011.4279415272781
1009.4994800268785
1007.7756158647443
1006.1483664807106
1004.673724206726
1003.2867202037435
1001.952625783545
1000.6774487513584
999.4751530620136
998.3394104520756
0.3730463992714865
0.37138868095243704
0.36984575946997844
0.3687576528706235
0.3680956735729328
0.3676215521717139
