0
0
0
0
0
0
0
0
0
0
0
0
0
0
0
0
0
0
0
0
0
0
0
0
0
0
0
0
0
0
0
0
0
0
0
0
0
0
0
0
0
0
0
0
0
0
0
0
0
0
0
0
0
0
0
0
0
0
0
0
0
0
0
0
0
0
0
0
0
0
0
0
0
0
0
0
0
0
0
0
0
0
0
0
0
0
0
0
0
0
0
0
0
0
0
0
0
0
0
0
0
0
0
0
0
0
0
0
0
0
0
0
0
0
0
0
0
0
0
0
0
0
0
0
0
0
0
0
0
0
0
0
0
0
0
0
0
0
0
0
0
0
0
0
0
0
0
0
0
0
0
0
0
0
0
0
0
0
0
0
0
0
0
0
0
0
0
0
0
0
0
0
0
0
0
0
0
0
0
0
0
0
0
0
0
0.673925523627117
1.022305603218454
1.0298236066092818
1.035245840935239
1.0372720561194315
1.035227936008809
1.029500282898066
1.020722361570082
1.0096109840928014
0.996954859544319
0.9846369036229377
0.9733165608146079
0.9614565223837407
0.9485603171200286
0.9346658350182112
0.9199627506635943
0.9046677866299424
0.8889820779352406
0.8730781422753076
0.8570982785706782
0.8411572784864818
0.8253465897982037
0.8097384500248105
0.7943894731980871
0.7793436641447714
0.7646348969062579
0.7502888279803388
0.7363246821270097
0.7227563652878244
0.7095933362868845
0.6968411045178201
0.6845016672655025
0.6725739912291084
0.661054488272206
0.64993750688993
0.6392157312268721
0.6288804312184253
0.618921321419186
0.6093253459413804
0.6000764387071422
0.5911686658603309
0.5826015237796022
0.5743665776050565
0.5664527053973024
0.5588483403109914
0.551541871675254
0.5445218294356733
0.5377770075030819
0.5312965272810111
0.52506979708562
0.5190865019315984
0.5133365373678922
0.5078099718406337
0.502497032789082
0.49738811173613595
0.4924737816998537
0.48774487595677274
0.4831927565788442
0.4788092310580082
0.4745863835506444
0.4705163950001957
0.466590598674621
0.46279868327440643
0.4591375887255761
0.4556093690135431
0.45221109968593765
0.4489358859976348
0.4457750278714199
0.44272151629155854
0.4397705503593555
0.43691847119424887
0.4341619775407587
0.43149771997099545
0.4289222655386098
0.42643219071072386
0.4240245916758314
0.42169873539496777
0.4194537928072338
0.41727848943469475
0.4151639150550296
0.4131065524546121
0.4111047334498297
0.4091577740365393
0.4072650841540737
0.40542305968596093
0.4036274478010471
0.4018746431297737
0.40015896469682843
0.3984752179828188
0.39677048039674645
0.39454945742281033
0.39173543234720665
0.3886565245312834
0.38556902893500666
0.382633140590416
0.37991155228191964
0.3774133355747722
0.37512357279552155
0.37302076915204374
0.3710832631929062
0.36928977334906854
0.3676169421202413
0.36596797568198003
0.36431222621655657
0.3627558155934185
0.36129608120853973
0.3599197599516879
0.3586159308483161
0.3573754229915238
0.3730463992714865
0.37138868095243704
0.36984575946997844
0.3687576528706235
0.3680956735729328
0.3676215521717139
