6007.7182890568665
6034.8089571774635
6083.1448879831805
6070.194991085377
6016.6460549778485
6009.57209105161
5868.022757975669
5720.900194934647
5589.002513528834
5465.656104122593
5374.755365292018
5288.717072109923
5202.249866996902
5176.453129335003
5208.306224744556
5234.991795217193
5258.5777989809085
5276.113951861858
5254.612265303225
5207.225749153169
5142.369903510968
5059.4397615098405
4960.04831619538
4863.802382286261
4770.073161311143
4643.462284555385
4549.983945943387
4690.254297042551
4530.70529367215
4428.045570174447
4358.314948204083
4365.258936108875
4306.942512269415
4250.714617109452
4221.000815212215
4160.257425047034
4246.280230943572
4338.829960232382
4468.567704192467
4649.406686852356
4703.393622908298
4701.6380901442735
4691.492436873668
4701.6010765071815
4784.258636713589
4806.3454196297325
4821.731549220329
4837.062915353701
4852.267040873306
4867.298333121787
4882.1482156188395
4896.831128656653
4898.45259948064
4927.746049228213
4956.887780043512
5004.332949623171
5026.42217460603
5048.206913259663
5071.100219968923
5094.240274792885
5127.232383737676
5148.090597273951
5168.823130310259
5189.400992633238
5206.847118815969
5258.058343628824
5309.9074737560795
5349.465856843327
5386.677698110057
5420.356320630582
5439.67276070164
5456.661168805226
5479.371835268574
5503.967063766417
5524.514009887339
5543.799564445766
5612.211619182365
5703.631377316923
5776.04204966394
5828.228771517045
5910.914535689199
5934.794889752349
5956.773927749609
5970.966506896744
5972.22311508526
5963.39960420287
5956.679624162031
5919.956885934204
5873.585387265254
5818.729605006132
5768.02859254021
5707.608241563534
5631.379085206216
5526.589465038276
5413.24496851301
5348.593515077747
5280.864985685031
5217.912835462941
5153.750048912444
5089.721239254939
5002.47352683887
4896.206357787461
4803.704823149867
4754.223895204511
4678.770268433933
4602.885347907344
4516.54283144721
4470.807292832838
4430.013344230409
4399.759066059295
4365.4933313924175
4349.339311132459
4334.159247517216
4341.483926055203
4353.924235224696
4366.364980319746
4394.017689335357
4377.968275467185
4362.98289723885
4345.48153162
4330.640383222314
4317.607149234822
4302.939999164985
4290.773257850984
4283.203502388981
4269.118485575909
4253.01462341623
4239.9032100631175
4226.711912869689
4213.418346584861
4202.526972553574
4227.018519587367
4211.681735643003
4197.5465256270345
4187.980485141292
4212.414710758804
4195.138114456418
4175.701035782988
4200.924398047069
4185.346621601988
4171.308266491125
4155.369427489298
4131.483708893141
4104.516494146527
4080.379499104715
4068.3093917156407
4062.082452112821
4067.0707643053643
4025.9697790069404
4010.0558843400822
3994.7289619392996
3981.356405541183
3968.9223161626624
3925.7719390095535
3884.0104355667168
3843.748546217794
3805.100965374202
3785.7493419953075
3769.98355901316
3760.5341066483143
3748.41291446059
3736.5808503872518
3723.48633370803
3708.584886913893
3696.2030643013914
3685.947709007464
3677.450664007056
3669.548802833217
3662.7013838202447
3663.7258387512106
3673.3682617438817
3693.5553238402113
3706.464346125724
3683.5179506687323
3660.3504552884133
3637.5511410167974
3614.2766021802527
3588.72602432402
3584.53397656417
3560.7930255835813
3536.5419099662927
3512.1973890399013
3488.246307870261
3466.0453517054316
3445.3454802549722
3425.1288911946867
3406.254875190789
3389.892614242037
3376.4152639876165
3362.604118836027
3347.430119412801
3331.8711994471737
3311.868580644135
3293.803424046273
3281.7855294772253
3269.0253128445656
3256.0619225332316
3241.651486671884
3227.476750549362
3216.1151424564714
3203.757579352708
3191.5044867973106
3179.297516120976
3167.133564011032
3155.0113344723536
3142.930676333535
3130.892578817485
3118.899221520217
3106.9538231577676
3095.0602313368913
3081.352467815218
3069.556925127748
3057.130524083221
3041.6871722736423
3026.241571010946
3010.900149822713
2995.6449934335833
2982.5554065449796
2969.5528417178925
2956.6403829201813
2941.0804881791782
2923.7773385846654
2906.613479694924
2889.5889994007716
2872.7002818120995
2851.7566460019757
2831.017028870719
2810.4882983075127
2790.1695657545215
2773.6471511980662
2753.724434762899
2734.0090355189946
2718.0244698044917
2698.7040426573285
2679.590830291243
2661.7491917265816
2646.492219760211
2627.978245466699
2611.8891351446096
2592.4904014423514
2573.266651211921
2557.5251514988445
2538.624146043764
2519.9599840177943
2504.795763827752
2486.5942911101156
2468.634766156161
2454.0984673797307
2436.653486169712
2419.463936111437
2405.3850544429056
2388.440797348396
2371.7361355461962
2358.21267012596
2341.963716229042
2325.9450068174788
2310.153077770824
2297.398105916865
2282.036814411771
2266.8945405104614
2254.676899016993
2239.9399140761034
2225.370076879169
2213.5767986193464
2199.355357593566
2185.2840064972047
2173.917093479909
2160.631481318387
2148.0280183956247
2135.411262844853
2125.3116690639645
2112.963944818659
2104.4528925891314
2096.139169213561
2087.914358609557
2077.2622621155033
2069.9517770822126
2059.568675710925
2053.0207830896525
2046.7777324719063
2040.685189577606
2034.8066697949678
2029.1614619265404
2023.723195849787
2018.5263135089442
2013.6261740801965
2008.8958513201874
2004.2097354987566
2000.0057002777162
1995.9504664363585
1991.9950412174803
1988.1449928679208
1984.415621808978
1980.7983748690833
0
0
0
0
0
0
