122.36588722234234
121.32770939812727
119.86749741324319
118.45422776594363
117.47388416467948
116.52993031986605
115.59090172631716
114.64721203989325
113.73563841872621
112.85910729463062
112.01912390775641
111.2169236828318
110.4567204974425
109.73395432450414
109.05294703908858
108.43236011082645
107.83963485419336
106.85597726546607
105.82791803598144
104.79909021560974
103.77025824544094
102.74218041879098
101.71559392078167
100.69120438138454
99.66967887977208
98.65164143255286
97.63767045815804
96.62829769160126
95.62400821975467
94.62524129679628
93.63239231276161
92.6458143744419
91.66582016901657
90.69268993651619
89.7266664702722
88.76795529932853
87.81673515827843
86.87315835440975
85.93735281577243
85.00942405850142
84.08945732066917
83.17751956915285
82.27366141250188
81.37791870006345
80.49031230787789
79.61086681062581
78.73957701146624
77.87643241337264
77.0214144889125
76.17449910751988
75.33565772285985
74.50485767741036
73.68206246751136
72.86723212845087
72.06032370394412
71.2612917364282
70.47008873907136
69.6866656389178
68.91097218292445
68.14295733455809
67.38256967460016
66.62975567720575
65.8844549485412
65.14662172184057
64.4162200773212
63.693195225756284
62.977485913062274
62.26903588837788
61.71883134402999
61.1904503175604
60.6687664377592
60.153712500912874
59.645226865499886
59.14324102571326
58.64768131051529
58.158476757358116
57.67557644985952
57.198939831698056
56.7284436734803
56.26394738692673
55.805363430266965
55.35262060677654
54.90564249362299
54.46434687017302
54.02865067919022
53.59846797316889
53.17372331679149
52.75434768594346
52.34027214912319
51.93142404157325
51.527731467299
51.12913191418746
50.73557400349041
50.19871431819229
49.81575387033523
49.4376727027728
49.064429863935125
48.696062040277724
48.33261198774448
47.97410677348775
47.62054120843464
47.27191890620722
46.928270864440826
41.17660015609773
40.86501983027505
48.589800953871894
48.20705449210045
56.06408574180524
62.87646045038955
62.35474991470956
61.839190919813184
62.350810092324174
61.83707500976437
61.32931252250477
60.82744289370166
60.33135159341741
59.840935736620196
59.35610563719291
58.87678919948316
58.402923873578445
57.93444254936757
57.471293334401594
57.0134119456627
56.560731795601036
56.11319489648612
55.67078310913353
55.23340875960712
54.800971204792994
54.37338930290203
53.95059788561107
53.53251551053374
53.11907124765321
52.71020141781288
52.30583871849649
51.90591268981977
51.51035637138305
51.11909471313278
50.732025084975376
50.349079298513374
49.97021094321698
49.5953695241073
49.2245051766942
48.85758975730776
48.49456749118779
48.135387976197684
47.77998725348632
47.428296429777596
47.08023719026638
46.73574598233202
46.39474820372267
46.05717972258329
45.72299698437831
45.39213143728149
45.064526022132846
44.74016646602697
44.41903856279115
44.10116567789294
43.78653571763776
43.47512236261979
43.1668948743857
42.85892766536187
42.55446789484241
42.25311518322448
41.95524849569135
41.660109948760955
41.36775777874596
41.07823869244079
40.79154019999084
40.507627619831496
40.22650838182358
39.94815983703868
39.67262200340524
39.399905666183386
39.13001861959476
38.862838439084584
38.59829798957406
38.33637773428276
38.07705857847619
37.820332520578276
37.56619614713752
37.314676839481145
37.06572869630749
36.819378711848486
36.57566442051891
36.33460325519479
36.09619798735802
35.86043634846515
35.62730161830486
35.396780654637205
35.168874735773805
34.94358340405594
34.720902966435844
34.50082395609963
34.28333090279905
34.06840351082465
33.85601541623231
33.6461385680268
33.438742155760075
33.23379347040961
33.03126519192449
32.83114202479851
32.633416549584844
32.4380782414797
32.245108444015116
32.05448226106005
31.86617247820002
31.680153036881208
31.4964007544619
31.314894702603272
31.135614439994036
32.82388583749601
32.630434699240524
32.43933412409505
34.15341373465894
33.94802600179077
33.74512325220066
35.2635606646894
35.04845772250411
34.83593760438553
34.625968252374975
34.41851209856134
34.213519782205054
34.010909112150735
33.810502955190934
33.61214196635729
33.416038825959106
33.22228679667102
33.030867503331294
32.841752673160386
34.090056127240636
33.8911837588264
33.69467123345279
34.880337722248534
34.674723030200994
34.4715112208668
34.270666905116684
35.38323510181248
35.17395272754769
36.24557618731074
36.02809775472617
35.81272484796798
36.83033511900982
36.60731670910906
36.38677905857599
37.35299405920976
37.12549050495136
36.90036990570797
37.816021349671566
37.58412850044896
37.354646486486445
38.21948717633342
37.98385534654128
37.750677641403556
38.569127217911905
38.33033909754027
38.09401559071015
37.86011717509963
38.62410310731264
38.385036189368186
38.1483778686046
38.87062533299574
38.628945017953754
38.38950546839884
39.07087535388008
38.82717969347875
38.58597169795409
39.22851836878892
38.98320665295191
38.74018015890737
38.49954044089515
39.09878975206808
38.85459895335926
38.61281928925424
38.37340210852621
38.13629387380172
37.90142854092508
37.668714942829695
37.43801823864879
37.20923546957919
36.98230560402602
36.75699910878147
36.53318622776664
36.31088885111636
36.089987975552894
35.87033451056534
35.65189227167057
35.434866018464504
35.21939611813781
35.00555505318671
34.79331851768108
34.58265812567749
34.373522861263794
34.16592014867864
33.9599326553336
0
0
0
0
0
0
