0.002
0.0028056423510312758
0.0036681472714386806
0.004433052684356966
0.0052785476432183525
0.0063852178812918835
0.007558654353152721
0.008640566197923484
0.009806128849257642
0.01105632390099761
0.012391164511877122
0.013809931135902643
0.015328015700775448
0.016910542822279093
0.018572290560631755
0.02040255057095942
0.02221654039292944
0.024103357878042592
0.026075575342760865
0.02810120463212381
0.030192774320444857
0.03234796699817857
0.0347003812319457
0.03711019017239568
0.03847427676119727
0.03914252729210033
0.0398120989245351
0.040482905698166954
0.04115486885971409
0.04115831946100303
0.04116260929923496
0.041962217474300824
0.04276182564936669
0.04356143382443255
0.04436104199949841
0.045160650174564276
0.045960258349630134
0.046759866524696
0.046850052689674015
0.046952400656425725
0.047064071842771366
0.04718159729629229
0.04730058239508197
0.04741467648315972
0.04750161443594337
0.047672187273689506
0.047917037066621176
0.04818045910216767
0.048449360539960996
0.04871269187951641
0.04896561442782765
0.049207649120868835
0.049440525549243275
0.045854491643228516
0.04607657864247813
0.046296720476028216
0.0465167757705129
0.04673841457461571
0.04696341103025525
0.047194260378047415
0.044689850418032626
0.044956342379445575
0.04528643106045602
0.045719283364519005
0.046240783912603056
0.0468175376547137
0.047411298137377995
0.0479942656054606
0.04856721642236626
0.04916704950579463
0.049798671899365654
0.05043513707543418
0.05106161897037665
0.05165949327403652
0.05220680730622984
0.05268800573178655
0.05308401368734056
0.0533964517599249
0.04732278903516575
0.04147534733512449
0.04173029234915449
0.0387687412778878
0.03895712455812025
0.03911968489417793
0.039751438037104916
0.04055104621217078
0.04093317387027104
0.041421593825089864
0.04222120200015573
0.04280176855194531
0.042972023936930046
0.04296110303396945
0.03892369265230401
0.03885221484307922
0.03876235676820239
0.03864841225255281
0.03850302394808784
0.039302632123153707
0.04010224029821957
0.040901848473285436
0.0417014566483513
0.04250106482341716
0.04249403100878458
0.043293639183850444
0.041657001283956024
0.040014072975560123
0.039687781739070616
0.03904342657298962
0.038230450758687175
0.03819032870355623
0.03808909758678902
0.03795840337934491
0.038394005642742084
0.03856755214103138
0.03875838644414691
0.03896405103573999
0.03918324055812179
0.03941449518473218
0.03965510946532905
0.03990144475228799
0.040148586072596935
0.04039287291820536
0.040635631678296216
0.040593677625921774
0.03999945383141251
0.039722537471847064
0.03963784589611823
0.03952696057643744
0.03935087549165949
0.03897644754131939
0.03859543459054851
0.038198555561466827
0.03783625522760326
0.03745628298504803
0.037080033202261796
0.036751304558475466
0.036536586831840474
0.03632522465773587
0.036109888438397464
0.03571322748802593
0.03543400936461099
0.03517428457558472
0.03492544489868089
0.03464886805991076
0.03433781869140851
0.03404601959143423
0.03377233022832798
0.033451555058712154
0.03312926865089584
0.03280650175872978
0.03248181115235834
0.03215353540270396
0.03181350413457114
0.031453094582376766
0.031097063616014914
0.030733300762825867
0.030385287901393065
0.030055241861944068
0.02948575113180312
0.02918919521076397
0.02899590781852424
0.028945515168527655
0.028973262741620424
0.029139774090557354
0.02948019438546282
0.030097842420379183
0.03078975116694091
0.03158935934200677
0.032388967517072625
0.03318857569213848
0.03398818386720434
0.0347877920422702
0.035587400217336064
0.03638700839240192
0.03718661656746778
0.03798622474253364
0.038785832917599496
0.039585441092665354
0.04038504926773122
0.041184657442797076
0.041984265617862934
0.0427838737929288
0.043583481967994664
0.04438309014306052
0.04518269831812639
0.04598230649319225
0.046781914668258116
0.04758152284332398
0.04838113101838984
0.049180739193455704
0.04998034736852157
0.05077995554358743
0.05157956371865329
0.05207108784576988
0.05203291674040736
0.0519955455793565
0.05195830286145457
0.051921798862410634
0.05188642235429074
0.05185198890019001
0.05181817793459615
0.05178471998342384
0.0517514429742003
0.05171826272875195
0.05168515911503677
0.05165215356096237
0.05161929216217291
0.05158663421985273
0.05155424493963097
0.05152219124983856
0.051490539745737765
0.05145935572640514
0.051432723051574356
0.05150573275536172
0.05157850970081504
0.051651105808343846
0.05172355753671789
0.05179589059316841
0.051868120730123445
0.051940257366847695
0.052012302838351565
0.05208425129677997
0.05215608248475944
0.052227742223527676
0.05229907877597882
0.05236977305285311
0.05243973253458735
0.052509244728424595
0.05257857323189849
0.05264787633398206
0.05271724424192904
0.05278672786074766
0.052856354800900826
0.05292613787813843
0.0529960795943031
0.05306617407149752
0.05313640928799157
0.0532067685235449
0.052815799257910676
0.05239404743817601
0.0519758937964704
0.051561243013990316
0.0511499455428821
0.05074195200339779
0.0503373231648204
0.049936104708024016
0.04953829738575177
0.04914383900259349
0.04875257311545013
0.04836441106633961
0.0479794010674068
0.04759757457865788
0.04721893316180569
0.046843477041314315
0.046471205718220054
0.04610211564826032
0.04573619652558398
0.0453734348687644
0.045013813111789557
0.04465731168414184
0.04430391026166043
0.04395358564369373
0.04360630287620399
0.04326202568382153
0.04292076140175133
0.0425825342405749
0.0422473373133238
0.04188679626870957
0.04150787903333761
0.04112995886376788
0.04075864360533956
0.04039539004339265
0.04003924112867926
0.03968893476259352
0.039343182082348264
0.039000440745414845
0.03865828121332074
0.03831423798110744
0.03796490767543892
0.0376081745580537
0.03724267195320238
0.036862106381091546
0.0364668096827402
0.03606186620921458
0.035645534658013574
0.03521340097624154
0.034765626576007944
0.034312431729030764
0.03386142572391237
0.03341712972646875
0.032979566213286966
0.032547786501142234
0.032120163979856065
0.03169730444200641
0.00531063842588892
0.005288921942451134
0.005266443576832089
0.005234605903561414
0.005202721614438138
0.00517761262201345
