6007.718289056885
6034.8089571774535
6083.144887983158
6070.194991085458
6021.7747630784825
6020.802107546057
5882.744886891535
5738.368917532578
5609.435021944245
5487.505459908201
5398.4931893838975
5314.158837527725
5229.305708053694
5204.68902675252
5237.857167893889
5265.691741466489
5290.179197009367
5309.083970215944
5288.312697477647
5241.561690563295
5177.246844033427
5093.780205826464
4994.484036065143
4898.405275571172
4804.711236050528
4678.605324148001
4586.39773847851
4726.491778491312
4566.716462877058
4464.185713132588
4394.445963391981
4400.828012715904
4341.931400397809
4285.096214794207
4254.73958045057
4193.318356877678
4269.2277542975535
4347.585430686854
4472.162483409689
4649.4066868523605
4703.393622908343
4701.638090144242
4691.49243687367
4701.601076507181
4784.258636713587
4806.345419629733
4821.731549221328
4837.062915353704
4852.267040872303
4867.2983331217865
4882.14821561885
4896.831128656656
4898.452599480641
4927.746049228213
4956.887780043512
5004.332949623167
5026.422174606027
5048.20691325966
5071.1002199689265
5094.240274792885
5127.232383738681
5148.090597273947
5168.82313031026
5189.400992633237
5206.847118815971
5258.058343637014
5309.9074737642695
5349.465856843327
5386.677698119142
5420.356320630361
5439.672760702291
5456.661168816567
5479.3718352779115
5503.96706377587
5524.514009897792
5543.79956444596
5612.211619182365
5703.631377316923
5776.04204966394
5828.228771517045
5910.914535689199
5934.794889752349
5956.773927748525
5970.966506897743
5972.22311508526
5963.39960420287
5956.679624159946
5919.956885932122
5873.585387263173
5818.729605003982
5768.028592540212
5707.608241563534
5631.379085206216
5526.589465038276
5413.24496851301
5348.593515077741
5280.864985685031
5217.912835462943
5153.750048912444
5089.721239254938
5002.473526838872
4896.2063577874815
4803.704823149862
4754.22389520451
4678.770268433961
4602.885347907343
4516.542831447207
4470.807292832838
4430.013344230408
4399.759066059296
4365.493331392422
4349.339311132455
4334.159247517711
4341.483926055709
4353.9242352246965
4366.364980319743
4394.017689334363
4377.96827546619
4362.982897237851
4345.48153162
4330.6403832244805
4317.607149234833
4302.939999162814
4290.773257848823
4283.203502387979
4269.118485575909
4253.01462341623
4239.903210063117
4226.71191286869
4213.41834658486
4202.526972553575
4227.018519586365
4211.681735642
4197.5465256270345
4187.980485141292
4212.414710757302
4195.138114456422
4175.701035782987
4200.924398047339
4185.346621599357
4171.308266487707
4155.369427489029
4131.483708893137
4104.516494147168
4080.3794991047102
4068.3093917156407
4062.082452112821
4067.0707643053634
4025.9697790079413
4010.0558843400822
3994.7289619392996
3981.356405541183
3968.9223161626624
3925.7719390095535
3884.0104355667168
3843.748546217794
3805.100965374202
3785.7493419953075
3769.9835590131693
3760.5341066483143
3748.41291446059
3736.5808503872518
3723.48633370803
3708.584886913893
3696.2030643013914
3685.947709007464
3677.450664007056
3669.548802832217
3662.7013838202456
3663.725838751212
3673.3682617438812
3693.5553238402144
3706.464346125722
3683.5179506687323
3660.3504552884165
3637.551141015797
3614.2766021803513
3588.726024324019
3584.53397656417
3560.793025583581
3536.541909966295
3512.197389039903
3488.246307870262
3466.0453517054316
3445.3454802549713
3425.128891194685
3406.2548751906897
3389.892614242038
3376.415263987616
3362.604118836027
3347.430119412801
3331.8711994471737
3311.8685806441326
3293.803424046272
3281.7855294772257
3269.0253128445656
3256.0619225332316
3241.651486671884
3227.476750549362
3216.1151424564714
3203.7575793527094
3191.504486797312
3179.2975161209756
3167.133564011032
3155.0113344723536
3142.930676333535
3130.892578817485
3118.899221520217
3106.9538231577676
3095.060231336892
3081.3524678152166
3069.556925127748
3057.130524083221
3041.6871722736423
3026.241571010946
3010.900149822713
2995.6449934335837
2982.5554065449796
2969.552841717894
2956.640382920181
2941.0804881791773
2923.777338584663
2906.613479694923
2889.5889994007716
2872.7002818121005
2851.756646001976
2831.017028870719
2810.4882983075127
2790.1695657545215
2773.647151200732
2753.7244347655655
2734.0090355189946
2718.0244698044917
2698.7040426573294
2679.590830291243
2661.74919172658
2646.4922197565425
2627.9782454667006
2611.88913514461
2592.490401442352
2573.2666512119195
2557.5251514971783
2538.6241460437645
2519.9599840177943
2504.7957638277517
2486.594291110115
2468.634766156162
2454.0984673797316
2436.6534861697114
2419.4639361104364
2405.3850544429056
2388.440797348396
2371.7361355461962
2358.21267012596
2341.963716229042
2325.9450068174783
2310.1530777718244
2297.3981059168655
2282.036814411771
2266.8945405104614
2254.6768990169926
2239.9399140761034
2225.37007687917
2213.576798619348
2199.3553575935657
2185.2840064972033
2173.9170934799035
2160.631481318387
2148.0280183956247
2135.4112628448524
2125.3116690639654
2112.9639448186595
2104.452892589132
2096.1391692135617
2087.9143586112236
2077.262262115503
2069.9517770822126
2059.5686757109256
2053.020783089652
2046.7777324719054
2040.6851895776063
2034.806669794968
2029.16146192654
2023.723195849787
2018.5263135089435
2013.6261740801967
2008.8958513201874
2004.2097354987575
2000.0057002777155
1995.95046643636
1991.9950412174815
1988.1449928679217
1984.415621808978
1980.7983748690817
0
0
0
0
0
0
