3722.60068116816
3686.0447084601583
3665.2320163346194
3652.049324691581
3606.025708393287
3565.3720822989117
3509.092627540187
3458.16913064454
3413.5655584688957
3371.87286674723
3339.448538679211
3313.8599498106605
3285.035766784294
3284.7551361231735
3310.2051470976285
3327.544017044336
3338.1930635544522
3361.7397554176655
3382.7075495392855
3371.7414167025668
3344.4918279158765
3293.612371484393
3236.8838848118176
3182.061553185007
3119.519927736829
3044.9818492099157
2984.484164773503
3027.967284471405
2948.303402651226
2900.8816128694803
2853.474605767115
2872.010875219604
2841.3019854832883
2812.734840142243
2790.3532245506453
2740.0651938173364
2789.379181740026
2837.192792797238
2898.894742091401
3020.826290137686
3043.490451374496
3037.6781873871078
3024.5827929657016
3037.8345683599787
3086.53867353212
3099.7515629835775
3103.5456427314466
3107.267871770296
3110.8777389907527
3114.3502210719626
3117.68131159823
3120.8797066092757
3119.280493452726
3134.630441292045
3147.2497606228735
3167.305851099207
3173.0175545540806
3178.02269599908
3183.1016883793723
3188.266152935439
3199.3290249649967
3201.0167567502313
3202.331742751077
3203.3899734722386
3201.8241347812063
3225.375220830446
3249.821193396515
3272.117561379349
3292.960751383319
3309.264097862698
3324.5049215662957
3318.735896411312
3315.4229833079316
3313.1428127338313
3310.3442800230027
3306.906595649096
3334.3690265548503
3408.819306901679
3434.208949125246
3450.0810209078813
3477.3150210304875
3481.7210681720812
3482.3159460342317
3479.3821058401204
3471.916261823583
3461.205623057488
3453.15300383383
3435.3629195311305
3413.309211077716
3389.371206152608
3369.9808427443086
3344.470583038254
3315.596061843188
3276.987478222976
3231.8337320258047
3212.874459708005
3189.882638681504
3168.5465884228774
3148.4307379692927
3115.7333436787076
3071.1364100290316
3021.277424678965
2982.157568986766
2981.6007624334798
2949.9545654891845
2913.0820825558653
2870.818752666691
2849.266176604127
2829.3782266076378
2812.887959819738
2786.875067301301
2770.8039855711345
2754.370889669769
2749.952072940521
2749.7085174764507
2754.314013486683
2770.719145032959
2757.589710100329
2744.460435556314
2729.599637957546
2718.2914423328916
2705.5546706314854
2692.258733971066
2679.100501084993
2666.8770522240197
2651.346859379733
2635.147104068188
2620.988829283037
2606.117153038076
2590.4609157893665
2576.203923646399
2584.863437659909
2567.8181110795103
2551.786881097555
2538.626428830934
2548.378807757408
2531.853776826267
2515.5105368517957
2531.838715147275
2520.0499428184316
2508.954958139792
2496.8438739819035
2481.6569301855475
2467.137242391528
2460.8301961780476
2457.095839864614
2459.8644022160734
2476.1110767428695
2459.684454361361
2460.4486514425025
2460.7295893767255
2456.6640711870277
2454.5520509605594
2434.1250565308287
2414.3978951801164
2395.3564605960282
2377.017100252628
2369.3298671251823
2366.421108464924
2374.189156038377
2373.0149356859224
2371.7105781075998
2369.834868038223
2366.558138021957
2364.0183842557008
2361.453347439256
2358.0768762239645
2353.0658469512064
2345.7503085031535
2341.6383690408325
2339.3984017249
2341.35288542485
2340.5168030293476
2328.0529482465113
2315.710168649941
2303.760928969662
2292.265634782873
2280.4609671227304
2281.977207652388
2265.5998924573
2249.0401099358287
2232.1803013415524
2214.332723306178
2196.747160505506
2179.4611752471183
2162.395185819508
2146.766647599853
2133.9605003942484
2122.3848440973725
2111.771304195428
2101.278572954006
2090.835470902674
2076.251720173271
2061.2065615892034
2046.9081369650764
2032.6507023028655
2018.4472397748948
2004.3863322998873
1990.4261584845951
1978.1579518372625
1967.2689602730225
1956.4989609104787
1945.7750484721662
1935.0947746854922
1924.456936529907
1913.8613051351822
1903.3083533522513
1892.799025482629
1882.3345747104117
1871.9164851515613
1859.0990044965042
1848.7809599959955
1838.5129867459561
1826.0072198149546
1815.805501678614
1805.6624769898697
1793.2730581395494
1781.9959553286933
1770.7854108454183
1759.6434352808376
1748.5720824048735
1737.5734715718143
1726.6498751193885
1715.8040315921137
1705.0401586355981
1695.6055942299151
1686.2602670733797
1677.0035371289005
1667.835292617582
1656.554606862784
1647.5701634140678
1638.6790310768888
1627.6978509866562
1618.9999209405094
1610.3998391857585
1600.8530494199406
1590.291514206473
1581.9985897823062
1571.6522136042302
1563.569153215629
1555.5935477932696
1545.5738277676148
1537.8246329474787
1530.1866521052236
1520.496818771074
1513.08509276735
1505.7880805602526
1496.4278897524591
1489.3805020229079
1482.4542006631748
1473.4190119211066
1466.7315364032102
1460.1615449747585
1451.4478043405766
1445.1104141325106
1438.887113935958
1432.7773192966408
1424.47876616778
1418.59628556845
1412.8255224639345
1404.8254656711806
1399.2780566874612
1393.8410993286209
1386.1254161004497
1380.8713213593976
1375.662810296357
1368.1172750637365
1363.0998044149933
1358.5513052735955
1353.7128847271827
1346.4798472221817
1341.8102120641388
1335.687120179869
1329.6795322208027
1323.7505483677394
1316.5709150021914
1310.8654669096925
1306.7338832848973
1301.2206406698558
1295.8197617887856
1290.4793304036716
1285.196721102777
1279.9724737187728
1274.8074951562705
1269.7010010378938
1264.64929037596
1259.5455362708599
1254.3925602702852
1249.557642078438
1244.7837630515444
1240.0677315908144
1235.4082710923997
1230.804143745657
1226.2545088069896
0
0
0
0
0
0
