11894.992443083405
11979.86930857779
11968.82618052197
11959.976805524273
11845.823160055681
11788.848100562174
11642.215737147595
11497.188068518728
11355.942569994313
11076.36788971263
10896.92778492762
10723.544118279184
10508.909949636974
10414.701238039546
10465.887735120607
10524.154333063014
10547.652693244929
10558.353968590873
10536.658579442026
10452.061453353908
10353.448403823611
10240.499585411791
10085.976722000572
9878.60556811969
9651.759213134294
9374.676123753989
9142.761055904388
9389.736534055095
9061.895896118225
8857.08040235176
8656.634048524531
8678.814632498392
8499.870132816017
8325.211536084133
8241.879889159058
8037.647175720208
8200.055256850526
8359.423733257001
8574.47809059685
8986.67641428569
9126.508532801696
9143.081179571765
9153.176445303618
9196.319378999637
9412.265170889348
9477.849885348232
9520.656784706509
9563.177958419663
9605.233063353468
9646.705208947
9687.565910171317
9727.841736726505
9757.021747079274
9840.671711913841
9919.413207277377
10019.901099520976
10051.814687368393
10082.657174283517
10115.386474977015
10148.19599074024
10203.225992375814
10226.792580185986
10249.1971358613
10256.772571524545
10253.69974839913
10350.923462786768
10450.809412417315
10518.697420533752
10569.130201801408
10610.09026621946
10636.97437445113
10620.000237211898
10617.514443764088
10618.594966523997
10617.59888317009
10614.089000353739
10735.443563117082
10970.691991698264
11070.853149653247
11128.7251016136
11264.160981135637
11273.157256367003
11288.424132227316
11293.763518061623
11282.711564282701
11260.402077766319
11253.41617979355
11203.531925828245
11141.211739443865
11073.146555861018
11025.98254668506
10953.36243296018
10833.808333210183
10700.863464815471
10571.750434827172
10539.925983736994
10440.917938226645
10345.779225218565
10241.195188537697
10131.832631523492
9930.50536959603
9630.476245311194
9475.82071001546
9349.576214897397
9214.295094214487
9088.27184789755
8968.673267345634
8899.942956088486
8841.034912936198
8793.93335187415
8729.660424140135
8701.040370925177
8673.074812457993
8685.028509036065
8707.960391936009
8738.520076253099
8803.198587561119
8763.76332927316
8724.454696938114
8679.197799730291
8641.575815835366
8602.685731894471
8558.53082803591
8516.581514505671
8481.132981212306
8432.805869202306
8380.29430257577
8332.698513645875
8279.176609209439
8224.510593106399
8176.222511707173
8210.23516900664
8152.607490544081
8097.420174069424
8051.887975229268
8078.632443229426
8018.566434852724
7957.420936291859
8002.838652208408
7957.150172838957
7912.781124052125
7864.657493028279
7807.687743641506
7752.191427862623
7712.117757064763
7698.4831631350025
7707.137554572763
7762.955211711242
7692.166045298617
7687.616972583647
7682.697056849125
7672.033123118974
7667.999409727794
7593.082383954386
7515.759851517038
7440.94983709625
7368.681381626159
7342.42634349064
7332.200110758383
7350.3848834543105
7344.398606400925
7337.0334895495325
7327.077887634829
7314.764951479758
7305.596375367492
7297.036714234246
7285.367471719165
7267.01719120111
7241.728884620156
7227.464299767289
7220.522237176672
7231.531290207605
7233.79318631235
7189.524824537248
7146.089126190061
7103.715647170015
7062.473758351473
7020.085327857425
7026.457841005347
6971.494579834493
6914.861970445669
6858.608624052207
6802.715759065869
6748.6827029320275
6696.538115587288
6645.209477935373
6598.849526186668
6554.116319021841
6514.942165935647
6477.135020730115
6439.073984117835
6399.613706312095
6347.4894532334365
6300.265355428859
6261.933154820863
6222.809555386855
6183.527159635772
6145.49466718659
6107.972472962034
6076.526354535261
6044.335047508709
6012.455875986418
5980.660174972609
5948.939639011341
5917.290621593154
5885.712853255972
5854.20889115754
5822.783699217618
5791.444118051174
5760.198202189213
5726.659127023418
5695.613543067461
5664.6335578907965
5630.7385119107985
5598.6619325418305
5566.745300282671
5532.869223798013
5501.971992134643
5471.238514394732
5440.676006178854
5410.291403167945
5380.091315222394
5350.081914173517
5320.268817011087
5290.6558521495
5260.623178410142
5230.874021085901
5201.352241537748
5171.237601654224
5141.032232922526
5111.517152016265
5082.308751510517
5052.97296679027
5024.363325258175
4996.060354997878
4966.3105349613215
4937.958386669845
4908.686961207911
4877.850804921006
4845.700319727335
4813.8217238580455
4783.220381089431
4751.852352081976
4720.864847084823
4691.219078767249
4660.984963355588
4631.141249749581
4602.541350316089
4573.550596046582
4544.9772934305865
4517.441594966919
4489.635939749731
4462.217814597263
4435.676136569145
4409.003847745509
4382.704667963369
4356.773626555064
4331.506854364644
4305.822016112231
4280.192356723414
4255.447108094861
4230.484697397195
4205.786374899722
4181.738496381645
4157.629466645769
4133.791741359715
4110.520474007104
4088.1410575021964
4067.1543830525097
4046.0055559127422
4025.1189495422072
4004.406835395452
3986.356077359607
3968.6384107736158
3951.0553958033465
3929.1831534305056
3912.9576251355197
3894.5367223556273
3879.7992685470003
3865.595846631762
3851.6860868232907
3838.2182474799
3825.2346040085017
3812.6730797599735
3800.6115324293855
3789.178117784348
3778.1732028744764
3767.3102762846106
3757.2757649847645
3747.520298121881
3737.766641106712
3728.1262761642147
3718.716718234994
3709.5200348378853
0
0
0
0
0
0
