39.90000000000873
13.701831627186039
21.377732354565524
24.413513251027325
15.161090297580813
25.776091892272234
26.411927168053808
23.47376575843373
17.423127310554264
23.5451732303045
22.951974120238447
27.53744615839969
21.346558906676364
17.548413657059427
16.628287477084086
16.669973897369346
15.590319831608213
15.684383890256868
15.674330563881085
15.279660754196811
14.49391800473677
14.599955932339071
14.478103138695587
14.352852699637879
16.22205507529725
13.664869635205832
0
14.823696911305888
12.302271141074016
4.6338792274473235
0
8.727836666163057
10.820056785625638
11.020548460481223
11.113660944480216
18.83973899341072
16.31561089292518
20.19309869244171
20.947784489864716
22.281065684990608
19.338820008561015
19.313974904915085
2.194339373949333
11.457965680368943
19.855962785426527
19.089601681524073
19.072307668902795
19.066022265426
19.068713712098543
19.076207324746065
19.08550143383036
21.12447222265473
18.655237424973166
19.84869310731301
19.857431752054254
18.13537811934657
18.15226427667949
18.16808579969802
18.18871848238632
17.91041704599047
18.261048053289414
18.199943800253095
18.1766209325433
19.799530898497324
18.177833514288068
19.72557597080595
19.7446224593441
19.928421945180162
19.726808236780926
19.93687612307258
19.69287340711162
19.731852445896948
19.79080567866913
19.872495382107445
19.974813684617402
21.02131636418926
11.172567132191034
0
28.10690168981091
19.991698729791096
20.52463607453683
19.552901017610566
19.240404912939994
14.43959585763514
15.081057495772257
24.765212817597785
26.46810071557411
27.944526692546788
28.520617747068172
28.5767562482215
28.75101167630055
28.146564495400526
28.064053535155836
25.321438162704
24.942548541759606
26.205718242999865
32.4151916847768
29.344827263688785
27.486350775754545
21.23992817751423
20.312987199038616
20.42461178614758
19.160043751791818
34.5322905293433
19.2245986173657
13.129178215793218
27.414153637640993
14.666622833305155
11.588247982450412
5.868808137267479
2.6054676922940416
0
0
0
0
0
0
0
0
0
0
0
0
0
0
0
0
0
0
0
0
0
0
0
0
0
0
0
0
0
0
0
0
0
-10040821507573128e-25
0
-989530235528946e-24
-1367880031466484e-24
0
0
0
0
0
0
0
0
0
0
0
0
-18710852600634098e-23
-25928602553904057e-23
-358311808668077e-21
-4937464836984873e-22
-4505418473854661e-22
-6173795554786921e-22
-1067121047526598e-21
0
0
0
0
0
0
0
0
0
-10507937986403704e-22
-1040345523506403e-21
0
0
0
0
0
0
0
0
0
0
0
0
0
0
0
0
0
0
0
0.22902477769821417
0.22363435351871885
0
0
0
-7275957614183426e-25
0
0
0
0
0
0
0.2821692594443448
0
0
0.013210576740675606
0
0
0.3300614086620044
0
0
0
0
0
0
0
0
0
0
0
0
0.35764090255543124
0
0
0.3609271880268352
0
0
0.3681818392215064
0.37162718674517237
0
0.3809818057634402
0
0
0.4153242085885722
0
0
0.4302534302114509
0
0
0.43654463620623574
0
0
0.43953012106067035
0
0
0.44757583798491396
0
0
0
0.4582049384334823
0
0
0.4655330572568346
0
0
0.48463082799571566
0
0
0.12956706444674637
0
0
0
0.5009369064500788
0
0
0
0
0
0
0
0
0
0
0
0
0
0
0
0
0
0
0
0
0
0
0
0
-0.37304640127148647
-0.37138868295243704
-0.3982768448883054
-0.36875765387062287
-0.3224842787069875
-0.32350029737789
