-5.273317116152612
0
-5.291291871704743
0
0
0
0
0
0
0
0
0
0
0
0
0
0
0
0
0
0
0
0
0
0
0
0
0
0
0
0
0
0
0
0
0
0
0
0
0
0
0
0
0
0
0
0
0
0
0
0
0
0
0
0
0
0
0
0
0
0
0
0
0
0
0
0
0
0
0
0
0
0
0
0
0
0
0
0
0
0
0
0
0
0
0
0
0
0
0
0
0
0
0
0
0
0
0
0
0
0
0
0
0
0
0
0
0
0
0
0
0
0
0
0
0
0
0
0
0
0
0
0
0
0
0
0
0
0
0
0
0
0
0
0
0
0
0
0
0
0
0
0
0
0
-1.655538784354576
0
0
-0.9621382608893327
-1.1800397725455696
-1.172999416841776
-1.1766856510366779
-1.1796182314719772
-1.211778009252157
-0.7327583149890415
-0.7089085262123263
-0.6369017818506109
-1.8410163383814506
-3.133113871095702
0
0
0
0
0
0
0
0
0
0
0
-0.06586881903058384
0
-0.06420471212186385
-0.06536319482256658
0
0
0
0
0
0
-0.0008400686929235235
-0.0012559068127302453
-0.0012432398507371545
-0.0016464454238303006
-0.13708374196721707
-0.2703701074933633
-0.26761646699742414
-0.265077695454238
0
-1.7047541461943183
-1.6808546882530209
-1.5157163702388061
-1.0206678897084203
-1.0096089397993637
-1.4655126400175504
-1.4294637563143624
-1.463060757771018
0
0
0
0
0
0
0
0
0
0
0
0
0
0
0
0
0
0
0
0
0
0
0
0
0
0
0
0
0
0
0
0
0
0
0
0
0
0
0
0
0
0
0
0
0
0
0
0
0
0
0
0
0
0
0
0
0
0
0
0
0
0
0
0
0
0
0
0
0
0
0
0
0
0
0
0
0
-0.5558131525904173
0
0
0
0
0
0
0
0
0
0
0
0
0
0
0
0
0
0
-0.35737542498100083
-0.37304640127148647
-0.37138868295243704
-0.3982768448883054
-0.36875765387062287
-0.3224842787069875
-0.32350029737789
