128.8003947368421
128.80039473684207
128.80039473684207
123.55789473684207
123.5578947378421
123.55789473784208
123.55789473784208
123.55789473784208
123.55789473784209
123.55789473784208
123.5578947378421
123.55789473784209
123.55789473784208
122.88418096273938
122.88418096273938
122.8841809627394
121.07367068952452
114.47443351573762
107.99579682839698
107.99579682839699
107.99579682839699
107.99579682839698
107.99579682839698
107.99579682839698
107.99579682839698
107.99579682839696
107.99579682839699
107.99579682839698
107.995796828397
107.99579682839698
107.99579682839699
107.99579682839698
107.99579682839699
107.99579682839699
107.99579682839698
107.99579682839699
107.99579682839698
107.995796828397
107.99579682839698
107.99579682839692
107.99579682839698
107.99579682839698
107.99579682839695
107.99579682839699
107.995796828397
107.995796828397
107.995796828397
107.995796828397
107.99579682839695
107.99579682839699
107.99579682839698
107.99579682839699
107.99579682839698
107.99579682839692
107.99579682839699
107.99579682839702
107.99579682839703
107.99579682839693
107.99579682839703
107.99579682839699
107.995796828397
107.99579682839699
107.99579682839702
107.99579682839698
107.99579682839699
107.99579682839699
107.99579682839699
107.99579682839699
107.995796828397
107.25825115245652
106.19101372172605
105.13439548086046
104.0882907671551
103.05259496926693
102.02720451675306
101.01201686971366
100.00693050853812
99.01184492375272
98.02666060596977
97.05127903593643
96.08560267468293
95.1295349537684
94.18298026562398
93.24584395399218
92.31803230446077
91.39945253509165
90.49001278714243
89.58962211588039
88.69819048148818
87.81562874005934
86.94184863468432
86.07676278662454
85.22028468657413
84.37232868600944
83.53280998862375
82.70164464184776
81.8787495284541
81.0640423582457
80.25744165982664
79.45886677245485
78.66823783797616
77.88547579283828
77.11050236018434
76.34324004202526
75.58361211148988
74.83154260515215
74.08695631543463
73.34977878308786
72.61993628974435
71.89735585054652
71.18196520684828
70.47369281898918
69.77246785914008
69.07822020422078
68.39088042888719
67.71037979858895
67.03665026269594
66.36962444769318
65.7092356504433
65.05541783151625
64.40810560858527
63.76723424988867
63.132739667756475
62.50455841220181
61.88262766457545
61.266885231284576
60.65726953757263
60.05371962136216
59.456175127158716
58.86457630001486
58.2788639795549
57.69897959405862
57.12486515460437
56.556463249269626
55.99371703739027
55.43657024387613
54.8849671535836
54.338852605743945
53.79817198844729
53.262871233181336
52.73289680942449
52.20819571929271
51.68871549223971
51.17440417880994
50.6652103494435
50.16108308333316
49.66197196733219
49.167827089913075
48.67859903617629
48.19423888290876
47.714698193691504
47.239929014056
46.76988386668864
46.304515746682995
45.843778116839225
45.38762490301042
44.93601048949507
44.48888971447546
44.04621786550152
43.607950675019424
43.17404431594488
42.74445539728043
42.319140959776234
41.89805847163406
41.48116582425424
41.06842132802457
40.65978370815152
40.25521210053255
39.854666047669724
39.45810549462404
39.06549078500967
38.676782657028525
38.29194223954375
37.910931048193035
37.533710981539684
37.16024431726268
36.7904937083844
36.42442217953578
36.0619931232589
35.703170296346116
35.34791781621571
34.99620015732363
34.64798214761085
34.303228964986275
33.96190613384431
33.62397952161741
33.28941533536275
32.958180118382906
32.63024074688013
32.30556442664399
31.984118689771925
31.665871391422357
31.350790706600236
31.03884512697453
30.73000345772731
30.424234814434286
30.12150861997631
29.821794601481677
29.525062787298772
29.2312835039989
28.940427373408895
28.652465309673353
28.367368516345906
28.08510848350965
27.805656984926085
27.528986075212465
27.25506808704727
26.983875628403396
26.715381579809012
26.4495590916355
26.186381581412526
25.925822731169745
25.667856484805007
25.4124570454787
25.15959887303407
24.90925668144313
24.661405436278134
24.416020352207983
24.173076890519823
23.932550756665
23.69441789782971
23.458654500529615
23.225236988228524
22.99414201898067
22.76534648309658
22.538827500831978
22.31456242009988
22.09252881420531
21.872704479602675
21.655067433675313
21.439595912537264
21.226268368856868
21.01506346970197
20.805960094406664
20.598937332459123
20.39397448141069
20.191051044805427
19.990146730130583
19.79124144678725
19.59431530408137
19.39934860923453
19.206321865414807
19.01521576978694
18.82601121158212
18.638689270186845
18.453231213250895
18.269618494814
18.087832753451334
17.90785581043724
17.729669667927475
17.553256507159254
17.378598686669523
17.205678740530672
17.03447937660399
16.86498347481041
16.697174085418517
16.531034427349525
16.366547886499163
16.2036980140763
16.04246852495796
15.882843296060893
15.724806364729172
15.568341927137979
15.413434336713156
15.260068102566581
15.108227887947024
14.957898508706496
14.809064931781798
14.661712273691204
14.515825799046109
14.37139091907749
14.228393190176966
14.086818312452504
13.946652128298332
13.807880620979255
13.670489913228861
13.534466265861916
13.39979607640031
13.266465877712884
13.134462336668651
13.003772252803508
12.87438255700016
12.746280310181195
12.619452702015192
12.493887049635626
12.369570796372637
12.24649151049729
12.124636883978441
12.003994731251884
11.884552988001822
11.766299709954378
11.64922307168322
11.533311365426941
11.418552999918337
0
0
0
0
0
0
