3047.863693643037
3085.1476816747677
3111.023036527993
3112.7546442869743
3092.680264295819
3091.864495929963
3023.240616430261
2950.8604786200676
2882.180768490179
2814.727078201643
2767.9896753927264
2721.519034728364
2678.7932390588007
2661.322819150735
2669.8956127910487
2677.540737610827
2684.4171704403993
2690.0605129608953
2672.919677830988
2642.586107356662
2606.01579472163
2554.3007798358535
2498.35344114821
2444.1643656352635
2391.2309052719174
2323.365932540053
2275.461012367619
2345.816648131317
2265.5159155752785
2214.022785087223
2179.1574741015443
2182.629468054436
2153.47125613471
2125.3573085547227
2110.500407606104
2080.1287125235185
2123.140115471793
2169.414980116196
2234.2838520962346
2324.7033434261775
2351.696811454151
2350.8190450721354
2345.7462184368355
2350.8005382535857
2392.129318356794
2403.1727098148644
2410.865774610166
2418.5314576768496
2426.133520436149
2433.649166560892
2441.0741078094206
2448.4155643283298
2449.226299740326
2463.8730246141095
2478.443890021757
2502.1664748115863
2513.2110873030156
2524.1034566298326
2535.5501099844655
2547.120137396449
2563.616191869339
2574.0452986369783
2584.411565155134
2594.7004963166223
2603.4235594079873
2629.0291718144144
2654.9537368780407
2674.7329284216607
2693.3388490550246
2710.178160314493
2719.8363803503166
2728.3305844026195
2739.685917634293
2751.9835318832147
2762.257004944178
2771.8997822230926
2806.1058095911776
2851.8156886584616
2888.0210248319695
2914.114385758027
2955.4572678445993
2967.3974448761733
2978.3869638737633
2985.4832534488723
2986.111557543132
2981.6998021014347
2978.339812079973
2959.978442966055
2936.792693631586
2909.3648025030666
2884.014296270106
2853.8041207822685
2815.68954260311
2763.2947325191453
2706.622484256512
2674.2967575388657
2640.4324928425167
2608.9564177314746
2576.875024456223
2544.8606196274686
2501.236763419434
2448.103178893723
2401.8524115749283
2377.1119476022536
2339.3851342169783
2301.4426739536716
2258.271415723604
2235.4036464164215
2215.0066721152025
2199.8795330296452
2182.746665696211
2174.669655566228
2167.0796237591085
2170.7419630276017
2176.9621176123464
2183.182490159873
2197.0088446671816
2188.9841377330954
2181.4914486189223
2172.7407658099996
2165.320191611156
2158.80357461741
2151.4699995824913
2145.3866289254916
2141.6017511939895
2134.5592427879546
2126.5073117081147
2119.951605032058
2113.3559564348443
2106.70917329243
2101.263486276787
2113.5092597936828
2105.8408678215005
2098.7732628135177
2093.990242570646
2106.207355379402
2097.569057228209
2087.8505178914934
2100.4621990235346
2092.673310800995
2085.6541332455645
2077.684713744649
2065.7418544465754
2052.2582470731295
2040.189749552344
2034.1546958578203
2031.0412260564094
2033.5353821521815
2012.9848895034693
2005.027942170122
1997.3644809707757
1990.6782027717134
1984.4611580824508
1962.8859695055294
1942.0052177833577
1921.8742731088128
1902.5504826870997
1892.8746709976513
1884.991779506585
1880.267053324156
1874.206457230295
1868.2904251936252
1861.7431668540148
1854.2924434569459
1848.1015321506961
1842.9738545037312
1838.725332003527
1834.774401416112
1831.3506919086278
1831.862919373044
1836.6841308718908
1846.777661920108
1853.2321730623107
1841.7589753338166
1830.175227644159
1818.7755705078496
1807.1383010897114
1794.3630121615442
1792.2669882809603
1780.3965127917402
1768.2709549820588
1756.0986945181598
1744.1231539333398
1733.0226758509236
1722.672740125695
1712.5644455973436
1703.1274375953453
1694.9463071209686
1688.2076319934745
1681.3020594180946
1673.7150597059833
1665.935599723129
1655.934290321191
1646.901712022221
1640.892764737736
1634.5126564214072
1628.0309612657384
1620.8257433359408
1613.7383752746807
1608.0575712285681
1601.8787896758547
1595.752243398156
1589.648758061155
1583.566782005516
1577.5056672361768
1571.465338166768
1565.4462894084102
1559.4496107597745
1553.4769115785502
1547.5301156679454
1540.676233907275
1534.7784625638749
1528.5652620410272
1520.8435861364046
1513.1207855054731
1505.450074910774
1497.8224967167923
1491.27770327249
1484.7764208597805
1478.320191459259
1470.5402440885914
1461.8886692913338
1453.3067398474636
1444.7944997003872
1436.3501409060505
1425.8783230009885
1415.5085144340262
1405.2441491524216
1395.084782876426
1386.8235755990331
1376.862217381449
1367.0045177586621
1359.012234900912
1349.3520213273305
1339.7954151457861
1330.87459586329
1323.2461098782717
1313.989122732516
1305.9445675718016
1296.2452007206803
1286.633325606294
1278.7625757490898
1269.3120730218839
1259.9799920083933
1252.397881913877
1243.2971455550594
1234.3173830775809
1227.0492336898674
1218.3267430848605
1209.7319680560513
1202.6925272214648
1194.220398674209
1185.8680677730988
1179.1063350629925
1170.9818581145335
1162.9725034087521
1155.07653888541
1148.6990529589384
1141.0184072058428
1133.447270254731
1127.3384495084545
1119.9699570380292
1112.6850384390837
1106.7883993091762
1099.6776787959366
1092.64200324778
1086.958546739622
1080.3157406578623
1074.0140091978117
1067.7056314225927
1062.6558345319825
1056.4819724093302
1052.2264462945661
1048.0695846067806
1043.9571793047803
1038.6311310577514
1034.9758885411052
1029.7843378546288
1026.5103915439927
1023.38886623412
1020.34259478697
1017.403334895651
1014.5807309614371
1011.861597924061
1009.2631567536392
1006.8130870392658
1004.447925658261
1002.1048677495469
1000.0028501390264
997.9752332183471
995.9975206087406
994.0724964339614
992.2078109044897
990.3991874337078
0
0
0
0
0
0
