306.4358936536359
304.00151636367707
301.59136153247186
299.2051881425247
296.84275757451314
294.5038335834085
292.1881822748632
289.8955720818174
288.1634863178582
286.2661846114836
284.42538374810135
282.6100505566903
280.418695650877
278.8950546029087
276.9939032237512
274.86169392630734
272.8780741756913
270.8625846332599
268.97764953551393
266.925955453162
264.8946760680251
262.8836082504722
260.89255089204585
258.92130488535
256.9696731041435
255.03746038361953
253.12447350089676
251.23052115569277
249.35541395119483
247.49896437512007
245.66098678096282
243.84129736943336
242.03971417007313
240.25605702306174
238.49014756119692
236.74180919206177
257.40313394107216
276.8733787069878
286.27152100988616
316.64940622628296
331.7890821946561
331.1345306433001
330.4650448392659
344.60155281778617
343.8781840686146
342.99876337167217
346.35700191032447
349.60588543042013
352.76609930138164
355.8551427339902
358.88256884424015
361.8524017540311
377.29218600493004
389.39748013641076
388.0286121683969
386.65360828240756
385.26943620712484
383.8734428147163
382.462871545171
381.03387166148707
383.90506429348477
382.37945603916927
380.7453729318052
378.9419542288506
376.99220736469044
374.9490711823073
372.87212346480925
370.80488260106677
368.7474744911445
365.60012513121205
375.6171219920583
371.8796691815744
368.179404647915
364.5159583615381
360.8972562701916
357.3856589281325
354.0045072424363
350.7479452515904
356.2521871179761
361.28515412217837
357.9658456887277
358.93802093890747
355.69169024932336
352.49434153470077
348.9869642339526
345.5144859204527
342.10565531184227
338.7016471661398
335.331509467404
331.9949051990652
328.9369347290756
326.09849071679446
328.05299173153554
326.19928067684174
323.3822584704748
355.8063380844943
374.7946578671688
371.0653887114867
367.3732264038983
363.7178017250946
360.09874912883413
356.51570670802624
352.96831615586086
349.4562227282471
345.9790752147216
342.53652589703773
339.1282305180626
335.75384824407655
332.41304163503196
329.1054766061741
325.8308223995622
322.58875154760636
319.3789398395203
316.2010662911196
313.0548131128553
309.9398656767788
306.8559124855541
303.80264514129243
300.77975831471366
297.78694971461704
294.8239200576485
291.89037303837284
288.98601529964395
286.1105564032666
283.26370880095595
280.4451878055792
277.6547115626873
274.8920010223317
272.1567799111563
269.4487747047682
266.7677146003932
264.1133314897842
261.48535993242126
258.8835371289533
256.3076028949374
253.75729963480043
251.23237231609244
248.73256844397542
246.2576380359825
243.80733359700614
241.3814100945636
238.97962493428227
236.60173793564434
234.2475113070216
231.9167096252241
229.6090998081257
227.32445109281196
225.06253501248963
222.8231253723019
220.60599823033837
218.410931872035
216.23770678892876
214.08610565670014
211.9559133134423
209.84691673814703
207.75890502939788
205.6916693842843
203.6450030775193
201.61870144076954
199.612561842174
197.62638366610994
195.65996829310137
193.71311907997227
191.78564134017932
189.877342324342
187.98803120096858
186.11751903737013
184.2656187807779
182.43214523924766
180.61691506500648
178.81974673241703
177.04046052351805
175.27887850820483
173.5348245268086
171.8081241724778
170.09860477373815
168.40609537722483
166.7304267305879
165.07143126556636
163.42894308090038
161.80279792674
160.19283318721534
158.59888786479323
157.02080256335125
155.45841947301741
153.91158235417834
152.38013652183608
150.8639288301292
149.36280765702563
147.87662288915726
146.4052259068085
144.9484695690551
143.50620819904918
142.0782975694522
140.66459488801075
139.26495878327904
137.8792492904803
136.50732783751016
135.14905723107998
133.80430164299733
132.47292659658308
131.15479895322295
129.8497868990538
128.55775993178295
127.27858884763711
126.01214572844182
124.75830392882978
123.51693806357606
122.28792399505967
121.07113882084971
119.86646086141464
118.67376964795461
117.49294591035438
116.32387156525638
115.16642970425163
114.02050458218962
112.885981605603
111.76274732124875
110.65068940476252
109.54969664942615
108.45965895504605
107.38046731694463
106.312013815059
105.25419160314841
104.20689489811015
103.17001896940096
102.14346012856387
101.12711571885926
100.12088410499943
99.12466466298443
98.1383577700397
97.16186479465411
96.19508808671637
95.23793096775017
94.29029772124568
93.35209358308892
92.42322473208378
91.50359828057157
90.59312226514041
89.69170563743026
88.79925825502711
87.91569087244895
87.04091513222127
86.17484355604114
85.31738953602898
84.46846732606849
83.62799203323104
82.79587960928716
81.9720468423008
81.15641134830892
80.34889156308219
79.54940673396943
78.75787691182143
77.97422294299614
77.1983664614438
76.43022988086975
75.66973638697584
74.91680992977865
74.17137521600537
73.43335770156308
72.70268358408582
71.97927979555246
71.2630739949815
70.55399456119606
69.85197058566183
69.15693186539625
68.468808895948
67.78753286444689
67.11303564272187
66.44524978048864
65.7841084986047
65.12954568239076
64.48149587501977
63.839894270970916
63.204676709549204
62.57577966846904
61.95314025750231
61.336696212188976
60.72638588761089
60.12214825222693
59.52392288177006
58.93164995320471
58.34527023874444
57.76472509992917
57.189956481761214
56.62090690689982
56.05751946991321
55.499737831588284
54.947506213296336
54.40076939141537
53.85947269180753
53.323561984351926
52.79298367753098
52.26768471307204
0
0
0
0
0
0
