7812922696748698e-22
9550522613314689e-22
7803764337339256e-22
7802292217527461e-22
7798625520313171e-22
780188977831882e-21
7803095915894723e-22
7801876351040833e-22
7807838898747877e-22
782164199522367e-21
780960488747041e-21
7807093987513541e-22
7804265814299082e-22
7816012932267455e-22
7802141189784751e-22
7806228379092673e-22
7760203605280387e-22
7817228780824755e-22
7805889036268721e-22
7795440366130538e-22
7801238622242583e-22
7798987753090038e-22
7799120045445292e-22
7804528142995399e-22
780916552789121e-21
7767467391486317e-22
7794693299323359e-22
7806909020536991e-22
7796151989228155e-22
7801381784977464e-22
779816800089799e-21
7790567429296059e-22
7800301536394793e-22
9528431013162153e-22
7812416719283624e-22
7815144173023792e-22
7816677149162886e-22
7805144704720121e-22
7811372054193582e-22
7809956341172093e-22
7809020020589642e-22
7744584954193849e-22
7796299886683952e-22
7820981002459174e-22
7801279922248185e-22
7808781883449679e-22
7802778855851051e-22
7812034676466684e-22
7811860843953384e-22
7733416577471796e-22
7809137927422162e-22
958294791759861e-21
7814346912646835e-22
7812250011942717e-22
7806558347030814e-22
7803838440562108e-22
7811901968117266e-22
7801084864709518e-22
7751109521874892e-22
7804209320466559e-22
7809494399430245e-22
780872020350662e-21
7815097621360911e-22
7809481348907654e-22
7816044863844792e-22
7816801019797274e-22
7812074994876568e-22
7785935503069705e-22
955277153519907e-21
7779665196562325e-22
954452964390108e-21
7799893199374587e-22
7791594736930338e-22
780990710818247e-21
7778725220809604e-22
7799806519779163e-22
7798944215592977e-22
7798950104517274e-22
7797542813031525e-22
7776094282373817e-22
954515209620957e-21
774956337851207e-21
7801315192805555e-22
7781595378233304e-22
7810792362409494e-22
7760056756324067e-22
7787297737590091e-22
7811782106403288e-22
7791092899756756e-22
7803640668898758e-22
7734487397569686e-22
7806694382888235e-22
7796130995213795e-22
779538880183434e-21
7797032295957095e-22
7786134576830494e-22
7795426736548693e-22
7804191497441393e-22
9538102677279568e-22
7801723286747062e-22
7805342979065694e-22
7800211792803359e-22
7798037090379519e-22
7802346180348224e-22
7787365507113206e-22
7811696979865095e-22
7808016151293288e-22
778730822875743e-21
7805436899202206e-22
7817585532031548e-22
780294473378112e-21
7804991673793533e-22
7738327141424393e-22
7806683506146859e-22
7802985387833467e-22
7808166910019962e-22
7790689192877407e-22
7803442843498271e-22
957871452276374e-21
7793896816154496e-22
7801125612812202e-22
7738417179537488e-22
7814455427940889e-22
7802169463570208e-22
7812086701320208e-22
7802420498105256e-22
7799050132654106e-22
7804555182598716e-22
7798979275406643e-22
7802294260710802e-22
7802977091144541e-22
7800061474060321e-22
7784368668585843e-22
7800770428363179e-22
7788178496794084e-22
7785413849605064e-22
7799817596810608e-22
7798045152702647e-22
7801223051451429e-22
7803882837676054e-22
7806088803905196e-22
7801825549348095e-22
7770733912614919e-22
13519799281146768e-22
7802283518340155e-22
7807671096408331e-22
7806630337507499e-22
780091377254574e-21
7805035657580156e-22
9559507446969727e-22
9560023832512902e-22
7755472171813638e-22
9577359824085962e-22
955317435109584e-21
7802239648079911e-22
7804176288879679e-22
7802967489057129e-22
7806491861524227e-22
7807413501209899e-22
7803094244649807e-22
7807703638407753e-22
7806018602430269e-22
7807906643404356e-22
7798107211707316e-22
7786964443535491e-22
7816183296328069e-22
7799296174401561e-22
7813037425785026e-22
7811083937309753e-22
7805490219319809e-22
7804116973296118e-22
7771864845920316e-22
781546966933057e-21
7800249438396784e-22
7809436728616355e-22
7810658438058269e-22
7801683899736658e-22
7810059706250306e-22
7806471399425988e-22
7799354944607971e-22
7753060024935649e-22
7776875754609949e-22
7806374483162227e-22
7809007082041731e-22
779681570938747e-21
7808060692184884e-22
7805575694564004e-22
780356825375428e-21
7802869199000062e-22
7804616937049731e-22
7801131093185238e-22
7793385132799414e-22
779862969647774e-21
7812559570758866e-22
7793697117365194e-22
7806999769016939e-22
7801126554642395e-22
780765846418883e-21
7807514646018377e-22
7745754595092283e-22
7814192562758913e-22
7807379252679583e-22
7811549811116128e-22
7812140785781932e-22
7803550732401444e-22
7808064580171757e-22
778934000010216e-21
7809255957881779e-22
7732472844143992e-22
7806201343106501e-22
7807613492155471e-22
7811338436257929e-22
7806288234747891e-22
7806390200742127e-22
7809076441695652e-22
7804482236398556e-22
7801398436886485e-22
778760287778771e-21
7792608272835313e-22
7807563469570379e-22
7803282472962572e-22
7765942916628495e-22
7802536485843306e-22
7802394594805463e-22
779279269967745e-21
7810471443740384e-22
7737294806819595e-22
7809583085828395e-22
7806176944984451e-22
7804565712678085e-22
7802538727614819e-22
7793717082546193e-22
7799456129523146e-22
7797212517275186e-22
7810077160701961e-22
7742293904723888e-22
7800773128859052e-22
7806276008601532e-22
7808346802886872e-22
7799728824808531e-22
7797833875899659e-22
7794740662424999e-22
7805045455163547e-22
780104809127925e-21
7796505514752592e-22
7808682040664154e-22
7792965001824848e-22
7794487122254353e-22
7801075924528038e-22
780560682124118e-21
7797025831549356e-22
780675211389981e-21
7756315958794075e-22
7812979661295801e-22
7802563062204511e-22
7802344533073717e-22
7801530563101321e-22
7802671007190189e-22
7807866740490902e-22
7795804650567724e-22
7789159955161449e-22
7752112812122876e-22
7772132659202596e-22
7803328901036737e-22
7804977306259288e-22
7787894229171158e-22
7809423309182446e-22
9571850182277458e-22
7800053221579348e-22
7798566708670223e-22
7793041784179288e-22
7806279308259164e-22
7798921866888435e-22
7797359203424411e-22
954738107991077e-21
7800957588754363e-22
779410972579176e-21
7739709003601578e-22
7813208754311252e-22
7795176510930263e-22
7796244124850132e-22
7801500260951158e-22
7800627229444133e-22
778598712952675e-21
7750554771822213e-22
7805162428062513e-22
7749403031995611e-22
7804579945334833e-22
7799638711847109e-22
7802954167938666e-22
7803474791217083e-22
780173304068079e-21
7805079708904199e-22
776646950802839e-21
7804691365363542e-22
7789980104651199e-22
7784207521121137e-22
7786290578972869e-22
7790072805437916e-22
7805534478677135e-22
7793696408447428e-22
7815647221901426e-22
7786829571420675e-22
7805051735015954e-22
7793864663179308e-22
7786022731506908e-22
7793543808343588e-22
7774854381589152e-22
779827438550726e-21
7792305097849078e-22
7795882216646388e-22
7781807601538367e-22
7813521489686987e-22
7789694689785563e-22
7799883434630577e-22
7784898072855527e-22
7789984505461498e-22
7789620158994542e-22
7805580163750503e-22
7796266266427693e-22
7801355978116189e-22
781344980203743e-21
7804227183257159e-22
7808933047116208e-22
7728258148105021e-22
7811081458261935e-22
7803095976577643e-22
7804457676961489e-22
7809694528385663e-22
780545348018159e-21
7813721169699932e-22
7788319934219754e-22
7802330528116763e-22
7750990040800151e-22
7807923845940003e-22
7796514855201985e-22
7798767221006893e-22
7809838560323921e-22
7809511128709496e-22
7796437519029666e-22
7809057539100091e-22
7809889703746312e-22
9550588622785788e-22
7795367491694562e-22
7808622504380673e-22
7799556944529948e-22
7744570050737896e-22
7799042535449158e-22
7797771866130352e-22
7793368370988429e-22
7795439152774924e-22
7793170809367734e-22
7795900265223832e-22
7777948261298099e-22
7795816472468353e-22
7754888303933024e-22
7756491314918504e-22
7784979815139103e-22
7794453908444314e-22
7773769440481571e-22
7760830833189187e-22
7799729202440034e-22
7791795513157215e-22
7791854065028325e-22
7808422636356218e-22
7801141915369033e-22
7800533655288903e-22
7739164310347219e-22
7810436608520639e-22
7794775444885062e-22
7807925154844854e-22
7806643007316566e-22
7803018572125284e-22
7808868179295099e-22
7794498782971025e-22
7807153020403274e-22
7749152614957309e-22
7790045231423449e-22
7797510609218166e-22
7804163751752633e-22
7796262161318705e-22
7794754529378503e-22
7804082184225224e-22
7809553638978636e-22
7798009312540389e-22
780923409782402e-21
7811141517359109e-22
7768037788221115e-22
7817319928332382e-22
7805347919868753e-22
7809740023541357e-22
7807338109777297e-22
780533627948554e-21
7807064016623185e-22
7804180191438067e-22
7813448080980287e-22
7764271098159437e-22
7800336214299383e-22
7797891982241837e-22
7803521564191203e-22
7811653283638422e-22
7817964935535796e-22
7810367937548072e-22
7819209992361729e-22
7811209388370534e-22
7801997175373867e-22
7748567992735386e-22
7811125456803887e-22
7806494474194158e-22
7808713860087685e-22
7810787183396474e-22
7802977974174275e-22
7807350316588637e-22
7813606531362887e-22
7808647137854532e-22
7752618820945472e-22
7804119495808721e-22
780093092786605e-21
7799336541524698e-22
7805288919683005e-22
7800480719853353e-22
7798479647373308e-22
7804203354899079e-22
7804514691196793e-22
7752790008343295e-22
7801737318625898e-22
7806308403533976e-22
7809589442725202e-22
7807369880150614e-22
7800511738422045e-22
7808325197873855e-22
7810593729838031e-22
780859395555517e-21
7735374826359434e-22
7798373950247393e-22
7808024546519145e-22
7808393275684695e-22
7807591001819129e-22
7807712298851692e-22
7807816045979952e-22
7803944567598337e-22
7807908061025702e-22
7763304166919743e-22
7748830828761664e-22
7744748744188961e-22
7738515583358844e-22
7740806599180559e-22
7756530240219503e-22
7799782758024864e-22
7744906069981411e-22
7723490086236217e-22
7746333373253743e-22
7751699403928877e-22
7751695051541096e-22
7752363158805472e-22
7765976267645558e-22
7770945625238045e-22
7766075556512058e-22
7737414266922633e-22
7812578536729454e-22
780976844055634e-21
7817093042374739e-22
7803856963464061e-22
7804809712095107e-22
7759708564339459e-22
7818426808284087e-22
9467925752344612e-22
7770829753630816e-22
7813682796776716e-22
7816043304575889e-22
7811987717581872e-22
7812123529107439e-22
7810066280467963e-22
7813470467133425e-22
7807945683584187e-22
7808089232980581e-22
7813408840999915e-22
7797524803317884e-22
7805115719371137e-22
7792383326346207e-22
7810593904154877e-22
7756586565438218e-22
7805053199641558e-22
7804995416181251e-22
7811815833535214e-22
7798831372600492e-22
7808904392733885e-22
7797454144834268e-22
7799380216442169e-22
779815161373451e-21
7810619428916129e-22
7808521243944923e-22
7807825947939131e-22
7802999080823884e-22
7798610069799335e-22
9451664726058471e-22
7804152556535004e-22
7799544077702017e-22
7810461252781224e-22
7807283011906805e-22
7805580156998444e-22
7808395527178503e-22
7805638360376478e-22
7809885297567021e-22
7801395458395352e-22
78162321085751e-20
7799050430251455e-22
7812124183850049e-22
7749213746473553e-22
780872761045076e-21
780811645238073e-21
7814456325285996e-22
7811953978285703e-22
78106871944833e-20
7810272531098412e-22
7805773739389978e-22
7804637450728633e-22
7809087227970899e-22
7789744473959932e-22
7811970377639248e-22
7747437863166598e-22
77623911188749e-20
7803617118360692e-22
7806025712223594e-22
7807748091489822e-22
7798894697043409e-22
7798070486300289e-22
780229613988205e-21
7806156823142096e-22
7806572712478664e-22
7812954293214186e-22
7739165482066468e-22
7808098995410103e-22
7805750393439784e-22
7813524695141012e-22
7802942042622904e-22
7801707096671924e-22
7801430532312024e-22
7805206410430416e-22
7812055673230896e-22
7792793483737226e-22
7753433316213319e-22
7794793973740258e-22
7771546067752652e-22
7731437316792673e-22
7761668837020996e-22
7819372818904819e-22
7801406304964954e-22
7745382870864469e-22
7800142243014045e-22
7746143281266238e-22
7809562695812257e-22
7813364979209873e-22
7803376844247875e-22
7806912873475174e-22
7803119335303045e-22
7806427747216074e-22
780392978086732e-21
78089070589869e-20
7764303314723286e-22
7744708249479297e-22
7739383685871812e-22
7755843807293384e-22
772385328550122e-21
7764060731398859e-22
7742702801894376e-22
7756565111110989e-22
7808271339559872e-22
7755770058913965e-22
7763232099024601e-22
780688298481747e-21
7809754548547023e-22
7799771179606954e-22
7765331422954283e-22
7808467965774238e-22
7804294593517804e-22
7803934968688462e-22
7805743837381644e-22
7803804583315133e-22
780102345736151e-21
7809434670922927e-22
7812226588019697e-22
780200842710549e-21
7807201779642869e-22
7807628975977277e-22
7803709760719058e-22
7808076360361695e-22
7805165531255993e-22
7801061779184317e-22
7802200026159965e-22
7806073653333609e-22
7806908449432067e-22
7804130701691205e-22
7810921511682704e-22
7806399200895551e-22
