0
0
0
0
0
0
0
0
0
0
0
0
0
0
0
0
0
0
0
0
0
0
0
0
0
0
0
0
0
0
0
0
0
0
0
0
0
0
0
0
0
0
0
-4999999997368221e-26
-4999999997368221e-26
-4999999997368221e-26
-4999999997368221e-26
-4999999997368221e-26
-4999999997368221e-26
-4999999997368221e-26
-4999999997368221e-26
-6666666754953411e-26
0
0.0009603820888937143
0.0009062595185252479
0.0008544911738447898
0.0008049396690884519
0.0007574781782074703
0.0007119853543587963
0.0006683379035088474
0.0006263929253833056
0.0005859538637242915
0.0005467052421409586
0.0005079224228599129
0.00046836001415529463
0
0
0.0026514874415402017
0
0
0
0
0
0
0
0
80557121280584e-18
0.008277491529572578
0.004148977131346328
0.00855371097616485
0.004722395864081358
0.00873721292782293
0.00874609492087307
0.008715775246736054
0.008642106457093773
0.008532654473534447
0.004647902990302785
0.008387866748928809
0.008361003644660506
0.008371446723926495
0.00844436475225101
0.008566583525076497
0.005171541017918126
0.008868015259084162
0.009003563055479372
0.006127798909373224
0.009237225391535058
0.006558905952915668
0.0037532090090941564
0.0006966725769043099
0
0
0
0.001079953863672135
0
0
0
0
0
0.0006961749923573056
0.0006847584750302489
0.0006675428495372987
0.0006491325396218481
0.0006352150451804971
0.0006223447441366977
0.0006071630243165189
0.0005912910158067982
0.000575390798638335
0.0005597077559327297
0.0005442435856184464
0.0005289972259170424
0.0005144653336963717
0.0005005108988642744
0.00048712888312430337
0.00047458473276918274
0.0004624764909710907
0.0004489947168306905
0.0004365852500698471
0.0004245666636826281
0.0004120107366378842
0.0004026662679512724
0.00039404275930521727
0.0003847043259175328
0.00037414539514224877
0.00036379261962871524
0.00035517476633329254
0.00034674353310171625
0.00033843366079700367
0
0
0
0
0
0
0
0
0
0
0
0
0
0
0
0
0
0
0
0
0
0
0
0
0
0
0
0
0
0
0
0
0
0
0
0
0
0
0
0
0
0
0
0
0
0
0
0
0
0
0
0
0
0
0
0
0
0
0
0
0
0
0
0
0
0
0
0
0
0
0
0
0
0
0
0
0
0
0
0
0
0
0
0
0
0
0
0
0
0
0
0
0
0
0
0
0
0
0
0
0
0
0
0
0
0
0
0
0
0
0
0
0
0
0
0
0
0
0
0
0
0
0
0
0
0
0
0
0
0
0
0
0
0
0
0
0
0
0
0
0
0
0
0
0
0
0
0
0
0
0
0
0
0
0
0
0.0016855588253410908
0.0016332198632843654
0.0015820072794870545
0.001532182717482039
0.0014840159007756953
0.0014377186738932792
