0.03628300745817379
0.05086082191699549
0.06653733053797767
0.08064303765187399
0.09648556368973707
0.10109761612973102
0.09693141356999475
0.0921394719555576
0.0867193607656938
0.08067662330678113
0.07402588173029145
0.06678892703167294
0.05899246603930872
0.050666284129726034
0.041841917026592304
0.03255173895997918
0.022828350777360683
0.01270417152546817
0.0068375914454858
0.007157339845625703
0.007466153958513308
0.007764030393506353
0.008051003926920623
0.0083271416446966
0.00859253855408704
0.00884731404789162
0.009091608750482033
0.00932558194300865
0.009549408893968162
0.009763279060698876
0.009967394525698729
0.010161967064703929
0.010347215731457613
0.010523365890868861
0.010690652964442155
0.01084931549259608
0.010999593780902255
0.011141729213711782
0.011275963561978344
0.011402538084017783
0.011521692791179169
0.01163366588151755
0.011738693276017783
0.011837008647708425
0.011928845893448895
0.012014416063193617
0.012093919144361451
0.012167564580614503
0.012235560385568924
0.012298111803458632
0.01235541990744159
0.012407680654082053
0.01245508443144514
0.01249781594337674
0.012536054317056419
0.012569973332700017
0.012599741681481407
0.012625523393518653
0.012647478491306695
0.012665764377336802
0.012680539159142615
0.012691972179239588
0.012700263115210515
0.012705627321497142
0.0127082546376779
0.012708315290066403
0.012705950878182243
0.012701272389995617
0.012694393287507624
0.012685427833375923
0.012674471379660887
0.012661611873364443
0.012646932336706426
0.012630504258403497
0.012612397077897294
0.01259270077407395
0.012571519059684188
0.012548937239271467
0.012525002938195773
0.01249974044199051
0.012473168920107986
0.01244531429074546
0.012416234716470683
0.012386016369291465
0.012354725137662732
0.01232242710101409
0.012289158484545277
0.012254908037214218
0.01221969723793708
0.01218363644679677
0.012146930782918612
0.01210998209965649
0.012073425034766317
0.012037946384715684
0.012004068176129638
0.011972385034627601
0.011943478143610275
0.011917512798735728
0.011894394279541923
0.011874393558724198
0.011857873642795577
0.011844486565187318
0.011833236478266246
0.011822381682395074
0.01181035526416573
0.011796211674537089
0.011779460942576555
0.011759881931711545
0.011737319821331905
0.011711654523613746
0.011682849232692475
0.01165095212183067
0.011616044198118439
0.011577986400396848
0.011536699177037764
0.011492386496932603
0.01144519562097392
0.011395320399489865
0.011343113514106697
0.011288926037802745
0.011232346002636995
0.011173977874530866
0.011114653280855846
0.011054677186975302
0.01099418949677216
0.010933163405689925
0.010871388286898744
0.010808891404411174
0.010745643248365667
0.010681531120168862
0.010616344366120746
0.010549800222065107
0.010481733524521841
0.010411892734753018
0.010340283943323153
0.010266903835818915
0.010191264114033913
0.010110998575392275
0.010027055733632897
0.009942324895005586
0.009857789819951855
0.009773650426454568
0.009689731904152392
0.009605297571135948
0.009520213627620424
0.009434404686178628
0.009347338495508662
0.0092584125354483
0.009167392045978821
0.009074815841765341
0.008980351028614391
0.008884681016299016
0.008788695493711907
0.008692565201219363
0.008596496563883149
0.008501465678421298
0.008408738083187435
0.008317425161111353
0.008225446054801112
0.008130812549565552
0.008033024452913779
0.007934541157372585
0.007838999781185345
0.007749461715418754
0.007666079962767363
0.007585417999524937
0.007508393071611319
0.0074346007539414245
0.007361858229873239
0.007289255620508132
0.007216710505821835
0.007144383939576691
0.007071943877321733
0.006999266387615463
0.006924752526175701
0.006850251825320711
0.006780073403022661
0.006715575949436038
0.0066568173705481345
0.006602546322983856
0.006551442746186152
0.006502359656591686
0.006454441039172161
0.006408276121035996
0.006364299901616193
0.00632255158584615
0.00628285897782319
0.006245024568796296
0.006209169512861593
0.006175698139320374
0.0061448772160443196
0.006116522654034872
0.006090120105765657
0.006065106043008075
0.006040942983912131
0.006017052100005517
0.00599296029968068
0.005968310481571085
0.005942958909654687
0.005917528150072494
0.0058933339022610495
0.0058711934882477775
0.005850695376443662
0.005830885755624257
0.0058110402377105266
0.005790880795465822
0.005770516480899926
0.0057502427551909315
0.005730280392856952
0.005710651684998893
0.005691288713354078
0.0056722096808856
0.005653571597536008
0.005635573608291566
0.005618311451536163
0.0056017103374753
0.005585551612354152
0.005569538169379043
0.005553329299614945
0.00553650876628834
0.005518441670664944
0.0054977989988423594
0.005470924740469525
0.0054272944709479656
0.005368953303088722
0.005337164837601041
0.005318501469454276
0.005300496705749675
0.005282014190032816
0.005262957038900317
0.00524328266977305
0.005222951396641326
0.005201918734253554
0.005180110897753725
0.005157399907853568
0.005133546197021643
0.005108081301048858
0.005079977252368589
0.0050465367999243
0.004999736710946517
0.004932637215237156
0.0048823386230260795
0.004851096068238375
0.004821050423017621
0.004789202530694611
0.004753683950215736
0.0047084745158203125
0.004652127722520315
0.004604557054978381
0.0045595303556485774
0.004512526801830677
0.004467227852021074
0.004424477317626621
0.004382375137381005
0.004339743992031732
0.004296148210640578
0.004251451015777194
0.0042057684011242895
0.004159333739492181
0.004111721218661357
0.004059288812480665
0.0039912457781626
0.003925191207593402
0.0038843919570397054
0.0038480227304808685
0.00380952252842493
0.0037650092011410397
0.003708480965737689
0.0036482120502849464
0.00360274922861308
0.003563141735963552
0.0035229131805492634
0.003481007776267578
0.0034370456613327153
0.003390394848555362
0.003339552994763078
0.003281519590123951
0.003211013089597778
0.00313118050345603
0.0030474323568349592
0.0029422513568988424
0.0028272354367924525
0.002718849577717847
0.0026012332533344785
0.0024712239450276527
0.0023416836593575293
0.002239366728237899
0.002156680671077652
0.002085337516109223
0.0020142550955075302
0.001942894266502562
0.0018686817052486402
0.0017980654178879813
0.0017392817004532797
0.0016855588253410908
0.0016332198632843654
0.0015820072794870545
0.001532182717482039
0.0014840159007756953
0.0014377186738932792
