0.03628300745817379
0.05086082191699549
0.06653733053797767
0.08064303765187399
0.09648556368973707
0.11745660280991384
0.14016588877148273
0.1618282171910369
0.185803038994795
0.21228498074721108
0.24146430690363951
0.2735288086238149
0.3064272650570134
0.2956390657609633
0.28437717875367025
0.27267373451118354
0.260561092552349
0.24807143299652923
0.2352364830955419
0.2220873319282048
0.20865430320486483
0.19496686646629044
0.18105357473906902
0.16694202027482924
0.15265880405948715
0.13822951545717754
0.12367871964929011
0.10902995203375092
0.09430571764618698
0.07952749638641157
0.06471575181667998
0.04988994136897529
0.035068531627044056
0.020269018562965983
0.010690652941365232
0.010849315469519156
0.010999593757825332
0.011141729190634865
0.011275963538901425
0.01140253806094086
0.011521692768102249
0.011633665858440629
0.01173869325294086
0.011837008624631504
0.011928845870371973
0.012014416040116695
0.01209391912128453
0.012167564557537583
0.012235560362492003
0.012298111780381708
0.01235541988436467
0.012407680631005131
0.012455084408368218
0.012497815920299811
0.012536054293979491
0.012569973309623094
0.012599741658404483
0.012625523370441724
0.012647478468229771
0.012665764354259881
0.012680539136065696
0.012691972156162662
0.012700263092133594
0.012705627298420225
0.012708254614600985
0.01270831526698948
0.012705950855105317
0.012701272366918702
0.012694393264430696
0.012685427810298992
0.012674471356583962
0.01266161185028752
0.012646932313629502
0.012630504235326577
0.01261239705482037
0.012592700750997025
0.012571519036607264
0.012548937216194546
0.012525002915118849
0.012499740418913588
0.012473168897031062
0.012445314267668534
0.012416234693393762
0.012386016346214545
0.012354725114585803
0.012322427077937168
0.012289158461468355
0.012254908014137292
0.012219697214860154
0.012183636423719843
0.01214693075984169
0.012109982076579569
0.012073425011689393
0.01203794636163876
0.012004068153052714
0.011972385011550677
0.011943478120533353
0.011917512775658806
0.011894394256465
0.011874393535647274
0.011857873619718653
0.011844486542110396
0.01183323645518932
0.011822381659318149
0.011810355241088807
0.011796211651460166
0.011779460919499631
0.011759881908634622
0.011737319798254982
0.011711654500536824
0.011682849209615551
0.011650952098753746
0.011616044175041517
0.011577986377319924
0.011536699153960836
0.011492386473855682
0.011445195597897
0.011395320376412943
0.011343113491029773
0.011288926014725822
0.011232345979560071
0.011173977851453944
0.011114653257778925
0.01105467716389838
0.010994189473695236
0.010933163382613001
0.010871388263821823
0.01080889138133425
0.01074564322528874
0.01068153109709194
0.01061634434304382
0.010549800198988185
0.010481733501444919
0.010411892711676097
0.01034028392024623
0.01026690381274199
0.010191264090956994
0.010110998552315356
0.010027055710555975
0.009942324871928664
0.009857789796874935
0.009773650403377644
0.00968973188107547
0.009605297548059024
0.009520213604543502
0.009434404663101708
0.009347338472431738
0.009258412512371377
0.0091673920229019
0.009074815818688419
0.008980351005537467
0.008884680993222094
0.00878869547063499
0.008692565178142441
0.008596496540806227
0.008501465655344374
0.008408738060110511
0.00831742513803443
0.00822544603172419
0.008130812526488628
0.008033024429836857
0.00793454113429566
0.007838999758108423
0.007749461692341834
0.007666079939690446
0.007585417976448016
0.0075083930485344
0.007434600730864502
0.007361858206796315
0.007289255597431209
0.007216710482744914
0.007144383916499768
0.00707194385424481
0.006999266364538543
0.006924752503098777
0.006850251802243788
0.006780073379945739
0.006715575926359115
0.006656817347471213
0.006602546299906935
0.006551442723109229
0.006502359633514763
0.006454441016095237
0.0064082760979590715
0.006364299878539271
0.006322551562769228
0.006282858954746267
0.006245024545719371
0.00620916948978467
0.006175698116243451
0.006144877192967395
0.006116522630957951
0.006090120082688734
0.006065106019931153
0.006040942960835209
0.006017052076928593
0.005992960276603756
0.005968310458494163
0.005942958886577763
0.005917528126995571
0.0058933338791841245
0.005871193465170855
0.00585069535336674
0.005830885732547336
0.005811040214633604
0.005790880772388899
0.005770516457823002
0.00575024273211401
0.005730280369780029
0.005710651661921971
0.005691288690277156
0.0056722096578086766
0.005653571574459086
0.005635573585214642
0.00561831142845924
0.0056017103143983765
0.005585551589277229
0.00556953814630212
0.0055533292765380235
0.005536508743211418
0.00551844164758802
0.005497798975765437
0.005470924717392604
0.005427294447871043
0.005368953280011798
0.0053371648145241184
0.005318501446377353
0.0053004966826727526
0.005282014166955893
0.005262957015823395
0.005243282646696127
0.005222951373564403
0.005201918711176628
0.0051801108746768005
0.005157399884776644
0.005133546173944721
0.005108081277971936
0.005079977229291667
0.005046536776847381
0.004999736687869597
0.004932637192160232
0.004882338599949157
0.004851096045161457
0.004821050399940698
0.0047892025076176886
0.004753683927138815
0.00470847449274339
0.004652127699443396
0.004604557031901463
0.004559530332571653
0.004512526778753759
0.0044672278289441545
0.0044244772945496984
0.004382375114304088
0.004339743968954809
0.004296148187563658
0.0042514509927002704
0.0042057683780473655
0.004159333716415258
0.004111721195584435
0.0040592887894037415
0.003991245755085678
0.003925191184516479
0.003884391933962782
0.0038480227074039453
0.0038095225053480074
0.0037650091780641166
0.0037084809426607664
0.0036482120272080232
0.0036027492055361572
0.0035631417128866296
0.0035229131574723406
0.0034810077531906547
0.0034370456382557925
0.0033903948254784396
0.0033395529716861547
0.0032815195670470284
0.0032110130665208548
0.0031311804803791066
0.003047432333758036
0.0029422513338219192
0.0028272354137155293
0.0027188495546409236
0.0026012332302575553
0.0024712239219507296
0.0023416836362806057
0.002239366705160975
0.002156680648000729
0.0020853374930323
0.0020142550724306066
0.0019428942434256392
0.001868681682171717
0.001798065394811058
0.0017392816773763565
0.001685558825341091
0.0016332198632843659
0.0015820072794870549
0.001532182717482039
0.0014840159007756953
0.001437718673893279
