245.88636787944972
244.66917923447062
243.46410181886793
242.27101512389459
241.08979983988826
239.9203378443359
238.762512190063
237.6162070935403
237.01902049981967
236.24532552826116
235.51695132588497
234.80297596525884
233.70202019671325
233.25792863331733
232.42558504188435
231.35154871698762
230.41557294191924
229.43730314330736
228.39375287829034
227.36058611190157
226.33769952660285
225.3249908328841
224.322358759031
223.32970304100132
222.34692441239625
221.37392459453304
220.41060628661992
219.45687315602245
218.5126298286343
217.5777818793341
216.65223582254927
215.73589910290173
214.8286800859567
213.93048804905612
213.04123317224773
212.16082652930325
233.68144693953374
254.00243723198523
264.24286000198725
295.45464485481386
311.4199230195953
311.5827587855386
311.722527159105
326.6602371016174
326.7300982236979
326.6360146289176
330.77177603499536
334.79044594072604
338.7127866948044
342.5563737213232
346.3308355913146
350.0402711308253
366.21229884231826
379.04255049022794
378.3914265908244
377.72702510063345
377.04638480918175
376.34692294239153
375.62595259398176
374.87969198762204
378.4268305276322
377.57044240716345
376.5989205820605
375.45147056645175
374.15116539214614
372.7510088468328
371.3106430121191
369.8736499355952
368.4402185426247
365.48872455288523
364.4791319881668
360.8525040299351
357.2619616228181
353.7071457095829
350.1877008056749
346.7032749636722
343.25351973808534
339.8380901505187
336.45664465516563
333.10884510465854
329.7943567162554
326.5128480390464
323.26399091834867
320.0474604658223
316.86293502605236
313.7100961438356
310.5886285326603
307.4982200431614
304.4385616319162
301.40934733053587
298.4102742150627
295.44104237568547
292.5013548867485
289.5909177770517
286.709440000459
283.8566334067914
281.0322127130123
278.23589547469857
275.4674020577961
272.726455610656
270.01278203562146
267.32610996425836
264.6661707275377
271.4422891243294
268.7413932200466
266.0673716790367
263.41995709759004
260.79888473070196
258.20389246994154
255.63472081260772
253.09111284071628
250.57281419190824
248.0795730332203
245.61114003812423
243.16726836170835
240.74771361476868
238.35223383981395
235.98058948687054
233.6325433895268
231.30786074121607
229.00630907173667
226.7276582240034
224.47168033103267
222.2381497931552
220.02684325545584
217.83753958543826
215.67001985091085
213.5240672980938
211.39946732994406
209.29600748469358
207.21347741460545
205.15166886493716
203.11037565311506
201.08939364811755
199.08852075005979
197.1075568699845
195.14630390985266
193.2045657427341
191.85713686719993
189.94812645898259
188.0581110217017
186.18690155223834
184.33431092808613
182.50015388769123
180.68424701525709
178.88640871856862
177.1064592122845
175.34422049995615
173.59951635487926
171.87217230610395
170.16201561778672
168.468875272833
166.7925819557972
165.13296803595136
163.4898675505205
161.86311618808622
160.252551272157
158.65801174489897
157.07933815103064
155.5163726218772
153.96895885958304
152.43694212148256
150.9201692046253
149.41848843045548
147.93174962964437
146.45980412707283
145.0025047269641
143.55970569816367
142.13126275919728
140.71703306568793
139.3168751923804
137.93064912268966
136.55821623285354
135.19943927843934
133.8541823806193
132.52231101258326
131.20369198608353
129.8981934381189
128.60568481774683
127.32603687269749
126.05912163744725
124.80481241941656
123.56298378692183
122.33351155580311
121.11627277778479
119.91114572797461
118.7180098926635
117.53674595727351
116.36723579442682
115.20936245213245
114.06301014209133
112.92806422811734
111.8044112146727
110.69193873552032
109.59053554248487
108.50009149432948
107.42049754574043
106.35164573642307
105.29342918030599
104.24574205485173
103.20847959047454
102.18153806006366
101.16481476861024
100.15820804293794
99.16161722153525
98.17494264448959
97.19808564352097
96.23094853211526
95.27343459575543
94.3254480822498
93.38689419215721
92.45767906930631
91.53770979141059
90.6268943607756
89.7251416950993
88.83236161836354
87.94846485181675
87.07336300504565
86.20696856713639
85.34919489792306
84.499956219324
83.65916760676363
82.8267449806801
82.00260509811702
81.1866655443994
80.37884472489185
79.57906185683936
78.7872369612885
78.00329085508996
77.22714514297974
76.45872220973989
75.6979452124368
74.94473807273663
74.19902546929782
73.46073283023854
72.72978632567965
72.00611286036155
71.28964006633478
70.5802962957227
69.87801061355724
69.18271279068489
68.494333296744
67.81280329321142
67.13805462651898
66.4700198212376
65.80863207333016
65.15382524347065
64.50553385043041
63.86369306452987
63.22823870115569
62.59910721434183
61.97623569041543
61.359561841704995
60.74902400031177
60.14456111194284
59.54611272980565
58.95361900856328
58.36702069834981
57.78625913884542
57.211276253410205
56.64201454327646
56.07841708179873
55.52042750876133
54.96799002474182
54.42104938553153
53.87955089661071
53.34344040767922
52.81266430724139
52.28716951724493
51.76690348777288
51.251814191788704
50.74185011993358
50.2369602753754
49.73709416870893
49.242201812906934
48.75223371832146
48.26714088773469
47.78687481145935
47.31138746248761
46.84063129168825
46.374559223051996
45.91312464898355
45.45628142564094
45.003983868321164
44.556186746891534
44.11284528126682
43.673915136930894
43.23935242050368
42.80911367535133
42.38315587724078
41.96143643003721
41.54391316144461
41.130544318788075
40.72128856483883
0
0
0
0
0
0
