13.80000000000291
26.762042755348375
26.762042755348375
26.762042755348375
26.762042755348375
26.762042755348375
26.762042755348375
26.762042755348375
26.762042755348375
26.762042755348375
26.762042755348375
26.762042755348375
26.762042755348375
26.762042755348375
26.762042755348375
26.762042755348375
26.762042755348375
26.762042755362927
13.80000000000291
13.80000000000291
13.80000000000291
13.80000000000291
13.80000000000291
13.800000000017462
13.80000000000291
13.80000000000291
13.80000000000291
13.80000000000291
13.80000000000291
13.80000000000291
13.80000000000291
13.80000000000291
13.80000000000291
13.800000000032014
0
2.029842871139408
0
0
0
4.194510852888925
4.834705002140254
4.828493726221495
13.267034972523106
0
0
0
0
0
0
0
0
0
2.208785168288159
0
3.2892543152265716
2.1069369360920973
2.1236484442051733
2.1396392785100034
2.1591439518379048
0
2.1970561460475437
2.2021499217808014
2.215667442040285
3.227605737207341
2.2535481514205458
3.1996826539107133
3.208364476871793
3.321403658919735
3.2054391695564846
3.179727285707486
3.2081209205061896
3.2165213365951786
3.230981515836902
3.2524342920223717
3.279566912271548
13969838619232178e-24
2676097210496664e-23
0
4.6844836164527806
4.997924682218581
3.420772678698995
3.165536818531109
3.146999639851856
8207280188798904e-24
1511943992227316e-23
4.120016207831213
4.3162458518199855
4.536689942397061
4.637343853479251
4.526599951510434
4.583792316392646
4.583909605207737
4.6773423148697475
5.421555905864807
5.329445745286648
6.551429546569125
0
2.215265543272835
0.9316355904156808
3.407830627533258
3.385497874682187
0
0
0
0
1.2015349419380073
2.144033535689232
1.4140131448366446
1.2421823219192447
0.6151249801623635
0.15076522997696884
0
0
0
0
2954038791358471e-24
0
0
0
0
0
0
0
0
0
0
0
0
0
0
0
0
0
3497552825137973e-22
0
0
0
0
0
0
0
0
0
0
0
0.26944841057411395
0
0
0.9621372090477962
1.1800387316179695
1.1729983858385822
1.1766858131304616
1.1796183919504983
1.2117781681445194
0.7327584722806932
0.7089086819323711
0.6369019360572565
0.9205054425692651
0.7832759019947844
-18150603864341974e-23
0
0
0
0
0
0
0
0
0
0
0.06587165137170814
0
0.06422215954808053
0.06538467173231766
10045667295344174e-21
1340231392532587e-20
42061874410137534e-21
54505071602761745e-21
313415948767215e-19
3476715937722474e-20
1676331157796085e-20
16596517525613308e-21
16431367839686573e-21
1626787707209587e-20
16106016119010746e-21
0.00015921077283564955
0.00011907480075024068
8576267282478511e-20
643978564767167e-19
0
0
3191144787706435e-20
20125778974033892e-21
1009987317956984e-20
12447853805497289e-21
10225718142464757e-21
8652496035210788e-21
0
0
16470585251227021e-22
1189298927783966e-21
861924490891397e-21
2376167685724795e-21
45767228584736586e-23
33527612686157227e-23
24648034013807774e-23
18182618077844381e-23
13457611203193665e-23
0
0
0
0
0
0
0
0
0
0
0
0
0
0
0
0
11626980267465115e-23
9074574336409569e-23
710715539753437e-22
55821146816015244e-24
0
0
0
0
0
0
0
0
0
0
0.038307224385789596
0.03843490876897704
0
0.03866095504781697
0.038762508338550106
0
0.03894982088240795
0.03903567077941261
0
0.03919144060637336
0.0392611028655665
0
0.039383091585477814
0.039435631028027274
0
0.03952767842565663
0.03956795728299767
0.03960442876268644
0
0.039665617630816996
0.03969024283287581
0
0.039727299837977625
0.03973861246777233
0
0.03974517699680291
0.03974456501600798
0
0
0
0
0
0
0
0
0
0.17781691199343186
0
0
0
0
0
0
0
0
0
0
0
0
0
0
0
0
0
0
0
0
0
0.08690822207605409
0
0.009140353926220025
0.008843945860852496
