-27.60000000000582
-27.60000000000582
-27.60000000000582
-27.60000000000582
-27.60000000000582
-27.60000000000582
-27.60000000000582
-27.60000000000582
-27.60000000000582
-27.60000000000582
-27.60000000000582
-27.60000000000582
-27.60000000000582
-27.60000000000582
-27.60000000000582
-26.987797407302423
-23.2851489380555
-23.05345783494704
-22.824072096846066
-22.596968784942874
-22.37212518877641
-22.149518823760445
-21.92912742907356
-21.710928965432686
-21.49490161277936
-21.28102376816969
-21.06927404369344
-20.859631264174823
-20.652074465164333
-20.44658289079962
-16.38695047577494
-20.04171342322661
-19.842295042719343
-19.644860908243572
0
0
0
0
0
0
0
0
-0.14622383947425988
0
0
0
0
0
0
0
0
-0.25861562954378314
-2.180755199835403
0
0
0
0
0
0
104482751339674e-22
0
0
0
0
0
0
0
0
0
0
0
0
0
0
0
0
0
-0.6532148028782103
0
0
0
0
0
0
0
0
0
0
0
0
0
0
0
0
0
0
-0.03321255980699789
0
0
0
0
-1.5303340620885137
-1.4760589341021841
-1.4715526471700286
19208528101444244e-24
0
0
0
0
0
0
0
0
0
0
0
17171259969472885e-25
23283064365386963e-25
35070115700364113e-25
0
5704350769519806e-24
9211362339556217e-24
14668330550193787e-24
23181200958788395e-24
3637978807091713e-23
5685433279722929e-23
8837378118187189e-23
13677345123142004e-23
21084269974380732e-23
0
0
3174354787915945e-22
482352334074676e-21
0
0
7157796062529087e-22
10725780157372355e-22
-20078732632100582e-23
0
1569860614836216e-21
23208995116874576e-22
0
0
-4180037649348378e-22
-41400198824703693e-23
0
0
0
0
0
0
0
0
0
0
0
0
0
0
0
-10713119991123676e-23
-10606891009956598e-23
2978049451485276e-22
4103640094399452e-22
5639158189296722e-22
7727503543719649e-22
10559888323768973e-22
2845044946298003e-21
1955864718183875e-21
22852764232084155e-22
0
41648163460195065e-22
0
0
0
0
0
0
0
-3476715937722474e-20
-1676331157796085e-20
-16596517525613308e-21
-16431367839686573e-21
-1626787707209587e-20
-16106016119010746e-21
0
0
0
0
-2162363671232015e-20
-7502443622797728e-21
0
0
0
-8883915143087506e-21
0
-75035932241007686e-22
31947711249813437e-22
22895546862855554e-22
27617497835308313e-22
4418354365043342e-21
3845314495265484e-21
-58035802794620395e-22
7674098014831543e-22
5621841410174966e-22
41328894440084696e-23
3048771759495139e-22
22565654944628477e-23
16759440768510103e-23
2340399078093469e-21
8943607099354267e-23
7002381607890129e-23
16750418581068516e-22
3808236215263605e-23
288418959826231e-22
12233940651640296e-22
9317300282418728e-22
7116905180737376e-22
5452020559459925e-22
41925522964447737e-23
3231543814763427e-22
2497545210644603e-22
1935550244525075e-22
15040859580039978e-23
0
0
0
0
4457251634448767e-23
0
0
21798769012093544e-24
0
0
11059455573558807e-24
8847564458847046e-24
0
573345459997654e-23
0
0
605359673500061e-23
0
0
3259629011154175e-24
0
0
17898855730891228e-25
0
0
10040821507573128e-25
0
0
10040821507573128e-25
0
0
0
0
0
0
0
0
0
0
0
0
0
-9406314347870648e-21
0
0
0
0
0
0
0
0
0
0
0
0
0
0
0
0
0
0
0
0
0
0
0
0
0
0
0
0
0
0.08690822207605409
0
0.009140353926220025
0.008843945860852496
