0
0
0
0
0
0
0
0
0
0
0
0
0
0
0
0
0
0
0
0
0
0
0
0
0
0
0
0
0
0
0
0
0
0
0
0
0
0
0
0
0
0
0
0
0
0
0
0
0
0
0
0
0
0.0009603820888937142
0.0009062595185252491
0.0008544911738447889
0.0008049396690884498
0.0007574781782074689
0.0007119853543587964
0.0006683379035088485
0.0006263929253833047
0.0005859538637242919
0.00054670524214096
0.0005079224228599116
0.0004683600141552941
0
0
0.0026514874415402025
0
0
0
0
0
0
0
0
805571212805806e-19
0.008277491620481667
0.00414897722225542
0.008553711067073942
0.004722395954990448
0.008737213018732022
0.008746095011782157
0.008715775337645145
0.008642106548002867
0.008532654564443536
0.0046479030812118785
0.0083878668398379
0.008361003735569597
0.008371446814835586
0.008444364843160105
0.008566583615985588
0.005171541108827216
0.008868015349993257
0.009003563146388461
0.006127799000282314
0.00923722548244415
0.006558906043824758
0.003753209100003248
0.0006966726678133997
0
0
0
0.001079953863672135
0
0
0
0
0
0.0006961749923573061
0.0006847584750302484
0.0006675428495372974
0.0006491325396218489
0.0006352150451804973
0.0006223447441366984
0.0006071630243165208
0.0005912910158067978
0.0005753907986383354
0.0005597077559327301
0.0005442435856184467
0.0005289972259170438
0.0005144653336963726
0.0005005108988642753
0.0004871288831243036
0.0004745847327691824
0.00046247649097109144
0.00044899471683069043
0.00043658525006984707
0.0004245666636826284
0.0004120107366378838
0.0004026662679512714
0.0003940427593052163
0.00038470432591753307
0.00037414539514224915
0.0003637926196287147
0.00035517476633329216
0.0003467435331017162
0.0003384336607970031
0
0
0
0
0
0
0
0
0
0
0
0
0
0
0
0
0
0
0
0
0
0
0
0
0
0
0
0
0
0
0
0
0
0
0
0
0
0
0
0
0
0
0
0
0
0
0
0
0
0
0
0
0
0
0
0
0
0
0
0
0
0
0
0
0
0
0
0
0
0
0
0
0
0
0
0
0
0
0
0
0
0
0
0
0
0
0
0
0
0
0
0
0
0
0
0
0
0
0
0
0
0
0
0
0
0
0
0
0
0
0
0
0
0
0
0
0
0
0
0
0
0
0
0
0
0
0
0
0
0
0
0
0
0
0
0
0
0
0
0
0
0
0
0
0
0
0
0
0
0
0
0
0
0
0
0
0.0016855588253410912
0.0016332198632843654
0.0015820072794870545
0.001532182717482039
0.0014840159007756953
0.001437718673893279
