0.03628300745817379
0.05086082191699549
0.06653733053797767
0.08064303765187399
0.09648556368973707
0.10122507849520082
0.0970576076637374
0.0922644103970876
0.08684305604895948
0.0807990878014138
0.07414712768284275
0.06690896656683909
0.05911131116114333
0.050783946722840256
0.041958408857343546
0.03266707167764757
0.02294253591531412
0.012817220502315582
0.006837591436394894
0.007157339836534795
0.0074661539494224015
0.007764030384415444
0.00805100391782971
0.008327141635605691
0.008592538544996132
0.00884731403880071
0.009091608741391127
0.009325581933917741
0.00954940888487725
0.00976327905160797
0.009967394516607818
0.010161967055613024
0.010347215722366705
0.010523365881777947
0.010690652955351244
0.010849315483505172
0.010999593771811353
0.011141729204620879
0.011275963552887437
0.011402538074926876
0.011521692782088271
0.01163366587242663
0.011738693266926876
0.011837008638617514
0.011928845884357985
0.012014416054102707
0.012093919135270541
0.012167564571523596
0.012235560376478015
0.012298111794367727
0.012355419898350683
0.012407680644991141
0.012455084422354235
0.012497815934285825
0.012536054307965509
0.012569973323609105
0.012599741672390492
0.01262552338442774
0.012647478482215783
0.012665764368245892
0.012680539150051712
0.012691972170148677
0.0127002631061196
0.012705627312406232
0.012708254628586995
0.012708315280975489
0.012705950869091332
0.012701272380904707
0.012694393278416717
0.012685427824285013
0.012674471370569977
0.012661611864273526
0.01264693232761551
0.012630504249312592
0.012612397068806387
0.012592700764983046
0.01257151905059328
0.012548937230180558
0.012525002929104861
0.012499740432899607
0.012473168911017076
0.012445314281654551
0.012416234707379776
0.012386016360200562
0.01235472512857182
0.012322427091923181
0.01228915847545437
0.012254908028123308
0.012219697228846168
0.012183636437705859
0.012146930773827702
0.012109982090565585
0.012073425025675405
0.01203794637562477
0.012004068167038725
0.011972385025536693
0.011943478134519368
0.011917512789644818
0.011894394270451015
0.011874393549633289
0.011857873633704668
0.011844486556096406
0.011833236469175336
0.011822381673304164
0.011810355255074824
0.011796211665446182
0.011779460933485643
0.011759881922620636
0.011737319812240994
0.01171165451452284
0.011682849223601558
0.011650952112739758
0.011616044189027539
0.01157798639130594
0.011536699167946854
0.011492386487841698
0.011445195611883011
0.011395320390398953
0.011343113505015785
0.011288926028711836
0.011232345993546087
0.011173977865439961
0.011114653271764937
0.011054677177884394
0.010994189487681248
0.010933163396599017
0.010871388277807833
0.010808891395320267
0.010745643239274757
0.01068153111107795
0.010616344357029834
0.010549800212974197
0.01048173351543093
0.010411892725662111
0.010340283934232242
0.010266903826728005
0.010191264104943008
0.010110998566301368
0.01002705572454199
0.009942324885914679
0.009857789810860947
0.00977365041736366
0.009689731895061482
0.00960529756204504
0.009520213618529517
0.00943440467708772
0.009347338486417753
0.009258412526357396
0.009167392036887914
0.009074815832674435
0.008980351019523481
0.008884681007208108
0.008788695484621002
0.008692565192128455
0.00859649655479224
0.008501465669330384
0.008408738074096525
0.008317425152020443
0.008225446045710199
0.008130812540474642
0.008033024443822869
0.007934541148281675
0.007838999772094436
0.007749461706327845
0.007666079953676457
0.007585417990434027
0.00750839306252041
0.007434600744850518
0.0073618582207823306
0.007289255611417222
0.0072167104967309275
0.007144383930485782
0.007071943868230824
0.006999266378524555
0.006924752517084794
0.006850251816229802
0.006780073393931747
0.006715575940345131
0.006656817361457226
0.006602546313892946
0.006551442737095244
0.006502359647500777
0.0064544410300812535
0.006408276111945085
0.006364299892525286
0.006322551576755242
0.006282858968732281
0.006245024559705387
0.006209169503770684
0.006175698130229463
0.006144877206953409
0.006116522644943965
0.006090120096674748
0.006065106033917165
0.0060409429748212225
0.006017052090914608
0.0059929602905897696
0.005968310472480178
0.005942958900563778
0.005917528140981584
0.005893333893170139
0.005871193479156869
0.005850695367352754
0.005830885746533348
0.005811040228619616
0.005790880786374913
0.005770516471809015
0.005750242746100024
0.005730280383766043
0.005710651675907985
0.00569128870426317
0.00567220967179469
0.0056535715884450995
0.005635573599200656
0.005618311442445254
0.005601710328384389
0.005585551603263244
0.005569538160288135
0.0055533292905240355
0.005536508757197431
0.005518441661574034
0.005497798989751451
0.005470924731378618
0.005427294461857057
0.005368953293997813
0.005337164828510132
0.005318501460363367
0.0053004966966587646
0.005282014180941907
0.005262957029809409
0.005243282660682141
0.005222951387550417
0.005201918725162643
0.005180110888662815
0.005157399898762658
0.0051335461879307345
0.0051080812919579496
0.00507997724327768
0.005046536790833395
0.004999736701855611
0.004932637206146247
0.004882338613935171
0.00485109605914747
0.004821050413926712
0.004789202521603701
0.004753683941124833
0.004708474506729405
0.004652127713429413
0.0046045570458874766
0.00455953034655767
0.004512526792739771
0.004467227842930168
0.004424477308535711
0.0043823751282901025
0.004339743982940823
0.004296148201549674
0.004251451006686283
0.004205768392033383
0.004159333730401276
0.004111721209570448
0.004059288803389755
0.003991245769071692
0.003925191198502493
0.003884391947948795
0.0038480227213899586
0.003809522519334021
0.00376500919205013
0.00370848095664678
0.003648212041194038
0.003602749219522171
0.003563141726872644
0.0035229131714583544
0.003481007767176669
0.0034370456522418063
0.003390394839464453
0.003339552985672169
0.003281519581033043
0.003211013080506869
0.0031311804943651212
0.00304743234774405
0.0029422513478079334
0.0028272354277015434
0.002718849568626938
0.0026012332442435695
0.0024712239359367433
0.0023416836502666203
0.00223936671914699
0.002156680661986742
0.002085337507018314
0.0020142550864166208
0.001942894257411653
0.0018686816961577307
0.001798065408797072
0.0017392816913623704
0.0016855588253410912
0.0016332198632843654
0.0015820072794870545
0.001532182717482039
0.0014840159007756953
0.001437718673893279
