13.897636864997141
28.060795258605317
37.40887091435138
39.80109282151977
39.84302196685491
40.778918919250856
42.708366648041356
44.80251124769762
46.97720295253789
49.092593121242274
51.10529706032739
53.00798090316889
54.83505352469544
56.54314717638173
58.17351128765566
59.891596169154404
61.40584964515024
62.87972821684723
64.34815455499256
65.77072139771398
67.18002978128045
68.58289628865914
70.21142723773804
71.84152794521368
72.94133377363458
73.74356534885644
74.55645037939864
75.383021989166
76.22565948222926
76.6040586232296
77.00152722284115
77.99106693335202
79.0007373587205
80.03085050522668
81.08124089503097
82.15161159059423
83.24159526260473
84.35066468476174
84.967368856859
85.61045941660538
86.2769947193211
86.96347453307096
87.66561393698301
88.37748886616323
89.08157564096578
89.86005001492953
90.7065501493037
91.5799818346647
92.46952823824273
93.36574717762136
94.2637520502016
95.1619616178557
96.06056764853722
90.7624124152442
91.80855983142081
92.85474854599072
93.90364577511733
94.95766537608903
96.01944682131847
97.09288023720754
93.61380811589277
94.7498615247014
95.99331539572702
97.4096755503788
98.9767518562829
100.64083790668863
102.33903307578665
104.02452117888129
105.69745134528881
107.41776854010631
109.19168027276412
110.97216379905026
112.68031953880478
113.8997287822745
115.07721432095262
116.20044470541163
117.25397619028246
118.23852156751722
108.80601209156372
99.74578874712113
100.84182168461744
96.57638716669999
97.54560106062164
98.45761330393344
100.13657025871693
102.07281435338268
103.27916254846525
104.63012505068487
106.47968941991988
107.95393009487147
108.74057713335318
109.2253930488035
103.00816952218656
103.39679377077498
103.75018224142413
104.05049423859519
104.29160406940724
106.11904556337922
107.95730837767626
109.79682752881081
111.6270054554931
113.44899231428015
113.93795923322976
115.78972324447864
113.60432120867534
111.42332473003262
111.44175572060912
110.92591955637977
110.10257124241346
110.52583681106921
110.83067928709391
111.0980828970954
112.33144598672739
113.1500793732636
113.22739495890721
112.10076355492743
110.98534232072073
109.881019713234
108.78768529928637
107.70522974452514
106.63354480249302
105.57252330380251
104.52205914542002
103.48204728005362
102.45238370565065
101.43296545499537
100.42369058541307
99.42445816857614
98.43516828040991
97.45572199110109
96.48602135520477
95.52596940184912
94.57547012503876
93.63442847405395
92.70275034394525
91.7803425661238
90.86711289904247
89.96297001897373
89.0678235108764
88.18158385935332
87.30416243970107
86.43547150904641
85.5754241975722
84.72393449930463
83.88091726561213
83.04628819354697
82.21996381950669
81.40186151036521
80.59189945520987
79.78999665716005
78.99607292526814
78.21004886649877
77.43184587779145
76.66138613819862
75.89859260110443
75.14338898651927
74.39569977345246
73.65545019235961
72.92256621766579
72.19697456036265
71.47860266067995
70.76737868082904
70.06323149781919
69.3660906963454
68.67588656174645
67.9925500730338
67.31601289598915
66.6462073763309
65.983066532949
65.32652405120646
64.67651427630787
64.03297220673434
63.39583348774246
62.76503440492937
62.140511877861115
61.52220345376461
60.91004730128217
60.30398220428835
59.70394755576847
59.10988335175764
58.52173018534035
57.939429240709885
57.3629222872865
56.79215167389445
56.22706032299671
55.66759172498736
55.11368993254034
54.56529955501473
54.022365752915846
53.48483423241113
52.952651239900405
52.425763556641115
51.90411849342573
51.38766388531326
50.87634808641254
50.37011996471754
49.86892889699425
49.372724763718224
48.88145794406266
48.3950793109362
47.91354022607017
47.43679253515485
46.96478856302382
46.497481108886575
46.034823441608246
45.57676929503654
45.12327286337512
44.67428879660287
44.22977219593901
43.78967860935298
43.353964027119424
42.92258487741699
42.49549802197126
42.072660751740734
41.65403078264607
41.23956625134146
40.829225711028414
40.422968127310945
40.02075287409212
39.62253972951144
39.228288871922615
38.83796087591131
38.4515167083527
38.06891772450793
37.690125664159844
37.315102647786695
36.94381117277437
36.57621410966591
36.212274698448724
35.851956544878355
35.495223616839226
35.14204024074122
34.79237109795241
34.44618122126715
34.103435991409256
33.764101133570136
33.428142713981195
33.09552713652055
32.76622113935324
32.440191791605166
32.11740649006981
31.797832955948074
31.4814392316202
31.168193677450127
30.858064968621356
30.551022092004605
30.247034343056313
29.94607132274829
29.64810293452766
29.353099381307345
29.061031162486138
28.77186907099879
28.485584190395183
28.202147891948684
27.92153183179324
27.643707948089002
27.368648458216086
27.096325855996255
26.826712908942383
26.559782655535056
26.295508402526526
26.033863722271235
25.774822450083136
25.518358681619127
25.26444677028866
25.013061324688987
24.764177206066087
24.51776952580066
24.27381364291937
24.0322851616306
23.793159928884982
23.55641403195993
23.322023796068507
23.089965781991758
22.860216783734927
22.632753826206702
22.407554162921798
22.1845952737262
21.963854862545205
21.745310855153733
21.528941396968932
21.314724850864682
21.102639795007832
20.892665020716088
20.684779530337014
20.478962535148362
20.275193453279073
20.07345190765117
19.873717723941958
19.675970928566635
19.48019174668086
19.286360600203302
19.09445810585778
18.904465073234952
0
0
0
0
0
0
