8.611259919138746
16.656591310614772
21.534596361149394
22.20860495915852
21.52995501797785
21.580778267428318
22.429997062412912
23.469231903180344
24.531302308790004
25.518394424839308
26.405622010903347
27.193347786158185
27.902953932549664
28.52272707688973
29.07714340557647
29.64368007559887
30.10144562224878
30.525621714943405
30.935199391981943
31.31605886778599
31.685174609103058
32.047942152027666
32.50678989405791
32.966514781004335
33.334728691979976
33.71062415823825
34.09614852456816
34.492757282302236
34.90147997753683
34.84085276373049
34.7931905003367
35.3306343870973
35.88044510487891
36.44234065603302
37.01587984929814
37.600550832072436
38.19575370056148
38.800822812152596
38.9042701582006
39.02490847007018
39.159951199290475
39.306142801914405
39.45952939102272
39.614622322426754
39.754423486450584
39.96081880160593
40.22699413244154
40.51220653070467
40.80619784641648
41.10014373153284
41.389762400180956
41.67402503836676
41.95361198442519
39.485043395700465
39.75941262537592
40.03317538013359
40.307431714071555
40.58319431968309
40.86159304787192
41.144317716596554
39.45770888798859
39.766215925650855
40.12071356872615
40.54996336266401
41.045278372506495
41.58446008016804
42.14085012434472
42.6945236318285
43.24569861757606
43.81975058370056
44.41843599735319
45.02038749057157
45.61311266660062
46.18191021735732
46.71004578346265
47.185396770723806
47.59330787552749
47.935173549047775
43.674897289124544
39.575052236730926
39.86729857587566
37.84199945769113
38.08381548836901
38.31614734334001
38.902181007596944
39.60215726814011
39.99639748971807
40.471258521304094
41.163606070171475
41.673449598944245
41.858537696539415
41.88637326749793
38.995544884955514
38.944594470905386
38.860164172927284
38.73177385595585
38.56160387578424
39.08057391591963
39.612690119444174
40.147454371886745
40.67558839499519
41.20573908113117
41.180978130733465
41.77205107181612
40.64051108191092
39.52891403707678
39.380332620572695
39.00611997097096
38.49626863423134
38.51667363289446
38.483316779867785
38.44015398179046
38.822089775317735
39.03099807284655
39.26689769085454
39.52548798493471
39.80262198394351
40.09388357578796
40.39509248619632
40.70168754956156
41.00826661923746
41.31304575248157
41.61669842398129
41.71472608443501
41.413328562392536
41.32884231573001
41.380203382176624
41.415581876728844
41.40573620915877
41.260060550152666
41.114134890974086
40.957812621783404
40.825215255964046
40.67671049024427
40.52771974734172
40.40793928800658
40.36258832961014
40.312938019645124
40.267090589386804
40.098086472152985
40.01386365769649
39.947579265672466
39.9056326701009
39.855126008016015
39.786187088461034
39.728335916056835
39.68132787759795
39.600190142458175
39.51799594723525
39.43255416648867
39.346741931040256
39.26654605154688
39.17989223306893
39.069128823213546
38.954189858812065
38.836894298482754
38.73500274331694
38.650805823923406
38.39790889242882
38.33601744596979
38.3366361542873
38.43690044550475
38.595599504435526
38.85416266679803
39.24082097896631
39.836730630820185
40.48691700760244
41.20566559036264
41.924051949555235
42.66463993655794
43.42497503153305
44.20880031288932
45.02007354538311
45.832607005862485
46.641131593961234
47.45096159897979
48.2485048256313
49.02428565265634
49.783548716363626
50.5184124973032
51.23542374137186
51.93817432816445
52.6244804884602
53.30583429753233
53.99181307964999
54.684627675396406
55.381311703828324
56.0810846805952
56.784854785587505
57.492937938335416
58.20429389499364
58.91636501493541
59.627948057880694
60.11816012378079
60.22765409237396
60.3379139168544
60.28006787858288
60.17553578482954
60.07419227379642
59.975865448756586
59.88033517308503
59.78740448109109
59.69691831551646
59.60876198584614
59.522853519581204
59.43913553296039
59.35756844890182
59.27812535581808
59.20078836086468
59.12554608803523
59.05239187772435
58.9813223879653
58.90944174036218
58.768328515391694
58.62993571192227
58.49426712564351
58.36133571640303
58.23116014528925
58.103764213907056
57.97917435550078
57.8574202537456
57.73853571619432
57.6225632114062
57.509567926521996
57.39968253394885
57.29315321992619
57.19004951119368
57.090166620682595
56.99333074388402
56.71924120352827
56.32500508490889
55.93488277095749
55.548834442638366
55.16684183782097
54.78890134777034
54.41502120053073
54.045218417721756
53.679517061929516
53.2307373019736
52.78029693051562
52.334761378735955
51.89424560369702
51.45894934015052
51.02889644810547
50.603925139901555
50.183900576915626
49.76876705506743
49.358583757936586
48.95358625777526
48.55388811090067
48.15935248811469
47.76987870801622
47.38542571850984
47.00595655398782
46.63143519894193
46.261830184543456
45.897121429148
45.537293294738525
45.18233660255762
44.832244568690065
44.48700997436176
44.14662990993501
43.811127621392046
43.48052585740772
43.154728347780186
42.8335886626653
42.51702756284049
42.24409078575294
42.000396510132575
41.76322076479295
41.5257162501926
41.2859135705792
41.04483422360904
40.80385990929701
40.564424308244895
40.32853267272684
40.099487233113216
39.88083312939397
39.677606620080844
39.493177303838394
39.329842867781366
39.19679023243376
39.09422285883455
39.01553882487764
38.96368708508632
38.94566206052173
38.96201075670152
38.99817532110424
39.04312878343432
39.089990042589626
39.13849637597637
39.18990793134862
39.24662929101927
39.30761570889183
0
0
0
0
0
0
