0
0
0
0
0
0
0
0
0
0
0
0
0
0
0
0
0
0
0
0
0
0
0
0
0
0
0
0
0
0
0
0
0
0
0
0
0
0
0
0
0
0
0
0
0
0
0
0
0
0
0
0
0
0.000960382088893712
0.0009062595185252467
0.0008544911738447909
0.0008049396690884529
0.0007574781782074697
0.0007119853543587966
0.0006683379035088474
0.0006263929253833065
0.0005859538637242925
0.0005467052421409614
0.0005079224228599129
0.000468360014155296
0
0
0.002651487441540199
0
0
0
0
0
0
0
0
8055712128058348e-20
0.008277491529572576
0.004148977131346326
0.008553710976164848
0.004722395864081356
0.008737212927822929
0.008746094920873066
0.008715775246736055
0.008642106457093773
0.008532654473534447
0.004647902990302788
0.008387866748928809
0.008361003644660504
0.008371446723926493
0.00844436475225101
0.008566583525076495
0.005171541017918126
0.00886801525908417
0.009003563055479372
0.006127798909373224
0.009237225391535058
0.006558905952915669
0.0037532090090941564
0.0006966725769043102
0
0
0
0.001079953863672134
0
0
0
0
0
0.000696174992357307
0.0006847584750302489
0.0006675428495372973
0.0006491325396218481
0.0006352150451804984
0.0006223447441366963
0.0006071630243165198
0.0005912910158067983
0.0005753907986383345
0.0005597077559327292
0.0005442435856184469
0.0005289972259170437
0.0005144653336963722
0.0005005108988642748
0.0004871288831243025
0.0004745847327691833
0.00046247649097108965
0.0004489947168306914
0.0004365852500698469
0.00042456666368262717
0.0004120107366378835
0.0004026662679512706
0.00039404275930521776
0.00038470432591753215
0.00037414539514224937
0.0003637926196287164
0.0003551747663332931
0.0003467435331017149
0.00033843366079700367
0
0
0
0
0
0
0
0
0
0
0
0
0
0
0
0
0
0
0
0
0
0
0
0
0
0
0
0
0
0
0
0
0
0
0
0
0
0
0
0
0
0
0
0
0
0
0
0
0
0
0
0
0
0
0
0
0
0
0
0
0
0
0
0
0
0
0
0
0
0
0
0
0
0
0
0
0
0
0
0
0
0
0
0
0
0
0
0
0
0
0
0
0
0
0
0
0
0
0
0
0
0
0
0
0
0
0
0
0
0
0
0
0
0
0
0
0
0
0
0
0
0
0
0
0
0
0
0
0
0
0
0
0
0
0
0
0
0
0
0
0
0
0
0
0
0
0
0
0
0
0
0
0
0
0
0
0.0016855588253410908
0.0016332198632843656
0.0015820072794870547
0.001532182717482039
0.0014840159007756953
0.001437718673893279
