0
0
0
0
0
0
0
0
0
0
0
0
0
0
0
0
0
0
0
0
0
0
0
0
0
0
0
0
0
1.9938542753571902
1.9982300923390628
2.00214506901973
2.005673736819284
2.008855021206165
2.011724690021805
2.014330654071297
2.016705751432588
2.0188768440525373
2.020866713913835
2.02269576114083
2.0243827587249252
2.0259451234650876
2.029721795246445
2.0332707417286215
2.036627804720167
2.0397604938278224
2.0427113084746935
2.045506984401083
2.0481661969400005
2.050704648353772
2.0531358980838608
2.0554719523712497
2.0577237224946194
2.243334258228349
2.2351095670747294
2.227278340648705
2.2198221421542534
2.212723506187416
2.2152203412675284
2.2082126936107
2.2015147302618137
2.195066949334039
2.188784020557821
2.1825050819639933
2.175949221180674
2.074970890530512
2.0769875432533573
2.662315654886451
2.0502618899481364
2.052954319215984
2.055603634955799
2.0581910863438817
2.0607202687663624
2.0632166543679435
2.065693269542316
2.0681391370901503
2.0890018687379746
3.9684948760527003
3.025447410456571
4.036507123351946
3.161498166235262
4.083191561705638
4.087366097180167
4.082305939840236
4.067018148735107
4.043241306962605
3.1547046626041935
4.012148409926783
4.007002942514419
4.0103520083568664
4.027838683474428
4.056516087661139
3.2799872027652586
4.127443651882614
4.159291246861992
3.5013152635521303
4.213334935144443
3.5992424140765005
2.9554187455613845
2.2535893530359785
2.092150271258966
2.0898830310669174
2.0877234196928924
2.3345709174091436
2.0888303343178096
2.0923072862511223
2.097041152508932
2.1017391335414004
2.1061009725819635
2.2698971513995705
2.2713756950629347
2.2711158754323924
2.2707898537774356
2.2713700947512163
2.2721846605107157
2.272427612751664
2.2725755952757534
2.2727058428658267
2.27283205348325
2.2730337183366913
2.272957729590389
2.2730506821035723
2.2732674187128876
2.273594453856438
2.2741552556627185
2.274962257989564
2.275168766097728
2.2757276163918436
2.2765174196994735
2.2770936867476417
2.2782954388817007
2.2797469888441872
2.2810782846244466
2.282094016632687
2.283091588433246
2.2845136857003294
2.2861429116230445
2.2874224775872127
2.213130121627464
2.216457735071382
2.2197980321471884
2.223359398753638
2.2266601186923562
2.229669928727974
2.2329676846391497
2.235884532436063
2.238219263864163
1.9351154101097499
2.242646439942608
1.9436029279498441
1.6463235669681293
1.3505109820725074
1.0554081364693388
1.8346212448427905
2.236842878490536
2.2284396523945027
2.0136337038320327
1.7120675315288552
1.4044128025126723
1.0867086487661317
2.069939915648641
1.9899169311880849
1.8798888856323064
1.7277295296611985
1.518989651271391
1.2335879510150318
0.8451210295695883
0.3184847848700108
0
0
0
0
0
0
0
0
0
0
0
0
0
0
0
0
0
0
0
0
0
0
0
0
0
0
0
0
0
0
0
0
0
0
0
0
0
0
0
0
0
0
0
0
0
0
0
0
0
0
0
0
0
0
0
0
0
0
0
0
0
0
0
0
0
0
0
0
0
0
0
0
0
0
0
0
0
0
0
0
0
0
0
0
0
0
0
0
0
0
0
0
0
0
0
0
0
0
0
0
0
0
0
0
0
0
0
0
0
0
0
0
0
0
0
0
0
0
0
0
0
0
0
0
0
0
2.9503264223126973
2.9343020094550214
2.870654624811558
2.877879597503975
2.8080581869404218
2.738120469796759
