6007.718289056867
6034.808957177454
6083.14488798316
6070.194991085504
6016.646054977842
6009.572091050838
5868.022757975665
5720.900194933873
5589.002513528833
5465.6561041225905
5374.755365292019
5288.717072109926
5202.249866995907
5176.453129335002
5208.306224744549
5234.991795216191
5258.577798981237
5276.113951863212
5254.6122653058865
5207.225749155843
5142.369903513637
5059.439761510399
4960.048316195843
4863.8023822867235
4770.0731613119415
4644.106806200123
4560.814853642612
4697.431036788625
4547.663283089769
4454.010928860024
4384.6042734570665
4392.25870199627
4334.584122200898
4279.17245496567
4250.27988996138
4190.362539954701
4286.618653152194
4380.196229158638
4509.676609846527
4689.753930783273
4744.771416140351
4744.04109050256
4734.917626037253
4746.043317116163
4829.715626830999
4852.7972208110405
4869.158756601997
4885.453968260759
4901.611890254651
4917.588182718518
4933.374603920564
4948.985274923986
4951.525072060241
4982.48573738081
5012.514312677574
5060.8351324958
5083.7881557462115
5106.42422239375
5130.165008545479
5154.128844278908
5188.344283300505
5209.993072185602
5231.490672166548
5252.80033028977
5270.205636400486
5321.86863261564
5373.902030156488
5414.751345919958
5452.472644843132
5486.790187921124
5507.433875318262
5524.552733628499
5544.622707340515
5565.769730795777
5584.834650896767
5602.685819270968
5671.555037010075
5765.302662877058
5838.167432144809
5892.714247771248
5974.940049758114
6000.631739530777
6023.019749733203
6037.611501675912
6039.1871416310105
6030.647111472544
6023.406759150429
5987.897716283264
5941.831400801825
5890.984115017444
5848.460476035321
5789.677373515224
5713.690025475623
5610.13866829684
5497.192534066154
5432.219111597844
5365.496655631142
5302.033494511593
5237.288077128628
5172.575582395354
5084.4449318652
4979.943325510204
4889.676858129096
4840.336278531275
4765.01182066302
4689.508911625487
4603.392991074349
4557.9721222361095
4517.556438853398
4487.758240134745
4453.826646309868
4437.827766149964
4422.180052838158
4429.1617287559875
4441.504998283822
4453.407474778052
4480.817525788435
4464.729521611443
4449.745136834109
4432.2009567322075
4417.3108925204515
4404.236931653099
4389.53696568844
4377.221815361157
4369.270457676307
4354.810633723789
4338.3641055993885
4325.240258134629
4312.25865363444
4298.998139496936
4286.799333970762
4310.051250701857
4293.2714257284015
4277.363081000989
4264.519467809366
4285.877650959054
4265.119108826037
4241.460186460909
4262.541441783907
4243.120368413929
4225.34323093314
4205.702671637424
4178.050015464966
4147.057880695621
4118.997985308411
4105.036014112249
4098.570990535341
4103.2216801020095
4062.400008123137
4046.1595372573083
4030.5054896434153
4016.8033766196304
4004.032475683452
3961.6046792217553
3920.1866647359475
3879.850413240904
3840.930560613949
3821.2291438663196
3804.960083804746
3795.176686900434
3784.207382628722
3772.553215043079
3759.658123939225
3745.0016243798595
3732.912990941304
3723.0381565841817
3714.8610920320434
3707.2025202707987
3700.155735867405
3701.231068325918
3710.51691308244
3730.2505182695672
3742.7244200620116
3719.3622502988815
3695.993143786211
3673.3081829335365
3650.3542886735336
3625.287043151989
3621.69099322532
3598.63872917464
3575.1230182688196
3551.535397196293
3528.3756027306126
3506.946580350938
3486.9783443653296
3467.4802447128545
3449.271191979772
3433.5963779571857
3420.6743060309363
3407.2683943869083
3391.6902586091524
3375.7618071516545
3355.4285027666906
3337.0366028161166
3324.7293162258948
3311.7326244971337
3298.5395656035657
3286.1932805065526
3274.140501979332
3264.8433491650976
3255.5857773398393
3246.420614094354
3237.268223219528
3226.307311139676
3213.9469646210846
3201.6322454365086
3189.3640760077337
3177.144555897432
3164.976810776093
3152.864595226691
3138.7869697097312
3126.781556510176
3114.1485437928363
3098.3638795197066
3082.7145755479473
3067.1724763566494
3051.5735055170812
3038.290315712723
3025.0968084413544
3011.996034363395
2996.2504728757713
2978.764429455363
2961.4208540192926
2944.221178267206
2927.164050797944
2906.0576955085085
2885.15890790004
2864.4739949409823
2844.002022050381
2827.2061821137627
2807.13724582906
2787.2784433218644
2771.03473472212
2751.5774616322283
2732.329895886698
2714.35625134431
2698.856801637405
2680.216211452238
2663.6786884038943
2643.86864889618
2624.239198984298
2607.99301731127
2588.6989782408573
2569.6454484951446
2553.994202999988
2535.411385024033
2517.0738591094264
2502.0658917709343
2484.249245249342
2466.6909434411773
2452.3330873213627
2435.248402953482
2418.404736771684
2404.6566994761174
2388.2723476285732
2372.119575549063
2356.1949074687996
2343.2271627789273
2327.7365097474544
2312.4660672141868
2300.0442649064826
2285.182462200225
2270.490107993356
2258.503204043813
2244.16179799801
2229.9702729697583
2218.4144130734016
2205.0122003570423
2192.295086636659
2179.5660020516348
2169.289746398172
2156.8298044788057
2148.206155716691
2139.779702064254
2131.442601165907
2120.6942325757414
2113.2684336983284
2102.768132710705
2096.104381250042
2089.7488159699583
2083.548358199788
2077.56814974684
2071.827217515218
2066.2977441095054
2061.0143894984562
2056.0334135143744
2051.2277407768543
2046.4699408588845
2042.1957554000148
2038.0691704310834
2034.0421573363478
2030.120512109451
2026.3198894957634
2022.631555114679
2.9503264223126973
2.9343020094550214
2.870654624811558
2.877879597503975
2.8080581869404218
2.738120469796759
