-4284081114007386e-20
-0.02083803785177053
-53900956879217156e-33
-18763472154740117e-24
-0.0431497558892782
-0.06737039181799896
-5834209298192792e-21
-29264714624128484e-31
-0.22036854405991899
-14187798269580129e-22
-29949401666813526e-22
-0.8977466222148195
-0.38589188645435785
-0.14544394810062708
-13974210638789343e-27
-37669356382725755e-32
-6909334334474669e-25
-620880266661621e-20
-6442183899253896e-20
-5643375709781419e-23
-1
-0.027346809793920835
-9112285022176753e-25
-4590211284060846e-28
-1
-0.8168604167845657
-50300007687741946e-25
-4519409260162929e-22
-0.2200468011219963
-16065039173109217e-21
-0.013128201641227376
-0.5267876714951762
-0.04715408895091285
-0.00014259053347809373
-59778563913507635e-21
-5974326274466005e-20
-34299076163568573e-21
-0.0029018749517486673
-0.057315497821550127
-4060016395784107e-29
-27164689344921897e-24
-0.016367594851839078
-4078806753945684e-44
-1
-9573317142890208e-33
-8252748710599631e-22
-8014442958513405e-28
-13737557905059088e-31
-1
-0.04562634580007126
-21013570799953324e-29
-13853710012575019e-47
-32633445754818188e-22
-5876796931208783e-35
-49128081404765855e-24
-1
-49824133141549766e-39
-7634131800024611e-20
-4290990991284591e-32
-0.36953947030197704
-27225066057273623e-23
-0.5495230769168038
-0.18344852639180595
-27618774532086735e-29
-17860018406228488e-23
-10977553637104361e-36
-14239166746335243e-33
-1786189193847971e-26
-0.005031428366277075
-15006402750719045e-25
-5174917422072527e-50
-1004876277515581e-21
-2110944718266683e-31
-0.8267174160940725
-41229373079455695e-24
-0.9274564891290363
-874640635553624e-23
-4487087717699136e-27
-0.2747330664652904
-23843224979793844e-23
-15488246077203556e-36
-0.8164400846742654
-0.37011330597216696
-37777887085698906e-32
-50257594845940195e-28
-0.05014376154624476
-42428698904311396e-31
-23606839357427274e-29
-12350143262815324e-26
-2631796016230235e-24
-39529477977462e-19
-3358151789932787e-22
-1459960308760741e-20
-7124697139010728e-39
-5157845769051098e-28
-5354020008181927e-21
-0.00401788045588414
-15019173233083326e-24
-12417747437443672e-30
-7701632584587198e-23
-0.18923751714046047
-10845868250781245e-23
-9849098908229576e-25
-7845740014520343e-20
-10233787513321512e-33
-26387519261315732e-24
-1
-0.00010613361172127118
-4772527463194746e-33
-0.00021074162974665204
-0.8756119144964449
-3247136143749797e-36
-5179539618393469e-37
-4429821845271426e-24
-513975584806469e-26
-0.0001428290651007772
-3893833075980935e-20
-916764231249293e-43
-0.06492725358223612
-2958712957740922e-22
-15695351914879855e-31
-1
-16097539425093516e-41
-1
-7333327998925823e-36
-21710011978469238e-29
-2533161011251083e-23
-0.024147237277420432
-12287923665097073e-25
-5147439190013258e-28
-2659263748000901e-26
-2978275435380925e-26
-3587386811206154e-30
-0.2808821741667264
-0.00024144199235627114
-17119824489348134e-27
-22648853600218577e-27
-18966238261262466e-23
-13895412463146696e-21
-1741147456333543e-20
-0.06481318819727805
-0.632654319110723
-33482399440201898e-25
-0.3848041680066454
-1955121674743161e-25
-0.47051685646294306
-0.11921239258940347
-0.20927293683904188
-48170442536069294e-24
-13897244397147067e-30
-47545780507514164e-31
-0.006547972687671148
-278494889852668e-30
-2505300540117183e-22
-32268589581221624e-25
-59208331078209265e-24
-9028750242696276e-27
-0.8335936635601333
-9208685949863145e-39
-0.004223484306601946
-2945661834225393e-22
-4776388846379538e-37
-32424023728576312e-22
-0.16445786601319948
-0.6421465147865383
-1
-0.0004716205477377296
-0.9022795384675042
-1271391338549501e-25
-0.000622019482513681
-0.008302903743996524
-1102476996095345e-27
-0.0019073821369490125
-5151049685652817e-20
-0.0006324634678908913
-14844481685708227e-25
-323820193554416e-21
-1
-0.2181342933660599
-3753845672822633e-34
-1130018664210323e-24
-0.00016236677940423573
-30077850239973124e-25
-26741059504648613e-28
-30882457547413594e-34
-825496231343672e-26
-6403913802411215e-25
-2854588553492687e-20
-11455277094387263e-22
-204510643082248e-20
-0.21978440873001726
-5292994721866022e-32
-19470075396446064e-23
-7604156879054252e-25
-0.6468122616307187
-1
-36682607507063676e-27
-0.003524874304780986
-0.8236790229057571
-0.10573219835003957
-0.23376356984759655
-114894991937274e-29
-19110215284972568e-22
-3456771563826741e-20
-26589592626443925e-49
-0.028938744411274746
-0.0017173364572437549
-6940204900065311e-32
-0.004894123526493787
-7163582133335651e-26
-1511856643768218e-32
-3087888675965474e-32
-1
-8423874547055871e-37
-44155228774767386e-25
-1
-0.16233333906451602
-0.840086234919455
-4149190010897078e-29
-6043359094252875e-26
-712887935326833e-26
-17551803882138486e-28
-31215968713531514e-23
-3511709279498697e-40
-203405002348457e-25
-0.00042268974640407957
-0.13683887919509105
-1
-0.003029341039980301
-9822377384741685e-26
-0.25576818606228247
-0.4884292205998693
-6599725920065395e-38
-10368192663363307e-23
-25834433670238105e-22
-0.00032896997328398956
-1935218079561951e-44
-0.14574138512743956
-0.3150158230360427
-23786333439024672e-31
-8717137709909378e-31
-9303913828962917e-21
-0.20491789518142944
-6377203068817738e-20
-836779929939376e-32
-3337630569610827e-21
-5317156977235055e-23
-0.00023432292601682707
-34447389883304036e-22
-0.21078684289860994
-13054541057764004e-56
-6031459324438636e-23
-14222772093400045e-25
-0.0004473741181850164
-0.3922430913390262
-15663768450420213e-23
-25534528326862266e-42
-1123187555041628e-30
-0.7890274862679905
-347719899299109e-42
-39604306001187695e-21
-0.0003818749093675728
-2995357013516024e-28
-4223429808523661e-26
-1294209671467434e-21
-17359292091466498e-27
-6486652741772198e-20
-1848555811704078e-27
-24108474740570366e-21
-33739806622291967e-22
-14086304323630767e-24
-54363007437408336e-30
-0.21303745741790464
-0.79241035660233
-0.7256580079043669
-783948396221225e-26
-0.07430997918187811
-13847269965542274e-24
-0.0008069370866856791
-14809921910073758e-26
-0.19681486071410065
-26203575539881412e-21
-0.16204351035926026
-0.6270090063665739
-3009352286240807e-29
-1
-3633987215865348e-29
