0
0
0
0
0
0
0
0
0
0
0
0
0
0
0
0
0
0
0
0
0
0
0
0
0
0
0
0
0
0
0
0
0
0
0
0
0
0
0
0
0
0
-5000000135965398e-26
-4999999997910322e-26
-5000000089344705e-26
-5000000090428907e-26
-499999999718752e-25
-49999999973682204e-27
-5000000089525405e-26
-50000002288453845e-27
-5000000044350315e-26
-6666666847652698e-26
0
0.000960382088893712
0.0009062595185252467
0.0008544911738447909
0.000804939669088453
0.0007574781782074696
0.0007119853543587966
0.0006683379035088474
0.0006263929253833065
0.0005859538637242925
0.0005467052421409614
0.0005079224228599083
0.000468360014155296
0
0
0.0026514874415401964
0
0
0
0
0
0
0
0
8055712128058348e-20
0.008277491529572576
0.004148977131346325
0.008553710976164848
0.004722395864081356
0.008737212927822929
0.008746094920873066
0.008715775246736055
0.008642106457093773
0.008532654473534445
0.004647902990302788
0.008387866748928809
0.008361003644660504
0.008371446723926493
0.00844436475225101
0.008566583525076495
0.005171541017918126
0.00886801525908417
0.009003563055479372
0.0061277989093732246
0.009237225391535058
0.0065589059529156685
0.0037532090090941564
0.0006966725769043103
0
0
0
0.001079953863672134
0
0
0
0
0
0.000696174992357307
0.0006847584750302489
0.0006675428495372973
0.0006491325396218481
0.0006352150451804984
0.0006223447441366963
0.0006071630243165198
0.0005912910158067983
0.0005753907986383345
0.0005597077559327292
0.0005442435856184469
0.0005289972259170437
0.0005144653336963722
0.0005005108988642748
0.0004871288831243025
0.0004745847327691833
0.00046247649097108965
0.0004489947168306914
0.0004365852500698469
0.0004245666636826271
0.0004120107366378835
0.00040266626795127053
0.0003940427593052178
0.00038470432591753215
0.00037414539514224937
0.0003637926196287164
0.0003551747663332931
0.00034674353310171484
0.00033843366079700367
0
0
0
0
0
0
0
0
0
0
0
0
0
0
0
0
0
0
0
0
0
0
0
0
0
0
0
0
0
0
0
0
0
0
0
0
0
0
0
0
0
0
0
0
0
0
0
0
0
0
0
0
0
0
0
0
0
0
0
0
0
0
0
0
0
0
0
0
0
0
0
0
0
0
0
0
0
0
0
0
0
0
0
0
0
0
0
0
0
0
0
0
0
0
0
0
0
0
0
0
0
0
0
0
0
0
0
0
0
0
0
0
0
0
0
0
0
0
0
0
0
0
0
0
0
0
0
0
0
0
0
0
0
0
0
0
0
0
0
0
0
0
0
0
0
0
0
0
0
0
0
0
0
0
0
0
0.0016855588253410908
0.0016332198632843656
0.0015820072794870547
0.001532182717482039
0.0014840159007756953
0.001437718673893279
