0.03628300745817379
0.05086082191699549
0.06653733053797767
0.08064303765187399
0.09648556368973707
0.11745660280991384
0.14016588877148273
0.1618282171910369
0.185803038994795
0.21228498074721108
0.24146430690363951
0.2735288086238149
0.2677424898925522
0.25733921054076475
0.2539993481626603
0.24259816838489404
0.2307847833091036
0.21859140298059052
0.2060497842793414
0.19319104561753855
0.18004553974702123
0.16664276496108296
0.15301130275274422
0.13917877355681932
0.12517180626198418
0.11101601785749594
0.09673600087499201
0.08235531779050664
0.06789650044834299
0.05338105529024045
0.03882947215628325
0.02426123449481513
0.010347215714790945
0.010523365874202191
0.01069065294777549
0.010849315475929414
0.010999593764235586
0.011141729197045121
0.011275963545311683
0.011402538067351116
0.011521692774512505
0.011633665864850882
0.011738693259351113
0.011837008631041758
0.011928845876782229
0.01201441604652695
0.012093919127694785
0.012167564563947837
0.012235560368902257
0.012298111786791964
0.012355419890774924
0.012407680637415387
0.012455084414778475
0.012497815926710065
0.01253605430038975
0.01256997331603335
0.012599741664814739
0.012625523376851985
0.012647478474640029
0.012665764360670136
0.012680539142475949
0.01269197216257292
0.012700263098543848
0.01270562730483048
0.01270825462101124
0.012708315273399733
0.012705950861515576
0.012701272373328949
0.012694393270840952
0.01268542781670925
0.012674471362994223
0.012661611856697777
0.012646932320039756
0.012630504241736833
0.012612397061230627
0.012592700757407281
0.012571519043017522
0.0125489372226048
0.012525002921529103
0.012499740425323844
0.012473168903441316
0.012445314274078792
0.012416234699804022
0.012386016352624797
0.012354725120996063
0.012322427084347424
0.012289158467878617
0.01225490802054755
0.01221969722127041
0.0121836364301301
0.012146930766251944
0.012109982082989823
0.012073425018099649
0.012037946368049019
0.01200406815946297
0.011972385017960935
0.011943478126943609
0.01191751278206906
0.011894394262875255
0.011874393542057531
0.01185787362612891
0.011844486548520649
0.011833236461599577
0.011822381665728403
0.011810355247499064
0.011796211657870424
0.011779460925909887
0.011759881915044878
0.011737319804665238
0.011711654506947082
0.011682849216025809
0.011650952105163998
0.011616044181451778
0.011577986383730183
0.011536699160371094
0.011492386480265938
0.011445195604307252
0.011395320382823199
0.011343113497440029
0.011288926021136078
0.011232345985970331
0.0111739778578642
0.01111465326418918
0.011054677170308634
0.010994189480105493
0.010933163389023257
0.010871388270232075
0.010808891387744506
0.010745643231699
0.010681531103502194
0.010616344349454078
0.010549800205398441
0.010481733507855173
0.010411892718086353
0.01034028392665649
0.010266903819152252
0.010191264097367245
0.01011099855872561
0.010027055716966233
0.009942324878338921
0.00985778980328519
0.009773650409787903
0.009689731887485724
0.00960529755446928
0.009520213610953758
0.009434404669511964
0.009347338478841996
0.00925841251878164
0.009167392029312155
0.009074815825098675
0.008980351011947723
0.00888468102565496
0.00878869554933867
0.00869256518857074
0.008596496547216483
0.008501465661754632
0.008408738066520765
0.008317425144444685
0.008225446038134448
0.008130812532898886
0.008033024436247113
0.007934541140705917
0.007838999764518679
0.0077494616987520875
0.007666079946100697
0.007585417982858274
0.007508393054944654
0.007434600737274762
0.007361858213206572
0.007289255603841464
0.007216710489155169
0.007144383922910024
0.007071943860655066
0.006999266370948796
0.006924752509509034
0.006850251808654045
0.006780073386355994
0.00671557593276937
0.006656817353881469
0.0066025463063171886
0.006551442729519484
0.006502359639925021
0.006454441022505495
0.0064082761043693275
0.006364299884949527
0.006322551569179484
0.006282858961156524
0.006245024552129628
0.006209169496194925
0.006175698122653707
0.006144877199377653
0.006116522637368207
0.00609012008909899
0.006065106026341408
0.006040942967245465
0.006017052083338849
0.005992960283014013
0.005968310464904419
0.005942958892988019
0.005917528133405829
0.0058933338855943805
0.005871193471581111
0.005850695359776996
0.005830885738957591
0.00581104022104386
0.005790880778799155
0.0057705164642332584
0.005750242738524266
0.005730280376190285
0.005710651668332227
0.005691288696687412
0.005672209664218933
0.005653571580869341
0.005635573591624899
0.005618311434869496
0.0056017103208086325
0.005585551595687486
0.005569538152712376
0.005553329282948278
0.005536508749621674
0.005518441653998277
0.005497798982175693
0.00547092472380286
0.005427294454281299
0.005368953286422055
0.0053371648209343744
0.005318501452787609
0.005300496689083008
0.005282014173366149
0.005262957022233651
0.005243282653106383
0.005222951379974659
0.005201918717586885
0.005180110881087057
0.005157399891186901
0.005133546180354977
0.005108081284382191
0.0050799772357019235
0.005046536783257636
0.004999736694279851
0.004932637198570489
0.004882338606359411
0.0048510960515717105
0.004821050406350955
0.004789202514027944
0.004753683933549069
0.004708474499153647
0.004652127705853651
0.004604557038311716
0.004559530338981911
0.004512526785164013
0.004467227835354409
0.004424477300959954
0.004382375120714341
0.004339743975365065
0.004296148193973913
0.004251450999110527
0.0042057683844576215
0.004159333722825515
0.004111721201994692
0.0040592887958139975
0.003991245761495936
0.003925191190926736
0.0038843919403730386
0.0038480227138142017
0.0038095225117582635
0.0037650091844743726
0.0037084809490710233
0.0036482120336182797
0.0036027492119464137
0.003563141719296885
0.003522913163882597
0.003481007759600911
0.003437045644666049
0.003390394831888696
0.0033395529780964107
0.003281519573457284
0.003211013072931111
0.003131180486789363
0.0030474323401682925
0.0029422513402321757
0.0028272354201257857
0.00271884956105118
0.0026012332366678118
0.0024712239283609856
0.002341683642690862
0.0022393667115712316
0.0021566806544109853
0.0020853374994425564
0.0020142550788408635
0.0019428942498358954
0.0018686816885819732
0.0017980654012213146
0.001739281683786613
0.0016855588253410908
0.0016332198632843656
0.0015820072794870547
0.001532182717482039
0.0014840159007756953
0.001437718673893279
