3048.633035895058
3085.5794793882424
3111.023036527991
3112.7546442869834
3092.680264295816
3091.8644959299636
3023.2406164302693
2950.860478620069
2882.1807684901805
2814.727078201639
2767.989675392722
2721.5190347283615
2678.7932390587966
2661.322819150735
2669.895612791048
2677.5407376108274
2684.4171704404002
2690.060512960897
2672.9196778309934
2642.586107356665
2606.0157947216294
2554.3007798358553
2498.3534411482115
2444.1643656352658
2391.2309052719124
2323.365932540055
2275.4610123676175
2345.816648131315
2265.5159155752785
2214.0227850872234
2179.157474102042
2182.629468054436
2153.471256134708
2125.357308554726
2110.500407606107
2080.128712523517
2123.140115471784
2169.414980116194
2234.283852096235
2324.703343426183
2351.6968114541496
2350.819045072136
2345.746218436837
2350.8005382535885
2392.129318356797
2403.1727098153665
2410.865774610166
2418.531457676852
2426.1335204361503
2433.649166560894
2441.0741078094165
2448.4155643283266
2449.2262997403204
2463.8730246141063
2478.4438900222563
2502.1664748115827
2513.211087303012
2524.10345662983
2535.5501099844632
2547.120137396444
2563.61619186934
2574.0452986369755
2584.4115651551315
2594.7004963166187
2603.4235594079855
2629.0291718121307
2654.95373687577
2674.7329284211633
2693.338849052746
2710.178160314495
2719.8363803503134
2728.330584401638
2739.6859176328153
2751.98353188171
2762.2570049426718
2771.89978222338
2806.1058095911776
2851.815688658461
2888.021024831968
2914.1143857585234
2955.4572678445998
2967.397444876165
2978.3869638737633
2985.483253448872
2986.111557542632
2981.6998021014333
2978.3398120799734
2959.9784429660704
2936.7926936315857
2909.3648025030666
2884.014296270105
2853.8041207822685
2815.689542603108
2763.294732519149
2706.622484256504
2674.2967575388698
2640.4324928425153
2608.956417731473
2576.875024456222
2544.8606196274704
2501.236763419437
2448.1031788937303
2401.852411574929
2377.111947602254
2339.3851342169796
2301.4426739536743
2258.2714157235946
2235.4036464164196
2215.0066721152048
2199.879533029649
2182.7466656962124
2174.66965556623
2167.0796237586082
2170.741963027594
2176.9621176123483
2183.182490159872
2197.0088446671803
2188.9841377330927
2181.4914486189246
2172.740765809999
2165.3201916111548
2158.8035746174132
2151.469999582489
2145.3866289254906
2141.6017511939895
2134.559242787955
2126.5073117081147
2119.9516050320576
2113.3559564348443
2106.70917329243
2101.263486276788
2113.5092597936837
2105.8408678215023
2098.7732628130184
2093.990242570646
2106.207355379152
2097.56905722846
2087.850517891493
2100.462199023538
2092.6733108009953
2085.6541332455613
2077.6847137446484
2065.741854446961
2052.2582470735174
2040.1897495523597
2034.154695857818
2031.0412260564108
2033.5353821521792
2012.9848895034688
2005.0279421700388
1997.3644809696502
1990.6782027705929
1984.4611580813312
1962.8859695047797
1942.005217783358
1921.8742731088141
1902.5504826871038
1892.8746709976524
1884.9917795065844
1880.267053324157
1874.2064572307947
1868.2904251936257
1861.7431668545141
1854.2924434569454
1848.1015321506943
1842.9738545050561
1838.7253320035275
1834.7744014166103
1831.3506919082097
1831.8629193730385
1836.6841308718908
1846.777661920108
1853.232173062311
1841.7589753338125
1830.1752276441616
1818.77557050836
1807.1383010897114
1794.3630121615442
1792.2669882809594
1780.39651279174
1768.27095498206
1756.09869451816
1744.1231539333394
1733.022675850924
1722.672740125694
1712.564445597343
1703.1274375953446
1694.946307120969
1688.2076319933915
1681.302059418012
1673.7150597063996
1665.9355997231298
1655.9342903211912
1646.9017120222209
1640.8927647377368
1634.512656421407
1628.0309612657384
1620.8257433361905
1613.7383752749295
1608.0575712282346
1601.878789676354
1595.7522433986542
1589.648758060488
1583.5667820051829
1577.5056672361768
1571.4653381667677
1565.446289408743
1559.4496107601078
1553.4769115788838
1547.5301156686119
1540.6762339076085
1534.7784625638753
1528.5652620410267
1520.843586136821
1513.120785505472
1505.4500749107742
1497.8224967167898
1491.2777032724873
1484.7764208597787
1478.32019146009
1470.5402440895891
1461.8886692923322
1453.3067398474616
1444.794499700385
1436.3501409060473
1425.878323000987
1415.508514434863
1405.2441491532536
1395.0847828774276
1386.8235755990315
1376.862217381448
1367.0045177596617
1359.0122349017417
1349.3520213281608
1339.7954151457857
1330.8745958624588
1323.2461098782712
1313.9891227325195
1305.9445675718077
1296.2452007206796
1286.6333256054618
1278.7625757490925
1269.3120730218939
1259.979992007562
1252.3978819143747
1243.297145555556
1234.3173830767491
1227.0492336903633
1218.3267430853534
1209.7319680552196
1202.692527221953
1194.2203986746958
1185.8680677722637
1179.10633506348
1170.9818581150198
1162.9725034092378
1155.0765388845796
1148.6990529589316
1141.0184072058657
1133.4472702538965
1127.3384495084756
1119.9699570380417
1112.6850384403344
1106.7883993091687
1099.6776787959516
1092.6420032477918
1086.958546739622
1080.3157406596943
1074.0140091978112
1067.7056314215922
1062.6558345319822
1056.4819724093302
1052.2264462945661
1048.069584606781
1043.9571793047794
1038.6311310577516
1034.9758885411056
1029.7843378546286
1026.5103915439934
1023.3888662351205
1020.3425947879697
1017.4033348966507
1014.5807309624373
1011.8615979240593
1009.2631567536374
1006.8130870392644
1004.4479256600948
1002.1048677503796
1000.0028501398594
997.97523321818
995.9975206087402
994.0724964339615
992.2078109044905
990.3991874337074
0
0
0
0
0
0
