0
0
0
0
3.2142549332493218
0
0
0
0
0
0
0
0
0
0
0
0
0
0
0
0
0
0
0
0
0
0
0
0
0
0
0
0
0
14551915228366852e-27
0
14551915228366852e-27
-14551915228366852e-27
14551915228366852e-27
0
0
0
0
15.853344217903214
3.9889821433171164
12.888201926165493
10.8179011522152
8.796622079171357
0
0
0
-5929905455559492e-23
-14551915228366852e-27
-29103830456733704e-27
0
0
0
0
29103830456733704e-27
43655745685100555e-27
-14551915228366852e-27
0
0
0
6.8143257559568156
0.361249189460068
0.2568413720728131
12.76631283586903
0.07250217092223465
0.6028570993075846
9.132496562160668
1.1002666804561159
1.1751426700211596
1.249294541994459
1.3301948977605207
0
2.022321665441268
-18335413187742233e-25
0
1.8187408581579803
0
1.5966584166308166
3.9349833717860747
0
0
0.28921044353046454
0
0.18130061804549769
0
0
0
0.42257953800435644
6.154588650271762
0.01441962290846277
-14551915228366852e-27
14551915228366852e-27
0
0
0
0
0
0
0
0
0
0
0
0
0
0
3.451838129272801
4.025561644055415
0
0
0
0
0
0
0
0
0
0
0
0
0
0
0
0
0
0
0
0
0
0
0
0
0
0
0
0
0
0
0
0
0
0
0.16028298667515628
0
0
0
0
0
0
0
6.156830192412599
6.606991693362943
7.351837761350907
0
0
0.37662738836661447
0.3981107959843939
0.4953046770824585
0.5163115182804177
0.46524225584289525
0.37483167913160287
0
0.46104846928210463
0.6060603662044741
0.6374187733745202
0.6896883317967877
3.179067105142167
0.6777964726934442
0
0
0
0
0.02952872111927718
0.6614660597697366
0
0
0
0
0
0
0
0.40255965320102405
0.6897920612973394
0.6898372246650979
0
0
0
0
0.4620309683668893
1.009608933061827
0
0
0
0
0
0
0
0
0.7229519705870189
0
0
0
0
0
0
0
0.7625313395692501
0.7502887514856411
0
0.7227563652850222
0.709593336287071
0
0.7982909421407385
0.8045746858406346
0.8109262879152084
0.8173372754099546
0.823799557008897
0.8303053870622534
0.8368473170121433
0.8434182918135775
0.600076438699034
0.5911686658655526
0.5826015237835236
0.5743665776099078
0
0.5588483403116697
0.5515418716677232
0
0.5377770074846921
0.5312965272605652
0
0
0.5133365373476408
0
0
0
0
0
0
0
0
0
0
0
0
0
0
0
0
0
0
0
0
0
0
0
0
0
0
0
0
0
0
0
0
0
0
0
0
0
0
0
0
0
0
0.3826331405871315
0.37991155228519347
0.37741333557642065
0.37512357279774733
0.3730207691551186
0.3710832631913945
0.3692897733562859
0.3676169421232771
0.3659679756819969
0.36431222621467896
0.36275581560039427
0.36129608120245393
0.35991975995420944
0.3586159308470087
0
0
0
0
0
0
0
