-10.49939781629655
-12.859547837128048
-9.794182761077536
-18.024806925051962
-8.491279344816576
0
0
0
0
0
0
0
0
-0.6907480531954207
0
0
0
0
0
0
0
0
0
0
0
0
0
0
0
0
0
0
-2.6302798272517975
0
0
0
0
0
0
0
0
0
0
0
0
0
0
0
0
0
0
0
0
0
0
0
0
0
0
0
0
0
0
0
0
0
0
0
0
0
0
0
0
0
0
0
0
0
-0.35305987927131355
0
-2.3998933430411853
0
0
0
0
0
-5820766091346741e-26
0
0
0
-14551915228366852e-27
0
0
0
0
0
-3.787527150459937
-26.65136037924094
-20.495982989043114
0
0
0
0
0
0
0
0
0
0
0
0
0
0
0
0
0
0
0
0
0
0
0
0
0
0
0
0
0
0
0
0
0
0
0
0
0
0
0
0
0
0
0
0
0
0
0
-4.178956824485795
-0.2311087471753126
0
0
0
0
0
0
0
0
0
0
0
-3.942061884852592
-3.903866532986285
-3.8834471745358314
-3.850140382448444
-3.814501644403208
-3.772705583352945
0
-3.6784419352334226
-0.07424695442023221
0
0
0
0
0
0
0
0
-0.31008530156395864
-0.3023553727834951
0
0
0
0
0
0
0
0
0
0
0
0
0
0
0
0
0
0
0
0
0
0
0
0
0
0
0
0
0
0
0
0
0
0
0
0
0
0
0
0
0
0
0
0
0
0
0
0
0
0
0
0
0
0
0
0
0
0
0
0
0
0
0
0
0
0
0
0
0
0
0
0
0
0
0
0
0
0
0
0
0
0
0
0
0
0
0
0
0
0
0
0
0
0
0
0
0
0
0
0
0
0
0
0
0
0
0
0
0
0
0
0
0
0
0
0
0
0
0
0
0
0
