2.737600920065722
1.6229970445953974
1.0599849824982566
0.629206548203124
0.2621359234934255
0
0
0
0
0
0
0
0
0
0
0
0
0
0
0
0
0
0
0
0
0
0
0
0
0
0
0
0
0
0
0
0
0
0
0
0
0
0
0
0
0
0
0
0
0
0
0
0
0.3138725406776091
0.30055302902345304
0.28834995937846974
0.2771960229018304
0.26703118925996966
0.2578039713718919
0.2494776884537837
0.24205530996771996
0.23565860268496547
0.2304194680810856
0.2258191520412977
0.2210094677351805
0.028439906738301286
0.04077367647898212
1.2140256734205201
0.06413977766926146
0.0752007778219417
0.08613993805568818
0.09730511238887235
0.10876431062207075
0.12034064598837424
0.13210068633039768
0.14429819894914683
0.19191122281657633
3.7939919740790313
1.9967630414640691
3.936407520500724
2.2681169162684975
4.0360492117882085
4.0491093647635985
4.043694666234771
4.01888836649283
3.9811494124252667
2.2880797847612726
3.9331920604629285
3.9314310709166636
3.950076910156162
3.99763434321644
4.067761192606375
2.5983643163428574
4.233525253142815
4.30870541782116
3.0706821187913964
4.459535406496707
3.3111984842765896
2.1057668068737185
0.7936002624712616
0.5159719240103208
0.5354524210265426
0.5364430624211424
0.9940095149280965
0.49801608660314267
0.4737761074875674
0.4515156994928318
0.4320330312308924
0.4153443952210491
0.7064627151947439
0.6896291459373676
0.6718873199351766
0.6533211951816662
0.636035984985436
0.6206843669637371
0.6056718818723282
0.591499201298512
0.5793037808563276
0.5698298476295217
0.5635269645157822
0.5596904116199442
0.5557702125361553
0.5522900758804393
0.33567157616218196
0.5473275694363448
0.5466865369995906
0.5440987439265113
0.5419400907498483
0.5401914567341062
0.5379317882961627
0.5370729212721653
0.537091347740972
0.5368085052181244
0.5355478279486502
0.5343202970984023
0.5325200374108144
0.5320259691710503
0.532968561529085
0.38481947233485014
0.3843058308621511
0.38380799728103726
0.38208111114167936
0.37846312636987517
0.3737944187473069
0.37118690196415355
0.36980849659199305
0.36833674191112226
0.3670717023851725
0.36616368585449605
0.36320438643336755
0.35974508911993225
0.35847199042932515
0.35751764500223
0.35671610224817085
0.3560891499366931
0.35706757256430016
0.3585257860508486
0.3608287200574974
0.3649771820180656
0.36723300850186424
0.368133763777871
0.3670839107066149
0.3646366902465267
0.3631824612145661
0.3657857378442867
0.36942162971504894
0.3698806917129748
0.3664042091346894
0.3658172790644209
0.3704078090183285
0.37426704941173994
0.37685612571481814
0.37818523549357036
0.37591755488815953
0.3767384954751298
0.3804094084817394
0.3822911549557868
0.3802667958739327
0.3753744709592762
0.36702194073240757
0.3634360542750611
0.36324644607342693
0.36557222780399895
0.36999670186620265
0.37707240482168597
0.38504140209945514
0.39124696188659747
0.3958593031112045
0.3997683364192408
0.40466809596791775
0.40961170736148855
0.41368073013481166
0.4172068070687078
0.42105419926484083
0.42510448035626025
0.42951777260076107
0.43361727204607886
0.4373136127242593
0.44064724647069436
0.44338886171858666
0.44522856123473226
0.44613383399294654
0.44639987701612777
0.4463553373622575
0.446180682836568
0.44590585211040207
0.4454647847803149
0.4447672141111064
0.4437662338261413
0.4424731771169381
0.44091858040179055
0.43911718340769595
0.43707362933633553
0.4348130872313378
0.4323992265181218
0.4299270749314363
0.4275000289492194
0.4252110988475121
0.423140811302232
0.4213693840068541
0.4200062822078169
0.4192623834085125
0.41967324777669573
0.4224673268246031
0.4253842669113589
0.42227859695892067
0.4176458830566096
0.4136513877517329
0.410413252970622
0.4079093841696425
0.4061059977074774
0.404967777485414
0.4044701888834888
0.40461552568517134
0.4054500694206721
0.40707490522106204
0.4096782010719931
0.4136399359163807
0.41993313909338015
0.43136113086061506
0.44926016778114986
0.45848749541627487
0.4600753170697728
0.4611975470980257
0.4625523267242452
0.46369777376623444
0.46305396263844445
0.4599182416614617
0.4595946677776722
0.4611776139251606
0.46294278893580326
0.46461863583935425
0.46631108086194034
0.46812123950867107
0.47008452765791947
0.4722165840461268
0.47446360776442575
0.4766661431398819
0.4786741696077135
0.48074254033849534
0.4846449416604707
0.4949643128878564
0.5022811569832846
0.4972944580595312
0.4907408526672969
0.48556264754457246
0.48327058110454574
0.4859345403709146
0.4893711989234174
0.4864802509326731
0.48177666894017984
0.4779871577134481
0.47550833834555223
0.4744270430196855
0.4751020591557835
0.47866899729379475
0.4852924236111317
0.4962422302082088
0.5100820028865954
0.5259869189448193
0.5502782299226999
0.5748005218536228
0.5933980838275106
0.6147233607209351
0.6424003567357877
0.6705910262146325
0.6857924972145861
0.6910238820247865
0.6901100844316704
0.6890302448189262
0.6891361010902025
0.6914335991109727
0.6928224952394573
0.6903753834455556
1.4251713912783468
1.3990554568616438
1.3733297659249901
1.3468257433748005
1.3210539699321335
1.297121504586886
