6070.919274918883
6110.427849171855
6152.478379301477
6136.341975969494
6068.884191796976
6038.990850805716
5893.944632514479
5734.933138263092
5599.859973757594
5483.987881516599
5398.738597965464
5314.745930372182
5230.971689899216
5205.430700410446
5238.678329874034
5265.394504649148
5287.628552368651
5308.310926568028
5287.029836991194
5239.819853452144
5175.1118906495285
5092.306796419311
4993.119282535472
4897.065200038662
4803.598167252627
4677.380890541653
4584.308926544481
4725.002901705219
4565.8979203743165
4463.229338139307
4393.512489729236
4401.058409416635
4343.383404943812
4287.795831269495
4258.733519166599
4198.655476768463
4285.355975036097
4383.042721052607
4512.976622596776
4694.02531750682
4748.2302317602
4746.694433030543
4736.76144331809
4747.05155105591
4829.94122428648
4852.379885704908
4868.181741223637
4883.941860880817
4899.568814914815
4915.004993519699
4930.238022769442
4945.283558195398
4947.250574439303
4977.968082318062
5007.409156696901
5055.148448880335
5077.52923973845
5099.605583189139
5122.793784061247
5146.2378364953765
5180.041387740729
5201.2940356366325
5222.547366409008
5243.78638959524
5261.993227072349
5313.820309303249
5366.482723869061
5407.989636705296
5444.835050735632
5479.347482996198
5499.516354813208
5517.34312422213
5540.850518124061
5566.167739699223
5587.331586546051
5607.1000760127545
5675.884489639415
5771.125444284544
5843.028461782249
5898.38203444316
5979.52120253466
6005.790569838326
6027.775590080367
6042.340939080127
6044.505253028988
6036.13710959284
6028.091330093945
5993.739622371518
5948.072524361976
5893.421242241728
5842.482570030786
5781.688599038199
5704.473716926586
5600.968759103277
5486.74542014614
5420.317205889236
5354.364409459636
5291.222934543735
5226.531885184421
5162.044141530534
5075.41140223282
4970.328984854103
4879.991600064302
4831.230291430371
4755.124837571548
4678.518208170898
4590.74137352534
4542.733468473507
4498.565620484618
4466.492677369469
4431.197337449449
4414.9646087132405
4400.39407563093
4408.8779169205645
4422.349501645801
4435.545973317254
4463.791692606158
4448.257100780749
4433.765109741003
4416.637429057599
4402.364584290591
4389.911424126791
4375.817863790179
4363.830584553694
4356.601988360686
4343.254248320947
4328.058661551537
4315.712391470914
4302.990800303048
4289.907172879144
4279.128198208921
4303.763397717313
4288.52378830305
4274.593337178677
4265.2145000620885
4289.744810703537
4272.421787188976
4253.169054084582
4278.285405220437
4262.619613849854
4248.5895088545185
4232.4558509076605
4206.976196055743
4176.11399040566
4148.307857475314
4134.45497677935
4128.597825665909
4136.35368435891
4095.6483754024725
4080.1907140606663
4065.320690245164
4051.997299238346
4039.7646805181253
3996.8851558960887
3955.536123030786
3915.7024468474137
3877.4844085939258
3858.5167077757387
3842.7046728367395
3832.9339809163585
3820.8610895762035
3809.039968971734
3796.0954484009826
3781.713661555414
3769.843154512132
3760.2883654076236
3752.118997583651
3744.4455321956643
3737.608086087895
3738.2077151147655
3747.483842708696
3767.245609316162
3779.6310810956406
3755.8554765547515
3732.0346818834814
3708.896500744226
3685.279254642653
3659.364034927138
3654.793840443373
3630.6220719519706
3606.0173141691944
3581.279346036269
3557.0319010872736
3534.7129188632666
3514.003292315161
3493.8144975172836
3474.919557630327
3458.5677665604403
3445.1055284510207
3431.2239417062956
3415.033880898087
3398.459891553797
3377.444025239581
3358.5540222246855
3346.033170602796
3332.7712199289936
3319.3073160983954
3304.397486535259
3289.7245986817534
3277.866508559469
3265.0148729811126
3252.2711380272426
3239.577950870308
3226.932856899014
3214.334842089719
3201.783831807942
3189.2808469445804
3176.8281567999884
3164.429156474376
3152.0879158150974
3137.938667850085
3125.7079866618583
3112.8505331502506
3096.9229828065468
3081.0005400112086
3065.189718798078
3049.472603701967
3035.928402878855
3022.4783859467025
3009.1253774391885
2993.131499938456
2975.4004939119445
2957.8142600530005
2940.371719994273
2923.0669101345306
2901.7091688766072
2880.56347731577
2859.6380265172525
2838.931100983723
2822.028139889143
2801.7317060336804
2781.648659166558
2765.3018060414747
2745.6237753798828
2726.1569709320183
2707.965037651386
2692.3602560000872
2673.499957701485
2656.9949525661764
2637.1734088635303
2617.5199497547965
2601.335341171899
2581.9865419907624
2562.877529408566
2547.271777671678
2528.6317770591118
2510.2368825995386
2495.2701487967497
2477.4022169068244
2459.794399463317
2445.2999321564557
2427.9425040127494
2410.827113717474
2396.8952863271156
2380.240160838345
2363.8172615793133
2347.6229063265705
2334.4671108841976
2318.706600561367
2303.1668658984668
2290.553417465325
2275.4203928617935
2260.4478114589297
2248.248050468553
2233.628628777259
2219.1692858690403
2207.4229377495058
2193.790448986931
2180.8618728666593
2167.9228073611557
2157.5045396971236
2144.84197405178
2136.019742077322
2127.3982838850493
2118.8689613735446
2107.915312444983
2100.3058466361235
2089.6259347175287
2082.7828548194257
2076.2459001714883
2069.8605110229723
2063.6892210577994
2057.7513353791437
2052.02122287212
2046.5330393049605
2041.34146445088
2036.3195941153683
2031.343349616635
2026.8517281225431
2022.5121045251444
2018.2754647231857
2014.1472097982294
2010.1423715945523
2006.2524749260415
1.4251713912783468
1.3990554568616438
1.3733297659249901
1.3468257433748005
1.3210539699321335
1.297121504586886
