72.15961987528107
55.540928610757284
42.74778020706863
22.429936772313148
22.329700018691028
22.230460637431886
22.132208704514913
22.034934394664912
20.527122961210885
20.431774811749097
20.337375392226157
20.243915262621456
20.151385076844143
20.05977558179854
9.024523132816729
8.934727627310721
8.845825602013079
8.757808166647184
8.67066651939615
8.584391946022636
8.498975818997408
8.414409596636583
8.330684822247454
8.247793123282808
8.165726210503676
8.084475877150389
8.004033998121903
7.924392529163279
7.845543506061253
7.767479043847809
7.690191336011669
7.613672653717645
7.537915345033742
7.4629118341659595
7.3886546207007076
7.315136278854757
7.24234945673266
7.1702868755915485
7.098941329113255
7.0283056826836745
6.9583728726793055
6.889135905760867
6.820587858173971
6.752721875056734
6.68553116975429
6.619009023140116
6.553148782944115
6.4879438630873825
6.423387743023602
6.359473967086959
6.296196143846606
6.233547945467484
6.171523107077551
6.11011542614128
6.0493187618394
5.989127034454821
5.929534224764643
5.870534373438238
5.812121580441305
5.754290004445865
5.697033862246128
5.64034742818016
5.584225033557315
5.528661066091361
5.473649969339251
5.419186242145463
5.365264438091895
5.311879164953205
5.25902508415759
5.206696910252926
5.154889410378217
5.1035974037403005
5.052815761095771
5.0025394042380436
4.952763305489538
4.903482487198897
4.854692021243224
4.806387028535267
4.758562678535498
4.711214188769066
4.6643368243475365
4.6179258974954
4.571976767081298
4.526484838153899
4.481445561482399
4.436854433101595
4.392706993861492
4.34899882898138
4.30572556760834
4.262882882380179
4.220466488992671
4.17847214577113
4.1368956532462375
4.095732853734091
4.054979630920443
4.014631909449048
3.9746856545141354
3.9351368714569226
3.895981605366148
3.8572159406825715
3.8188360008074205
3.780837949435915
3.7432179844235645
3.705972345184419
3.6690973042288473
3.6325891793861484
3.5964443186702124
3.5606591089804853
3.5252299740760704
3.4901533747675195
3.455425809440307
3.4210438151000084
3.3870039692360163
3.3533028929652824
3.3199372561708698
3.2869033285296396
3.2541985421150277
3.2218187256077675
3.1897610936579275
3.158022440475595
3.1265995921690046
3.09548940642714
3.0646887722055007
3.0341946094149983
3.0040038686139403
2.97411353070309
2.9445206066237453
2.9152221370588385
2.886215192136996
2.8574968711395563
2.8290643022104867
2.8009151822258858
2.773045610508258
2.745453345662562
2.7181356284393177
2.6910904947508865
2.6643136969320818
2.6378033327032395
2.6115578488658704
2.5855724140959904
2.5598455387221715
2.5343746500354345
2.509157200925688
2.4841921628404755
2.459476201994088
2.4350071314125774
2.410782907974617
2.3868016802400733
2.363061854896976
2.3395621887336464
2.316301915490184
2.2932809202160698
2.270499978121941
2.2479610807062054
2.2256678796054006
2.203626288734665
2.1818452985899195
2.1603380740233655
2.1391234295894326
2.1182278062315025
2.0976879115983555
2.077554236120349
2.057895721261853
2.0388059390232574
2.020411247707882
2.002881524331837
1.9864442464703407
1.9714029152658066
1.951787128511537
1.938614269187091
1.927708775780867
1.9197483745193196
1.9156234799195828
1.9165005761115608
1.919740879790949
1.9179276453672536
1.911448932325855
1.9006572980698602
1.885550683804403
1.8667891410261797
1.8482142787177211
1.829824239377318
1.8116171839857116
1.79359129182219
1.775744760282515
1.7580758046986602
1.740582658160343
1.7612878245123917
1.7925228257709342
1.774686925646102
1.7570284956927458
1.7395457700531542
1.7222370004401937
1.7051004559624796
1.6881344229512838
1.671337204789166
1.654707121740313
1.6382425107825616
1.6219417254410942
1.6058031356237945
1.5898251274582298
1.5740061031302708
1.5583444807242999
1.5428386940650272
1.5274871925608642
1.5122884410488666
1.4972409196412193
1.48234312357324
1.4675935630529091
1.4529907631118817
1.4385332634579955
1.4242196183292364
1.4100483963491643
1.3960181803837708
1.3821275673997688
1.3683751683242829
1.3547596079059465
1.3412795245773699
1.3279335703189885
1.3147204105242538
1.3016387238661755
1.2886872021651858
1.2758645502583232
1.2631694858697096
1.2506007394823282
1.2381570542110654
1.2258371856770254
1.2136399018830866
1.2015639830907068
1.1896082216979422
1.1777714221186915
1.1660524006631319
1.154449985419352
1.142963016136159
1.1315903441070516
1.1203308320553507
1.1091833540204667
1.098146795245308
1.087220052064799
1.076402031795516
1.0656916526264169
1.055087843510661
1.0445895440584971
1.0341957044312349
1.0239052852362476
1.013717257423041
1.0036306021803447
0.9936443108342283
0.9837573847472336
0.9739688352185154
0.9642776833849623
0.9546829601233143
0.945183705953251
0.935778970941439
0.9264678146065389
0.9172493058251588
0.9081225227387387
0.8990865526613632
0.8901404919884954
0.8812834461066124
0.8725145293037456
0.8638328646809065
0.8552375840643993
0.8467278279189987
0.8383027452619989
0.829961493578113
0.8217032387352222
0.8135271549009595
0.8054324244601289
0.7974182379329398
0.7894837938940618
0.7816282988924781
0.7738509673721431
0.7661510215934229
0.7585276915553237
0.7509802149184883
0.743507836928964
0.7361098103427243
0.728785395350946
0.7215338595060256
0.7143544776483364
0.7072465318337093
0.7002093112616394
0.6932421122042058
0.6863442379356959
0.6795149986629353
0.672753711456305
0.6660597001814508
0.6594322954316658
0.6528708344609532
0.6463746611177472
0.6399431257793006
0.6335755852867194
0.6272714028806476
0
0
0
0
0
0
