79.00597673318407
78.21985412988579
77.44155357716954
101.08451049437281
28.843350397146423
54.33244615769945
26.41192716905789
23.47376575943781
17.423127311543794
23.54517323129403
22.951974121213425
27.53744615940377
21.346558906676364
17.548413657059427
16.628287477084086
16.669973897369346
15.590319831608213
15.684383890242316
15.674330563881085
15.279660754196811
14.49391800473677
14.599955932339071
14.478103138695587
14.352852699637879
16.22205507529725
13.664869635205832
0
14.823696911291336
12.302271141059464
4.6338792274473235
11.270120019151364
8.727836666163057
10.820056785625638
11.020548460481223
11.113660944480216
18.839738992406637
16.315610890524113
20.193098692427156
20.947784489864716
22.281065683986526
19.338820008561015
19.313974904915085
2.194339373963885
11.457965680383495
19.855962785397423
19.08960168149497
19.072307668902795
19.066022265396896
19.0687137121422
19.076207324804273
19.08550143390312
21.12447222265473
18.655237424987718
19.848693107327563
19.857431752083357
18.135378119332017
18.152264276635833
18.16808579971257
18.188718482400873
17.91041704597592
18.261048053289414
18.199943800253095
18.1766209325433
19.799530898599187
18.177833514346275
19.725575970835052
19.7446224593441
19.928421945194714
19.726808236795478
19.93687612307258
19.692873407082516
19.7318524459115
19.790805678683682
19.872495382121997
19.974813684631954
21.02131636426202
11.172567132249242
1.930269948206842
28.106901689825463
19.991698729791096
20.52463607455138
19.552901017581462
19.240404912939994
14.439595857664244
15.081057495815912
24.765212817597785
26.46810071557411
27.944526692546788
28.520617747097276
28.57675624823605
28.751011676256894
28.146564495458733
28.064053535155836
25.321438162747654
24.942548541730503
26.20571824304352
32.4151916847768
29.344827263703337
27.486350775769097
21.23992817751423
20.312987199038616
20.42461178614758
19.16004375180637
34.5322905293433
19.22459861735115
13.129178215865977
27.414153637742857
14.666622833232395
11.588247982464964
5.868808137267479
2.605467692250386
0
0
0
0
0
0
0
0
0
0
0
0
0
0
0
0
0
0
0
0
0
0
0
0
0
0
0
0
0
0
0
0
0
0
0
0
0
0
0
0
0
0
0
0
0
0
0
0
0
-628642737865448e-22
-8710776455700397e-23
-12038799468427896e-23
-1658918336033821e-22
2279703039675951e-22
0
-22345921024680138e-23
0
30148657970130444e-23
29848888516426086e-23
0
0
0
0
0
0
0
0
0
2710730768740177e-22
0
0
0
0
0
0
0
0
-3084860509261489e-22
0
0
0
0
0
0
0
0
0.22902476484887302
0.22363434432190843
-66211214289069176e-25
-4787580110132694e-24
-34633558243513107e-25
-3245077095925808e-24
-18480932340025902e-25
-13533281162381172e-25
-10040821507573128e-25
-10040821507573128e-25
-10040821507573128e-25
-887666828930378e-24
0.2821692594297929
0
0
0.013210576740675606
0
0
0.3300614086620044
0
0
0
0
0
0
0
0
0
0
0
0
0.3576409025263274
0
0
0.3609271880122833
0
0
0.36818183920695446
0.37162718674517237
0
0.3809818057779921
0
0
0.4153242085449165
0
0
0.43025343015324324
0
0
0.4365446361480281
0
0
0.4395301210315665
0
0
0.44757583797036204
0
0
0
0.4582049384189304
0
0
0.46553305722773075
0
0
0.48463082799571566
0
0
0.12956706440309063
0
0
0
0.500936906420975
0
0
0
0
0
0
0
0
0
0
0
0
0
0
0
0
0
0
0
0
0
0
0
0
-0.37304640127148647
-0.37138868295243704
-0.3982768448883054
-0.36875765387062287
-0.3224842787069875
-0.32350029737789
