-39.89999999999418
-39.89999999999418
-39.89999999999418
-15.486486749970936
-15.161090297580813
0
0
0
0
0
0
0
0
0
0
0
0
0
0
0
0
0
0
0
0
0
0
0
0
0
0
0
0
0
0
0
0
0
0
0
0
0
0
0
0
0
0
0
0
0
0
0
0
0
0
0
0
0
0
0
0
0
0
0
0
0
0
0
0
0
0
0
0
0
0
0
0
0
0
0
0
0
0
0
0
0
0
0
0
0
0
0
0
0
0
0
0
0
0
0
0
0
0
0
0
0
0
0
0
0
0
0
-4511093720793724e-24
0
0
0
0
0
0
0
0
0
0
0
0
0
0
0
0
0
0
0
0
0
0
0
0
0
0
0
0
0
0
0
0
-1.6555387833650457
-10727089829742908e-22
0
-0.9621382589102723
-1.180039769722498
-1.1729994127963437
-1.1766856452595675
-1.1796182232355932
-1.211777997596073
-0.7327582984871697
-0.7089085029438138
-0.6369017491379054
-1.841016292499262
-3.1331139352259925
0
0
0
0
0
0
0
0
-305633875541389e-21
-3025925252586603e-22
-2995802788063884e-22
-0.06586814954061992
0
-0.06420580581470858
-0.06536427761602681
-28597423806786537e-23
0
0
0
0
0
-0.0008410782902501523
-0.0012569063837872818
-0.0012442294537322596
-0.0016474251897307113
-0.13708471196878236
-0.27037106786156073
-0.26761712177540176
-0.2650781439006096
0
-1.7047543593216687
-1.6808548361586872
-1.5157164733536774
-1.0206679618277121
-1.0096089904836845
-1.4655126757716062
-1.429463781634695
-1.463060775800841
0
0
0
0
0
0
0
0
0
0
0
0
0
0
0
0
0
0
0
0
0
0
0
0
0
0
0
0
0
0
0
0
0
0
0
0
0
0
0
0
0
0
0
0
0
0
0
0
0
0
0
0
0
0
0
0
0
0
0
0
0
0
0
0
0
0
0
0
0
0
0
0
0
0
0
0
0
-0.5558131526049692
0
0
0
0
0
0
0
0
0
0
0
0
0
0
0
0
0
0
-0.35737542498100083
-0.37304640127148647
-0.37138868295243704
-0.3982768448883054
-0.36875765387062287
-0.3224842787069875
-0.32350029737789
