3047.859218709571
3085.14065497002
3111.0230365279913
3112.7546442869807
3092.6802642958205
3091.864495929964
3023.2406164302743
2950.860478620067
2882.1807684901814
2814.727078201639
2767.9896753927246
2721.519034728361
2678.7932390587976
2661.3228191507337
2669.895612791048
2677.5407376108274
2684.4171704404025
2690.0605129608975
2672.919677830992
2642.586107356662
2606.015794721634
2554.300779835853
2498.3534411482096
2444.164365635265
2391.230905271413
2323.3659325400517
2275.4610123676152
2345.816648131314
2265.515915575278
2214.0227850872234
2179.1574741020413
2182.6294680544347
2153.4712561347105
2125.3573085547246
2110.5004076061055
2080.128712523517
2123.1401154717846
2169.4149801161916
2234.2838520962346
2324.7033434261834
2351.6968114541514
2350.819045072136
2345.7462184368355
2350.800538253591
2392.129318356795
2403.1727098153674
2410.865774610168
2418.531457676851
2426.133520436147
2433.649166560894
2441.0741078094143
2448.4155643283266
2449.2262997403204
2463.8730246141067
2478.4438900222563
2502.1664748115845
2513.211087303011
2524.10345662983
2535.5501099844623
2547.120137396448
2563.616191868838
2574.045298636976
2584.4115651551315
2594.700496316619
2603.4235594079855
2629.029171812143
2654.953736875758
2674.7329284216635
2693.338849052746
2710.1781603144955
2719.8363803503134
2728.3305844016368
2739.685917632814
2751.983531881708
2762.2570049426704
2771.899782222881
2806.1058095911803
2851.81568865846
2888.0210248319677
2914.114385758524
2955.457267844595
2967.3974448761746
2978.386963873763
2985.483253448372
2986.1115575431336
2981.6998021014356
2978.3398120799743
2959.9784429660617
2936.792693631585
2909.364802503066
2884.0142962701043
2853.8041207817682
2815.6895426031083
2763.294732519148
2706.6224842565043
2674.2967575388716
2640.4324928425117
2608.9564177314746
2576.875024456222
2544.8606196274686
2501.2367634194343
2448.1031788937285
2401.852411574932
2377.1119476022536
2339.3851342169796
2301.4426739536702
2258.2714157236046
2235.4036464164183
2215.0066721152034
2199.879533029649
2182.7466656962124
2174.669655566229
2167.079623759108
2170.7419630276013
2176.9621176123474
2183.182490159873
2197.00884466718
2188.9841377335924
2181.491448619424
2172.7407658100005
2165.3201916111566
2158.803574617411
2151.469999582988
2145.3866289254925
2141.60175119399
2134.559242787955
2126.507311708615
2119.9516050315574
2113.355956434844
2106.70917329243
2101.2634862767873
2113.509259793685
2105.8408678210003
2098.7732628135172
2093.9902425711452
2106.207355379151
2097.569057228209
2087.8505178914934
2100.462199023535
2092.6733107997457
2085.6541332443144
2077.68471374465
2065.741854446574
2052.2582470731304
2040.1897495523565
2034.1546958579033
2031.0412260564096
2033.5353821526828
2012.9848895034693
2005.0279421700402
1997.3644809696498
1990.6782027705895
1984.461158081328
1962.8859695047809
1942.0052177833559
1921.8742731088948
1902.5504826871006
1892.8746709976535
1884.9917795065742
1880.2670533241567
1874.2064572302952
1868.2904251936257
1861.7431668540146
1854.2924434569459
1848.1015321506948
1842.9738545037314
1838.7253320035263
1834.7744014161112
1831.3506919082067
1831.8629193730387
1836.684130871891
1846.7776619201065
1853.2321730628112
1841.7589753338148
1830.1752276441628
1818.7755705083598
1807.1383010897123
1794.3630121615438
1792.2669882809605
1780.3965127917404
1768.2709549820597
1756.0986945181608
1744.1231539333394
1733.0226758509245
1722.6727401256944
1712.5644455973434
1703.1274375953442
1694.9463071209698
1688.2076319933913
1681.302059418012
1673.7150597063976
1665.9355997231298
1655.934290321191
1646.9017120222197
1640.8927647377368
1634.512656421407
1628.0309612657395
1620.8257433361894
1613.7383752749292
1608.057571228235
1601.8787896765207
1595.7522433988215
1589.648758061154
1583.566782005183
1577.5056672358442
1571.4653381664345
1565.446289408743
1559.4496107597759
1553.4769115788845
1547.530115668611
1540.6762339072754
1534.778462564209
1528.5652620410283
1520.843586136405
1513.120785505473
1505.4500749107742
1497.822496716792
1491.2777032724898
1484.7764208589467
1478.320191459259
1470.5402440895907
1461.8886692923334
1453.3067398484643
1444.7944997013872
1436.3501409060502
1425.8783230009883
1415.508514434026
1405.2441491524214
1395.084782877426
1386.8235755990327
1376.862217381449
1367.004517759662
1359.0122349009116
1349.35202132733
1339.7954151457861
1330.87459586246
1323.2461098782715
1313.9891227325195
1305.9445675718089
1296.2452007206803
1286.633325605462
1278.7625757490932
1269.312073021887
1259.97999200756
1252.397881914375
1243.297145555557
1234.3173830767466
1227.0492336903653
1218.3267430853566
1209.7319680552173
1202.692527221963
1194.2203986747077
1185.8680677722639
1179.1063350634897
1170.981858115034
1162.9725034092514
1155.0765388845787
1148.6990529589432
1141.0184072058764
1133.4472702538965
1127.3384495084874
1119.9699570380503
1112.6850384382515
1106.7883993091812
1099.6776787959514
1092.6420032477724
1086.9585467391225
1080.3157406578607
1074.0140091968105
1067.705631421591
1062.6558345309827
1056.4819724088297
1052.226446294066
1048.0695846062802
1043.9571793047787
1038.6311310577514
1034.975888541105
1029.7843378546295
1026.5103915439927
1023.38886623512
1020.3425947879697
1017.4033348966504
1014.5807309624372
1011.8615979240606
1009.2631567536386
1006.8130870392642
1004.447925659259
1002.1048677495457
1000.0028501390253
997.9752332183459
995.9975206089075
994.072496434128
992.2078109046566
990.3991874337079
0
0
0
0
0
0
