6558.524278926286
6633.733916501991
6729.945278031682
6745.27685122774
6721.077768617785
6754.37196998826
6632.831181092847
6506.108719314733
6381.8949884353015
6246.77569018178
6160.80896466059
6075.1722211885035
5999.069206524557
5991.3727684455735
6051.619106442389
6101.370713185146
6146.253148759729
6183.559361906756
6165.012549200893
6136.871049209683
6094.101732661293
6017.223049751004
5932.519246194782
5851.132736218187
5772.507073937984
5648.649443539638
5571.774243010304
5742.801780307704
5565.711481879592
5468.785180393224
5415.8621265553065
5421.725331404554
5317.254359584411
5201.011622573146
5148.986009459685
5063.974765161671
5195.992545402194
5314.873780793503
5462.339902400777
5673.039555619303
5739.525060828208
5764.619197885003
5789.748715549442
5816.655938608986
5927.245648454951
5963.675740061627
5994.809789680175
6025.92378913679
6056.883097024801
6087.600203577988
6118.050079666216
6148.246969755392
6165.263169923001
6210.813746612976
6255.317930951736
6321.113879248058
6360.076723616619
6398.714195133647
6436.405691849532
6471.087677368264
6510.798468051139
6539.023040675878
6566.505857456112
6591.469138901677
6614.447222963579
6679.005953186912
6742.22845274682
6786.661094482023
6824.17302243775
6858.369281060918
6874.483290485343
6895.350145378677
6923.729245012707
6954.4404999726985
6983.865867162553
7011.700532740036
7098.233412251116
7156.1453612342775
7252.057850982765
7324.503702676287
7439.13698319301
7469.951505882409
7500.409932497365
7521.275595848982
7524.837738224804
7512.793886002543
7498.75413801842
7447.46671546316
7381.267773713815
7307.481120857177
7244.040886129403
7167.676368816921
7063.794706660662
6933.42290460745
6795.532564149805
6676.358497030172
6546.7168608384145
6433.508497317783
6320.308626187651
6208.950570675107
6070.183561912936
5910.722856594546
5785.055284186998
5666.458904843599
5539.158893663412
5417.574272716401
5303.093290521007
5212.1978711609345
5128.5183739167005
5060.6808979968655
5004.4573400905965
4982.4219652126
4963.462359782771
4969.083496851978
4978.81061058468
4988.0665739783535
5013.741156487011
4995.994717150863
4979.475998892831
4959.597121567629
4942.806812148159
4928.620868003919
4912.611348892025
4899.454315108065
4891.537728101847
4876.030461276696
4858.47813105417
4844.733405092383
4830.89712027709
4816.707699455166
4804.679974548311
4827.666412379652
4810.280153958609
4794.432255711659
4783.418153976693
4806.079898773909
4785.869561852968
4763.409878147244
4785.319861654031
4769.105998251145
4754.570684882619
4737.6712304302955
4711.5639871253625
4682.5087138036215
4650.477272494831
4633.557601965628
4625.092056932787
4629.544146963464
4588.531809045556
4576.4055670842345
4564.228803920237
4551.642381921261
4540.828605254907
4500.984063864891
4462.803460866622
4426.576622938775
4392.157109493821
4375.459768182686
4362.079162622026
4354.111972749559
4343.687999372501
4333.2368160764445
4322.388990987673
4310.268346234022
4301.067784393573
4294.58792766186
4290.834392568463
4289.544292161527
4294.083634886835
4309.46719697065
4341.046159069963
4382.98288423497
4411.103112155398
4385.101538548143
4358.68042671648
4333.333606457394
4306.955770100703
4277.2872583772
4267.498525844301
4238.166967364505
4208.677327306176
4178.67234311963
4149.50590405568
4122.058003321398
4094.8729694265226
4068.5027529598933
4043.4346904311515
4019.5438908656324
3998.8482790231737
3976.3195574985243
3948.294440182061
3919.563211883624
3885.865776097918
3858.2856838774005
3842.2774574904306
3824.93488632461
3807.2580218646776
3789.4787702128947
3772.128550535115
3757.511689791115
3741.471606375164
3725.569463915482
3709.748762366966
3694.0041790025844
3678.332825930695
3662.733248183517
3647.2056022533948
3631.7518957363723
3614.5842850626855
3593.1070432947117
3572.565536226214
3548.4600910296917
3524.4512386603647
3502.6086230663996
3476.858451598859
3451.3185711395136
3429.5002148694493
3407.2509762579393
3385.177552587677
3363.2805908574323
3341.5600577441733
3320.0149908558305
3298.64264068518
3277.435752883229
3256.377517219675
3232.740478421165
3209.3504515947607
3186.219485579155
3163.3408126856884
3143.7402993967053
3121.318261420014
3099.127931187095
3080.1032213507906
3058.3369185536467
3036.7876133703244
3015.716426889226
2997.406661257216
2976.450695451114
2956.0086447836125
2932.780601625573
2909.6851052129346
2889.3373498326596
2866.4494296835624
2843.798489384353
2823.9774430865477
2801.7835207701587
2779.8277519355634
2760.622660084274
2739.183167603984
2717.9973095163587
2699.433060428873
2678.6890504096955
2658.1721176558626
2640.1755465554606
2620.0868724714032
2600.215715432511
2580.5579383469285
2563.2873633361655
2544.0296710073017
2524.978608852982
2508.219299847622
2489.5380118819367
2470.9755353370324
2454.554467271081
2436.359970468712
2418.4095554077576
2402.6141264267603
2385.8822139410004
2369.9171217104554
2354.1961038651207
2340.4226895633865
2324.9346004096606
2311.9769522572933
2299.1973257015875
2286.46084736336
2271.883217285486
2260.4971629222014
2247.44444935224
2237.220015187593
2227.349205542257
2217.700763785158
2208.414153896156
2199.5277317382906
2190.9827139542654
2182.8519982314992
2175.2589205451886
2168.16247370412
2161.292423671506
2154.789883628852
2148.4922549944986
2142.313092850082
2136.267918237374
2130.3921302736394
2124.670250210572
0
0
0
0
0
0
