0.03628300745817379
0.05086082191699549
0.06653733053797767
0.08064303765187399
0.09648556368973707
0.11745660280991384
0.14016588877148273
0.1618282171910369
0.185803038994795
0.1872433805699697
0.17953228204189925
0.1712455211196534
0.16240969965011814
0.15305449907290672
0.1432113522089625
0.13291253140953183
0.12219053665697507
0.11107768713653421
0.09960584778217804
0.08780624398491493
0.07570933441095327
0.06334472221408996
0.0507410927044689
0.037926169101032046
0.024926682053861733
0.011768349301079704
0.009091608750482032
0.00932558194300865
0.009549408893968162
0.009763279060698876
0.009967394525698729
0.010161967064703929
0.010347215731457613
0.010523365890868861
0.010690652964442155
0.01084931549259608
0.010999593780902255
0.011141729213711779
0.011275963561978344
0.011402538084017783
0.011521692791179169
0.01163366588151755
0.011738693276017783
0.011837008647708425
0.011928845893448895
0.012014416063193622
0.012093919144361451
0.012167564580614503
0.012235560385568927
0.012298111803458632
0.01235541990744159
0.012407680654082053
0.01245508443144514
0.012497815943376733
0.012536054317056424
0.012569973332700015
0.01259974168148141
0.012625523393518651
0.012647478491306697
0.012665764377336802
0.012680539159142615
0.012691972179239586
0.012700263115210515
0.012705627321497142
0.012708254637677902
0.0127083152900664
0.012705950878182243
0.012701272389995627
0.012694393287507624
0.012685427833375923
0.012674471379660879
0.012661611873364443
0.012646932336706421
0.012630504258403497
0.012612397077897294
0.01259270077407395
0.012571519059684188
0.012548937239271469
0.012525002938195773
0.012499740441990512
0.012473168920107986
0.012445314290745461
0.01241623471647069
0.012386016369291465
0.012354725137662732
0.012322427101014092
0.01228915848454528
0.012254908037214216
0.012219697237937078
0.012183636446796767
0.01214693078291861
0.012109982099656491
0.012073425034766317
0.012037946384715678
0.012004068176129638
0.011972385034627601
0.011943478143610275
0.011917512798735727
0.011894394279541923
0.011874393558724198
0.011857873642795577
0.011844486565187318
0.011833236478266246
0.011822381682395078
0.01181035526416573
0.011796211674537089
0.011779460942576555
0.011759881931711545
0.011737319821331905
0.011711654523613746
0.011682849232692468
0.011650952121830666
0.01161604419811844
0.011577986400396846
0.011536699177037762
0.011492386496932605
0.011445195620973922
0.011395320399489865
0.011343113514106697
0.011288926037802745
0.011232346002636995
0.011173977874530866
0.01111465328085585
0.0110546771869753
0.01099418949677216
0.010933163405689925
0.010871388286898745
0.010808891404411176
0.010745643248365666
0.010681531120168865
0.010616344366120745
0.010549800222065107
0.01048173352452184
0.01041189273475302
0.010340283943323154
0.010266903835818917
0.010191264114033916
0.010110998575392278
0.010027055733632897
0.009942324895005586
0.009857789819951855
0.009773650426454568
0.009689731904152392
0.009605297571135948
0.009520213627620424
0.009434404686178628
0.009347338495508662
0.009258412535448308
0.009167392045978823
0.009074815841765341
0.008980351028614391
0.008884681016299016
0.008788695493711913
0.008692565201219363
0.008596496563883149
0.008501465678421298
0.008408738083187435
0.008317425161111353
0.008225446054801112
0.008130812549565552
0.008033024452913779
0.007934541157372585
0.007838999781185345
0.007749461715418754
0.007666079962767365
0.007585417999524937
0.007508393071611319
0.007434600753941425
0.007361858229873239
0.007289255620508131
0.007216710505821837
0.007144383939576691
0.007071943877321733
0.006999266387615463
0.006924752526175702
0.0068502518253207075
0.006780073403022661
0.006715575949436038
0.0066568173705481345
0.006602546322983856
0.006551442746186152
0.006502359656591688
0.006454441039172162
0.006408276121035998
0.006364299901616195
0.00632255158584615
0.00628285897782319
0.006245024568796296
0.006209169512861593
0.006175698139320374
0.0061448772160443196
0.006116522654034873
0.006090120105765657
0.006065106043008075
0.006040942983912131
0.006017052100005518
0.00599296029968068
0.005968310481571085
0.005942958909654687
0.005917528150072494
0.0058933339022610495
0.0058711934882477775
0.005850695376443662
0.005830885755624257
0.0058110402377105266
0.005790880795465822
0.005770516480899926
0.005750242755190932
0.005730280392856952
0.005710651684998893
0.005691288713354078
0.0056722096808856
0.005653571597536008
0.005635573608291566
0.005618311451536163
0.0056017103374753
0.005585551612354152
0.005569538169379043
0.005553329299614945
0.00553650876628834
0.005518441670664944
0.0054977989988423594
0.005470924740469526
0.0054272944709479656
0.005368953303088723
0.005337164837601042
0.005318501469454274
0.005300496705749674
0.005282014190032816
0.005262957038900317
0.00524328266977305
0.005222951396641326
0.005201918734253553
0.005180110897753724
0.005157399907853568
0.005133546197021643
0.005108081301048858
0.005079977252368589
0.0050465367999243
0.004999736710946517
0.004932637215237156
0.0048823386230260795
0.004851096068238375
0.004821050423017621
0.004789202530694611
0.004753683950215737
0.0047084745158203125
0.004652127722520315
0.004604557054978381
0.0045595303556485774
0.004512526801830677
0.004467227852021074
0.004424477317626621
0.004382375137381006
0.004339743992031732
0.004296148210640579
0.004251451015777194
0.0042057684011242895
0.004159333739492181
0.004111721218661357
0.004059288812480667
0.0039912457781626
0.003925191207593402
0.0038843919570397054
0.0038480227304808685
0.00380952252842493
0.00376500920114104
0.003708480965737689
0.003648212050284947
0.00360274922861308
0.003563141735963552
0.0035229131805492634
0.003481007776267578
0.0034370456613327153
0.003390394848555362
0.003339552994763078
0.003281519590123951
0.003211013089597778
0.00313118050345603
0.0030474323568349592
0.0029422513568988424
0.0028272354367924525
0.002718849577717847
0.0026012332533344785
0.0024712239450276527
0.0023416836593575293
0.002239366728237899
0.002156680671077652
0.002085337516109223
0.0020142550955075302
0.001942894266502562
0.0018686817052486402
0.0017980654178879813
0.0017392817004532797
0.0016855588253410908
0.0016332198632843654
0.0015820072794870545
0.001532182717482039
0.0014840159007756953
0.0014377186738932792
