0
0
0
0
0
0
0
0
0
0
0
0
0
0
0
0
0
0
0
0
0
0
0
0
0
0
0
0
0
0
0
0
0
0
0
0
0
0
0
0
0
0
0
0
0
0
0
0
0
0
0
0
0
0.0009603820888937143
0.000906259518525248
0.0008544911738447897
0.000804939669088452
0.0007574781782074703
0.0007119853543587963
0.0006683379035088474
0.0006263929253833056
0.0005859538637242915
0.0005467052421409586
0.0005079224228599101
0.0004683600141552946
0
0
0.0026514874415402017
0
0
0
0
0
0
0
0
8055712128058122e-20
0.008277491529572578
0.004148977131346328
0.00855371097616485
0.004722395864081358
0.00873721292782293
0.00874609492087307
0.008715775246736054
0.008642106457093773
0.008532654473534447
0.004647902990302786
0.008387866748928809
0.008361003644660506
0.008371446723926495
0.00844436475225101
0.008566583525076497
0.005171541017918126
0.008868015259084162
0.009003563055479372
0.006127798909373224
0.009237225391535058
0.0065589059529156685
0.0037532090090941564
0.0006966725769043099
0
0
0
0.0010799538636721354
0
0
0
0
0
0.0006961749923573056
0.0006847584750302475
0.0006675428495372973
0.0006491325396218481
0.0006352150451804971
0.0006223447441366977
0.0006071630243165189
0.0005912910158067982
0.000575390798638335
0.0005597077559327297
0.0005442435856184464
0.0005289972259170424
0.0005144653336963717
0.0005005108988642744
0.0004871288831243034
0.0004745847327691828
0.00046247649097109074
0.0004489947168306905
0.0004365852500698471
0.00042456666368262814
0.0004120107366378842
0.00040266626795127243
0.0003940427593052173
0.0003847043259175328
0.00037414539514224877
0.00036379261962871524
0.00035517476633329254
0.00034674353310171625
0.00033843366079700367
0
0
0
0
0
0
0
0
0
0
0
0
0
0
0
0
0
0
0
0
0
0
0
0
0
0
0
0
0
0
0
0
0
0
0
0
0
0
0
0
0
0
0
0
0
0
0
0
0
0
0
0
0
0
0
0
0
0
0
0
0
0
0
0
0
0
0
0
0
0
0
0
0
0
0
0
0
0
0
0
0
0
0
0
0
0
0
0
0
0
0
0
0
0
0
0
0
0
0
0
0
0
0
0
0
0
0
0
0
0
0
0
0
0
0
0
0
0
0
0
0
0
0
0
0
0
0
0
0
0
0
0
0
0
0
0
0
0
0
0
0
0
0
0
0
0
0
0
0
0
0
0
0
0
0
0
0.0016855588253410908
0.0016332198632843654
0.0015820072794870545
0.001532182717482039
0.0014840159007756953
0.0014377186738932792
