4.5418757502346025
8.234121695718969
11.359193795909388
13.92061040223009
16.12558580254618
17.820905162799743
19.059452954613548
20.067267784812717
20.620269791116204
20.900183127275497
21.053012442480963
21.09909194816501
21.056743812370417
20.94222653350461
20.769698582459142
20.55127954264751
20.29719502968024
20.01597099826627
19.785996592183302
19.69355314803518
19.597380020106296
19.500671744153326
19.405899917699557
19.31494910873822
19.229231978208883
19.14978530693736
19.07734884349563
19.01242823854544
18.95534320507936
18.90627199945546
18.865281128270492
18.832344906377628
18.80736096337485
18.790183717421563
18.780646830606806
18.778556607948385
18.78369722200969
18.79584213124503
18.81476057539188
18.84022150999541
18.871996037785102
18.909859206517638
18.95359130094158
19.002978651453358
19.05781520923098
19.117909958950275
19.18305143128072
19.253047147935572
19.327714620272417
19.40687972734697
19.490375965550545
19.578043616928614
19.669729145890468
19.76528480083384
19.86456835874351
19.96744297589998
20.073777158139986
20.18344491465408
20.296326354583265
20.412309526829702
20.531296496520795
20.65322291921924
20.778087961351833
20.90591875286956
21.036651609555772
21.170131744288838
21.306201056227437
21.44473379156093
21.585656153900995
21.72893172483598
21.874502801771524
22.022285562868213
22.17220022380196
22.3241716276601
22.47812284402063
22.63398839122263
22.791717720654397
22.951252515354664
23.112508630147662
23.275389443281338
23.439807443079378
23.605693677862455
23.773012952380363
23.941780328397073
24.1120568687755
24.28394018692
24.457493935536938
24.632715380218038
24.80956963864418
24.988019829820466
25.168004463756045
25.349429272780103
25.532212450395914
25.716340173109202
25.901760907529134
26.088420436056694
26.276500917282892
26.466320351776933
26.65798782385878
26.851678085212786
27.047849184535817
27.246688795173288
27.447662069743263
27.649652881201014
27.851616497259354
28.052949081925433
28.25334217709825
17.573110478201972
6.418561882044766
0.22030958862512887
0.21996181315324445
0.21966818344586742
0.21933823116993187
0.21885542510432704
0.2182870866580213
0.2177044674523217
0.21707809010334247
0.21639859001703055
0.21566811316347928
0.21489364704368602
0.2140669735343991
0.21319024881668988
0.2122828456398314
0.21135096407702
0.2103920932800595
0.20941373629437676
0.20844786940136106
0.20744612108682656
0.2064215296936608
0.2053904056706196
0.20427355996338942
0.20311514725519791
0.2019405819720862
0.20075494479221542
0.19952982447388876
0.19823457938971248
0.196890409618644
0.19545129629190547
0.3894049133159486
0.5818471182243483
0.7727678637647312
0.9621704232142272
1.1501471607635183
1.3366905196715373
1.5217263112831954
1.7052252549439941
1.887143233663341
2.0673927251986126
2.245925395402779
2.42266875871784
2.597538375822257
2.7705419214477227
2.9417301926171153
3.1111108056952395
3.2786550817715017
3.4444098540064525
3.608430809814629
3.7707414679555176
3.9313410412903522
4.090258321346432
4.24742640752596
4.402763460345889
4.556285981063187
4.708088232437832
4.85830105521224
5.006970517245191
5.154184173538631
5.29997849136707
5.444345457848693
5.58732934646286
5.72895920577523
5.869275715718289
6.00829823760101
6.1460409127556686
6.282434045196653
6.417457602741187
6.551157013325015
6.683594185566448
6.814843219305406
6.944983210894702
7.074109326589595
7.202285244640705
7.3295610405403915
7.455979456531182
7.581598178985796
7.706466951282885
7.830605210498057
7.9540227417652
8.076744829429652
8.198853620921568
8.320419661983088
8.441499297289566
8.562134270960588
8.682353641087886
8.802174719964754
8.921604008800703
9.040635245532304
9.159254319537323
9.27744491314115
9.395203469682462
9.512552821912823
9.629532061396535
9.746171881529442
9.8624837179581
9.978464352730745
10.09410488618095
10.209398573032741
10.324344689470443
10.438947158059483
10.55321062027083
10.667138594385369
10.780735130402201
10.894007533291086
11.006967178389118
11.119627433046173
11.232000235139466
11.34409320056778
11.455908033149047
11.567439627110605
11.678674520754992
11.789586465766988
11.900122418671796
12.010155659641633
12.11934736680183
12.227396637272392
12.334829442885995
12.441907417224877
12.548643836228413
12.655029370306236
12.761052833319557
12.866702264400267
12.971964964002337
13.076827357720049
13.181274357030077
13.285288227989177
13.388846324959873
13.49191648865876
13.594445804814493
13.696327039454383
13.7972914929922
13.896929330334977
13.995572534740782
14.093601936904928
14.191042540412308
14.28785931493385
14.383979407178431
14.479208120716889
14.573318766229237
14.666483585753806
14.75875351361841
14.850089692463348
14.940526637344803
15.030115442016921
15.118869172124379
15.206777590395959
15.293822095800254
15.379981641072451
15.465237605255199
15.549575877068827
15.63297328532349
15.71533246972404
15.796336693232092
15.876017332087901
15.954876129383443
16.03300217093423
16.110353451406652
16.18681004686309
16.262131714984793
16.336243444591734
16.409441093602677
16.48184151200353
16.55343195545951
16.624178484599216
16.694039561225075
16.76296087947825
16.830857529936022
16.89758533560502
16.962895066233937
17.026600670321574
17.08862294446413
17.148530100660754
17.206120656082987
17.261522466637174
17.314546294437342
17.36493941837001
17.412706485769966
17.45838824491465
17.502374243802333
17.544889847022187
17.585938229112504
17.625511576627936
17.663550741901986
17.70012562929665
17.735471409040542
0
0
0
0
0
0
