115.5739932161087
107.47920593546971
65.9970198635972
61.81180434526187
67.25202594999676
65.45230095536235
61.5548358574537
58.07032357929669
55.584290641552
53.907484232821346
52.76867094581102
51.95842442905509
51.35885707773133
50.86423372081796
50.44690328054395
50.06826764589189
49.719638905105946
49.434444297774185
49.40141452636171
49.396581836425334
49.43205738568454
49.50879336630248
49.74777584904608
50.02950693024295
50.23868939551305
50.49476299350616
50.79892019473868
51.15313384901823
51.55848684376944
51.42220478318846
51.33629289232544
52.005093732385234
52.739216383162784
53.49762005750638
54.29197653219616
55.12413181494916
55.991566128353384
56.89104771250002
57.194931973614686
57.53463954634751
57.90364766435037
58.294088490464105
58.69553148225275
59.080874228948815
59.52666322397975
60.12496615533818
60.81574311806454
61.537625673400875
62.268745616647536
62.99452724124171
63.70968591513538
64.4147060967468
65.112711428381
62.45275444394512
63.1480266752445
63.84682291870308
64.55179875214282
65.26554690959256
65.99135970379135
66.73523518017437
65.09625982964316
65.95188169245995
66.95245277466698
68.11966812102192
69.41100015894713
70.7635321083945
72.11954478592973
73.45489312967165
74.80238381583585
76.19854399037447
77.62341878651416
79.0397395121787
80.41808270134604
81.72288707487462
82.92054285039504
83.97886479314813
84.88159786482404
85.66807446161572
80.82034142331523
76.15964107771494
76.84524619256653
74.65120992041115
75.19306799233071
76.10810624609672
77.65224797602605
78.78631329110492
79.7165493419051
81.01732236421918
82.3611716771808
83.14293828878503
83.33345956972508
83.32451173355338
80.07369177959804
79.8995600743095
79.39643939351863
79.2558826313341
80.07045731331046
81.57549393829926
82.94170038766241
84.58835420728738
86.31281199765452
88.18739576512468
88.88887582180872
89.85188392680408
88.41970010502918
86.7606878752242
86.01489938674682
84.30786293687704
81.4143157410884
79.86825193177903
79.3880238120715
79.85029348523292
81.03666761484888
82.63479663417566
84.13994464430506
85.35763836306377
86.38966344869966
87.32457122771943
88.22185185656765
88.98856238488403
89.94406643321727
90.90491469537841
91.85198837642146
92.56145014741965
92.90490812289424
93.92722204747751
95.13062677673233
96.1814688587157
96.93615342929189
97.37972694900992
97.69306766262883
98.05775233222529
98.34169819088514
98.71867115978812
99.06250004537934
99.32532812499758
99.45761910950725
99.81581457941691
100.28283437264295
100.55937218679743
100.98383086560881
101.19615184646604
101.30792441548121
101.5671368569534
101.87986744405397
101.92486587674026
102.07193073380421
102.39963691640288
102.83612987068844
103.59675464221634
104.38666745768832
104.62583244948692
104.935821074086
105.47205834147428
106.16387439570289
106.70226313059914
107.11224321065637
107.45365707649285
107.16164716931216
106.95669374912612
107.25362074107433
107.34596926774127
107.48112913211592
107.9110188540661
108.37600670111867
109.04813329045653
109.40137761411184
109.80053399743329
110.3113532931459
111.00000236967827
111.78645457235325
111.84283069462796
111.2998009975983
110.76195397958031
110.22924137980895
109.70165207090666
109.17921924983668
108.66198580408857
108.14999768645315
107.64328220922215
107.14186621845666
106.64575026356185
106.15493146405993
105.66941650319387
105.18920983899035
104.7143099809831
104.24470654701749
103.78039162791403
103.32135925714556
102.8675971942709
102.41909689499732
101.97584788507652
101.53783305624098
101.10502781135732
100.6774005973401
100.25491216773112
99.83751785416037
99.42516841377133
99.01781236983197
98.61540534421604
98.21791846092196
97.82533242515866
97.43762282763821
97.05475368626654
96.67668024702897
96.30335438346705
95.93472928989053
95.5707617652089
95.21141135790408
94.8566380147892
94.50640101325142
94.16066000041079
93.81937665780003
93.4825152079756
93.15004117827635
92.82191936748217
92.49811213632546
92.17857848791017
91.86327356351454
91.55214775192606
91.24514407405326
90.94218984848416
90.6431687264549
90.34783811224573
90.05597978818176
89.76787129544857
89.48363007222717
89.20322446957869
88.9266095835489
88.65373972708238
88.38456908030767
88.11905171281416
87.857141503608
87.59879176099062
87.3439545492472
87.0925793382596
86.84461025829351
86.59997938529592
86.35858667057843
86.12023584622193
85.88464701370697
85.65198579640062
85.42244640331575
85.19600948670029
84.97262000783466
84.75220069932486
84.53460211067225
84.31965730381923
84.10743851327634
83.8979436533622
83.69111659133029
83.4869454638447
83.28542860087542
83.08654164698373
82.89024628441113
82.69649916089539
82.50525549536957
82.31647212995298
82.1301089684848
81.94612111407672
81.76442036963638
81.58478970899995
81.40722396423477
81.23199672180817
81.05913134352173
80.88857258038932
80.72021871704035
80.55389606143785
80.38953026109859
80.22726997046856
80.06715696563141
79.90915563451475
79.75321796735864
79.59929166833427
79.44731722946368
79.29721779324359
79.14888093831122
79.00213147310771
78.85682893039203
78.71289777890017
78.5700535680447
78.42815097488058
78.28724276834025
78.14719179659382
78.00782327663964
77.86911719597953
77.73137565743549
77.59481425742143
77.45954124128207
77.3255352709247
77.19277013919154
77.06118902907691
76.9308127335716
76.80176132346769
0
0
0
0
0
0
