2518.1721474305778
2519.4044825993237
2538.2485736836043
2541.2768437154045
2513.0003599038296
2511.219783005784
2464.622774608533
2415.685541075105
2374.959543719853
2340.0281255356554
2301.6667356410426
2264.318713363264
2219.964858229883
2202.995479843738
2213.383792845124
2224.6724802143985
2232.526872071517
2231.849185853279
2222.510826495154
2202.1147524216185
2173.7475081209614
2141.990172327956
2104.704192488282
2065.6541423816025
2026.8852692145035
1975.5340141146144
1933.3258778154025
1986.772564008769
1913.7171491135357
1873.1540418687312
1840.9830732440264
1847.6191143804172
1816.8861985021622
1786.303380079279
1772.9438585404105
1737.0944242541161
1772.2965895025188
1810.0716376204778
1860.5327304960717
1946.782312371429
1972.9189606960908
1976.2457117740096
1978.2046570243979
1985.500896307612
2028.7185235617333
2040.835780922905
2049.723556870206
2058.5726394141407
2067.3516244235975
2076.0403926067734
2084.634840325408
2093.140865828989
2097.1758443957
2111.525279037716
2123.4291215851035
2143.4081746502566
2149.5745927976814
2155.5422080498793
2162.014989002149
2168.582592321547
2179.364276514425
2184.7527670879153
2190.0077509350645
2194.9981463202166
2197.432032879
2217.298940894782
2237.131742474051
2249.4893138825796
2259.2789402525855
2267.5542667223826
2269.695051761625
2271.142618221302
2275.612651572211
2281.0450146711237
2286.030864255748
2290.478852062205
2318.756294173976
2363.2123279464518
2388.848948224902
2406.8320163377407
2439.5186193090935
2444.3656603605746
2451.2587606848906
2455.2243201970423
2454.225378970219
2449.557557690672
2446.943851790968
2432.2157784264086
2413.9917854981904
2393.7072193385857
2377.339915574588
2355.2244920864655
2323.611024485054
2283.513463462026
2243.906596366939
2232.513294000861
2208.021665950466
2194.4891901940664
2180.9300632711575
2161.7188437508635
2122.1394748831044
2072.5525033290546
2032.2534240279226
2007.3345360814974
1970.799974155072
1936.2177322787604
1900.3768774588486
1878.0461385482051
1858.312858124849
1841.5535772485914
1823.1086111552465
1815.558169988035
1808.6355372960818
1809.434505950313
1812.2837446843535
1817.9234448532923
1830.4332025273936
1824.3447509939153
1818.278967314909
1810.995207509207
1805.0262434253389
1799.412295922727
1793.0797494529268
1787.4520181990977
1783.2617408734934
1776.0060753115683
1768.199644651247
1761.782024676643
1754.342790045686
1746.0334012132632
1738.2052752473248
1744.6209568183249
1735.0341883762835
1726.1875260640795
1719.302389064122
1726.021861872346
1716.140768967622
1706.098102998275
1715.0142780782332
1708.0421739494939
1701.547262817389
1694.1268273656424
1684.0680049497219
1673.5155759600684
1664.317506067498
1661.9022957276568
1663.1834082525518
1667.5342789269723
1654.0323463377094
1653.0099713227037
1651.9025676241254
1649.4227088132013
1647.9563553135147
1632.7802684397031
1618.2568762014898
1604.4556825233817
1591.2419973446442
1584.9716766514014
1581.2531830551327
1581.5299260100703
1578.1669722522151
1574.7560149756894
1570.266926180547
1564.8098335612074
1560.2123255562276
1556.1147245215177
1552.4364266423017
1548.6223322933029
1545.3091382664504
1544.7176470177524
1547.5662867086996
1554.6166517131612
1558.4911487570992
1548.551721248746
1538.5113379139214
1528.5449884485574
1518.485232379425
1507.6839151447075
1505.7929990766117
1494.4039089468308
1482.7750322551767
1471.1348867114066
1459.6156729342479
1448.716921642967
1438.3685317897118
1428.1979096776402
1418.6335776336377
1409.818418056483
1401.7964668852849
1393.1756061894566
1384.1335723814482
1374.9600597283606
1363.7211826984883
1353.9279083845865
1346.7292241251212
1339.259080720175
1331.7185714013588
1324.5427454643764
1317.5026882347388
1311.5441108405957
1305.1670535929036
1298.8422901620518
1292.5399529920521
1286.258475010609
1279.9971224845217
1273.7557207364398
1267.5346303607284
1261.334744730515
1255.1574114307955
1249.0042583006398
1242.6799164832314
1236.5724411242609
1230.3258970639095
1223.7156580919925
1217.025805032774
1210.377480399311
1203.806546118476
1197.843335904505
1191.916600321707
1185.70568234203
1178.73733666492
1171.823767643967
1164.9657817294387
1158.1634100754181
1151.415214755148
1143.0248180839299
1134.716415581261
1126.4927408796784
1118.353416658386
1111.7329530387065
1103.7526871590244
1095.855653024161
1089.4512445013163
1081.7127711265236
1074.0574507358601
1066.9110145164047
1060.7986871780897
1053.38378783608
1046.9228044328777
1039.1370727622486
1031.4216024000714
1025.0992691347424
1017.5133953774676
1010.0225409835127
1003.9319381623519
996.6266911511178
989.418455638363
983.5797078053646
976.5776723235834
969.6779943665327
964.0939782856121
957.3811915090985
950.7637385234833
945.4182545207449
938.9820621193339
932.6374524497762
926.3830370366524
921.3428851384339
915.2596842697818
909.2635676960549
904.4367807950055
898.601736939356
892.8330372213248
888.1744345733721
882.5440227713511
876.9730988539995
872.4834040033973
867.2258296928344
862.2405181618
857.2492895468798
853.2643267903732
848.379578644921
845.0433261701935
841.7853071971953
838.5621308776502
834.3530091394844
831.4954419522401
827.3927874911694
824.8391792724137
822.407243236207
820.0342903306753
817.7460118416942
815.5501432825206
813.4361723825917
811.4178810561209
809.5173967824378
807.6839518699084
805.8673546082161
804.2427104141749
802.6768180180246
800.7594126009914
798.7053333847283
796.6990109386355
794.7371177110117
0
0
0
0
0
0
