-1.5840797339915298
-4.673743584644399
-4.627239058972918
-4.581197261053603
-4.340820411482127
-4.490483477435191
-2.764887582845404
-2.941073609239538
0
0
0
0
0
0
0
0
0
0
0
0
0
0
0
0
0
0
0
0
0
0
0
0
0
0
0
0
0
0
0
0
0
0
0
0
0
0
0
0
0
0
0
0
0
0
0
0
0
0
0
0
0
0
0
0
0
0
0
0
0
0
0
0
0
0
0
0
0
0
0
0
0
0
0
0
0
0
0
0
0
0
0
0
0
0
0
0
0
0
0
0
0
0
0
0
0
0
0
0
0
0
0
0
0
0
0
0
0
0
0
0
0
0
0
0
0
0
0
0
0
0
0
0
0
0
0
0
0
0
0
0
0
0
0
0
0
-1.6555387823609635
0
0
-0.9621382608747808
-1.1800397725455696
-1.172999416856328
-1.1766856510366779
-1.1796182314719772
-1.211778009266709
-0.7327583149890415
-0.7089085262123263
-0.6369017818651628
-1.841016246631625
-3.133113999356283
0
0
0
0
0
0
0
0
0
0
0
-0.06586844506091438
0
-0.06420609586348291
-0.06536456511821598
0
0
0
0
0
0
-0.0008413466712227091
-0.0012571720872074366
-0.0012445777683751658
-0.0016478806646773592
-0.13708530615258496
0
0
0
0
-0.6674824748333776
-0.6456270192138618
-0.48621627342072316
0
19528379198163748e-22
-0.46855784502986353
-0.4448268983978778
-0.48974422947503626
0
0
0
0
0
0
0
0
0
0
0
0
0
0
0
0
0
0
0
0
0
0
0
0
0
0
0
0
0
0
0
0
0
0
0
0
0
0
0
0
0
0
0
0
0
0
0
0
0
0
0
0
0
0
0
0
0
0
0
0
0
0
0
0
0
0
0
0
0
0
0
0
0
0
0
0
0
-0.15904267219593748
0
0
0
0
0
0
0
0
0
0
0
0
0
0
0
0
0
0
-19936123862862587e-25
-19999999989472883e-25
-19999999989472883e-25
-0.02843108541832695
-9999993366120465e-25
0.04561139486594534
0.044121254793823894
