16.1976678060455
2.38407973399444
2.38407973399444
2.38407973399444
2.38407973399444
2.38407973399444
2.38407973399444
2.38407973399444
2.38407973399444
0
0
0
11.798800240285345
17.548413657059427
16.628287477084086
16.669973897369346
15.590319832597743
15.684383891246398
15.674330564870615
15.279660754211363
14.493918004722218
14.599955932339071
14.478103138695587
14.352852699637879
16.222055076315883
13.664869635176728
0
14.823696910287254
12.302271142063546
4.633879228931619
10.383832090024953
8.727836666163057
10.820056785625638
11.020548460481223
11.113660944480216
18.839738991402555
16.315610888123047
29.265772519851453
20.947784489850164
22.281065682982444
19.338820008575567
19.313974904915085
2.194339373949333
24.140641054676962
19.855962785426527
19.089601681451313
19.072307668902795
19.066022265411448
19.068713712127646
19.076207324804273
19.085501433888567
21.12447222265473
18.65523742500227
19.848693107356667
19.85743175211246
19.734750491421437
19.70865944310208
19.68209104759444
19.65057534762309
19.276313575930544
19.720841570364428
19.49510903605551
19.37860103789717
19.89044613178703
19.205076896309038
19.72557597080595
19.7446224593441
19.928421945209266
19.726808236780926
19.936876123058028
19.692873407097068
19.731852445882396
19.790805678698234
19.872495382107445
19.974813684631954
23.06031835367321
14.52328103405307
19.40405019861646
28.10690168979636
20.82379494869383
28.02102588240814
21.872450072944048
19.240404912939994
14.439595857664244
15.081057495786808
24.765212817583233
26.468100715603214
27.944526692532236
28.520617747097276
29.09731063617801
28.751011676285998
28.48255503398832
28.064053535141284
25.321438162762206
24.942548541730503
26.20571824297076
32.4151916847477
29.344827263688785
27.486350775739993
21.239928177543334
20.312987199038616
20.42461178616213
19.160043751748162
34.532290529314196
19.224598617336596
17.814849969086936
27.41415363762644
14.666622833232395
11.588247982464964
5.868808137267479
2.6054676922794897
0
-35070115700364113e-25
0
0
0
0
0
0
0
0
0
0
0
0
0
0
0
0
0
0
0
0
0
0
0
0
0
0
0
0
0
0
0
0
0
-10040821507573128e-25
-1367880031466484e-24
0
0
0
0
0
0
0
0
0
0
0
0
0
0
0
0
0
0
0
0
0
0
0
0
0
0
0
0
0
0
0
0
0
0
0
0
0
0.403553682481288
0.7546879542205716
0.7647451016382547
1.0352452840597834
0
0
0
5434168269857764e-20
19528379198163748e-22
0
0
0
1.190481276877108
1.1721946540055797
0.9346658230497269
0.9199627420166507
0.9046677803708008
0.8889820726471953
0.8730781389458571
0.857098276130273
0.841157276488957
0.8253465877933195
0.8097384480206529
0.7943894721684046
1.0615129235666245
0.7646348969137762
0.7502888279996114
0.749535258859396
0.7227563652850222
0.709593336287071
1.0269025131565286
0.6845016672596103
0.6725739912362769
0.6610544882714748
0.6499375068960944
0.6392157312220661
0.6288804312207503
0.6189213214238407
0.6093253459403059
0.600076438713586
0.5911686658655526
0.5826015237835236
0.5743665776099078
0.9240936079295352
0.5588483403116697
0.5515418716822751
0.9054490174603416
0.5377770074992441
0.5312965272751171
0.8932516362983733
0.8907136886555236
0.5133365373621928
0.8887917776155518
0.5024970327940537
0.49738811171846464
0.9077979902358493
0.4877448759507388
0.4831927565683145
0.9090626612160122
0.4745863835560158
0.4705163949984126
0.9031352348392829
0.46279868327837903
0.4591375887248432
0.8951394900650484
0.45221109969133977
0.44893588601553347
0.8933508658228675
0.44272151627228595
0.4397705503652105
0.4369184711831622
0.8923669159557903
0.4314977199828718
0.4289222655352205
0.8919652479235083
0.4240245916880667
0.4216987354157027
0.904084620764479
0.4172784894326469
0.41516391503682826
0.5426736168883508
0.4111047334445175
0.4091577740327921
0.40726508415536955
0.9063599661167245
0.4036274477984989
0.4018746431247564
0.40015896469412837
0.3984752179821953
0
0.3945494574290933
0.39173543234937824
0.38865652453387156
0.3855690289346967
0.3826331405871315
0.37991155228519347
0.37741333557642065
0.37512357279774733
0.3730207691551186
0.3710832631913945
0.3692897733562859
0.3676169421232771
0.3659679756819969
0.36431222621467896
0.36275581560039427
0.36129608120245393
0.35991975995420944
0.3586159308470087
0
-19999999989472883e-25
-19999999989472883e-25
-0.02843108541832695
-9999993366120465e-25
0.04561139486594534
0.044121254793823894
