1893.153740461302
1928.2105253704083
1960.7594229932215
1967.7803489156663
1958.8259129632702
1966.7409054498305
1926.4903133745916
1885.639604013071
1854.338501971626
1827.7688289877528
1814.132124988297
1800.9056908318053
1783.0492941427035
1778.323497860278
1790.9907385281854
1802.5851380001334
1814.2974279821901
1823.414622563566
1823.4399564306136
1810.6657077078244
1793.6259344040063
1767.0615401941454
1738.3467293631459
1710.6879080471901
1683.8274120542924
1645.060973632213
1619.557832812119
1660.6304688981036
1603.0844146077777
1573.9769721601335
1555.7794647263138
1562.7896607423036
1540.1163896454213
1509.9001775916615
1498.8451694094617
1474.9699127370877
1509.9485487140234
1543.4509530604255
1589.4505072717864
1656.9677069041431
1676.6215970837702
1681.600818472691
1686.5646152001639
1696.1363629991738
1728.8492613065168
1738.3866395358427
1746.7186992911118
1755.0284739351184
1763.284742088054
1771.4674586679353
1779.5717761778706
1787.602390280292
1790.9674728945372
1802.5011755141602
1812.8235286431902
1830.0431996661393
1838.2814101135493
1846.4259653223844
1854.8207435030322
1862.937103583128
1873.3796911016111
1880.4151458924146
1887.4880680723556
1894.528540053404
1901.1862688757476
1919.8778966516124
1938.5520337329272
1951.0096556754656
1961.0003010722587
1969.9906142876116
1974.02316954146
1979.9316715101445
1987.9338774097903
1996.6082973798743
2004.9229562480837
2012.7923804997638
2037.0982416869228
2051.9278059852945
2079.4730977255817
2101.0671357738015
2134.0938976927505
2143.224309088031
2151.739443868759
2157.4927706935373
2158.2508832217777
2154.8828482609742
2150.9979160163152
2136.4255172536605
2117.6110839447483
2096.6235586361695
2078.5787446007034
2056.836704482768
2027.1710984235579
1989.9655335370112
1953.1524112116326
1927.656230062041
1889.356627802852
1855.9947796789343
1823.106317625507
1790.623788874743
1750.223419006255
1703.3365220480653
1665.851456355743
1633.9150188652604
1596.293118905535
1561.0206640595723
1526.6275492206862
1501.7716005289412
1479.0854346843896
1460.1677604272156
1443.8256960089388
1436.7621910162409
1431.2052495345579
1432.2467142394698
1434.6422226677225
1437.710502744733
1445.4920133128444
1440.7433645692483
1436.311992713555
1430.9384769929786
1426.3904068905472
1422.5662978113864
1418.218315676606
1414.6427357943871
1412.4395442099592
1408.143045132632
1403.3330376486776
1399.5879054100737
1395.749823994406
1391.7479404870476
1388.441884390546
1394.9582024633837
1389.8622092382689
1385.209173185653
1382.0237425868402
1388.4518294436432
1382.5964608263814
1376.1524167492214
1382.6179038689515
1378.0867330123515
1373.8961619021488
1368.8358097181688
1361.1692854860428
1352.669457383539
1341.7955238624
1339.3292598346356
1337.460905217288
1338.3544347837194
1327.0324723270628
1323.7035806738845
1320.3301369388266
1316.743295487266
1313.6627853940256
1302.9738395356426
1292.706768206365
1282.9647188327556
1273.707541474548
1269.0481525392843
1265.492203145703
1263.1267400360632
1260.1970938729485
1257.1742197437657
1254.0430711016554
1250.3234083865152
1247.4217987949564
1245.2562080168111
1243.8536326209066
1243.0865059446085
1243.9831148035412
1247.921260927624
1256.3419214223663
1268.0577810247005
1275.4832700817847
1267.5456903398972
1259.3565565618692
1251.3617846166808
1243.0738650810772
1233.7856727158899
1232.3985462968749
1223.846044297962
1215.120478684439
1206.3065527177257
1197.6903678283654
1189.8706399809737
1182.5380397861975
1174.9994678550643
1167.8709485904646
1161.1075046574279
1154.9482645464266
1148.2675282845844
1139.451883658925
1130.4485631202149
1120.0975011900362
1111.5654337516485
1106.3746460219832
1100.8176121790816
1095.1695096337448
1089.978562978881
1084.9509070115962
1080.7048760490143
1076.052869099264
1071.440926070164
1066.8528968833507
1062.2872538576953
1057.7431655573628
1053.220210380427
1048.7184273286439
1044.2383842702588
1039.2692629162011
1033.0694210937609
1027.1375288757617
1020.1879596841868
1013.2665737901311
1006.9646923074991
999.546940159642
992.1898392939794
985.8965935466194
979.4807955610322
973.1157820977005
966.8017328743986
960.5386334287477
954.326204113393
948.1636551679103
942.0489110069834
935.977169927035
929.1691603294139
922.4322417133208
915.7698459108742
909.180034030162
903.5273345866758
897.068975940072
890.6773055608853
885.1905796137644
878.9210183395835
872.7139288956613
866.6439129554358
861.3633383087449
855.3271662887213
849.4382832234778
842.7538555000626
836.1077513969993
830.2471719326937
823.6612758460966
817.1435212165389
811.4347356521113
805.0484095837702
798.7305481919651
793.1990140175182
787.0294987548691
780.9328623957886
775.585664001032
769.6160802286947
763.7117747211006
758.5279669135535
752.74680570955
747.0281788818335
741.3709008953234
736.3960603481991
730.8538482793499
725.3710462604879
720.5434004204902
715.1669848406975
709.8248832641866
705.0949773694596
699.8587319188265
694.6925740457891
690.1424737803688
685.3251522940411
680.727267553915
676.1994615998823
672.2284497740509
667.7677045296161
664.0300858608714
660.343472107977
656.6693359220127
652.4693281012946
649.1813726902581
645.4174136031293
642.4617466147265
639.6082336488989
636.8194691420325
634.1344042391413
631.5639945841828
629.0914417886229
626.7375706512108
624.5376169410291
622.4798612674091
620.4870908855871
618.5996208575025
616.7709914857516
614.9765012907502
613.2205819546909
611.5133446383938
609.8503639978644
0
0
0
0
0
0
