0
-77.57984520622995
-82.01939139849856
-82.01939139849856
-77.57888645598723
-53.99784484243719
-82.019391398484
-5.882147218493628
-4.368516736794845
-3.426802971502184
-2.848729696168448
-36.2686094413657
-33.05707132341922
0
0
-25.220819239824777
-23.9910907761805
-22.653788147334126
-21.29118899871537
-20.00477733781736
-18.58609651782899
-2.3038475659705
-2.3398693696362898
-14.277405945511418
-2.045868313362007
-2.2488854782568524
0
-3.5898278737295186
0
0
0
0
0
0
0
-11.418921674136072
0
0
-14551915228366852e-27
0
0
0
0
0
0
0
0
14551915228366852e-27
0
0
0
0
0
0
0
0
0
0
-14551915228366852e-27
0
0
14551915228366852e-27
0
0
0
0
0
0
0
0
14551915228366852e-27
0
-14551915228366852e-27
0
0
0
14551915228366852e-27
0
0
0
0
0
14551915228366852e-27
14551915228366852e-27
0
0
-43655745685100555e-27
14551915228366852e-27
29103830456733704e-27
-29103830456733704e-27
0
29103830456733704e-27
14551915228366852e-27
29103830456733704e-27
0
-7275957614183426e-26
0
14551915228366852e-27
0
14551915228366852e-27
14551915228366852e-27
0
0
0
-14551915228366852e-27
29103830456733704e-27
0
0
0
14551915228366852e-27
0
0
20081643015146255e-25
20081643015146255e-25
20081643015146255e-25
20081643015146255e-25
7712515071034431e-24
8949427865445614e-24
12194504961371422e-24
-19354047253727913e-25
19397702999413013e-24
3082095645368099e-23
4871981218457222e-23
7661583367735147e-23
11990778148174286e-23
18690479919314384e-23
290165189653635e-21
4487956175580621e-22
6915797712281346e-22
10346411727368832e-23
20486186258494854e-23
1040782080963254e-21
15810946933925152e-22
23317988961935043e-23
4617322701960802e-22
2346103428862989e-21
3515204298309982e-21
10226794984191656e-22
-5062611307948828e-22
-5012261681258678e-22
0
-10918010957539082e-22
2161890733987093e-21
21403830032795668e-22
21190789993852377e-22
10489893611520529e-22
32730313250795007e-22
32404641387984157e-22
-10179937817156315e-22
-10078656487166882e-22
-9978393791243434e-22
-9879004210233688e-22
-9780778782442212e-22
-9683426469564438e-22
-958709279075265e-21
-9491632226854563e-22
-9397190297022462e-22
9303767001256347e-22
9211216820403934e-22
-9119539754465222e-22
-9028735803440213e-22
-893895048648119e-21
4841785994358361e-21
0
0
-2296437742188573e-21
0
-4276706022210419e-21
0
0
0
0
0
0
0
0
0
0
0
0
0
0
0
0
0
0
0
0
0
0
0
0
0
0
0
0
0
0
0
0
-0.004991890920791775
-0.004942220781231299
-0.004893044868367724
-0.004844358249101788
-0.004796156077645719
-0.004748433537315577
-0.004701185825979337
-0.00465440824336838
-0.004608096118317917
-0.004562244794215076
-0.0034106151288142428
-0.0033766789420042187
-0.003343080432387069
-0.0025231570180039853
-0.002498051180737093
-0.0024731951561989263
-0.0018838193936971948
-0.0018650750862434506
-0.0018465172761352733
-0.0018281441152794287
-0.0018099537846865132
-0.001791944436263293
-0.0017741142946761101
-0.0017564615700393915
-0.0017389844870194793
-0.001358753550448455
-0.001064482145011425
-0.0008361309446627274
-0.0006584672519238666
-0.0005198810686124489
-0.0004115000774618238
-0.00032652640948072076
-0.0002597381535451859
-0.00020711378601845354
-0.0001655484375078231
-0.00013263896107673645
-0.00010652080527506769
-8574378443881869e-20
0
0
0
0
0
0
0
0
0
0
0
0
0
0
4289046046324074e-21
-3569832188077271e-21
-29768416425213218e-22
-248696596827358e-20
20815350580960512e-22
-1745385816320777e-21
-1466134563088417e-21
12337550288066268e-22
0
0
7429043762385845e-22
-6294721970334649e-22
0
-4541943781077862e-22
-38677535485476255e-23
-32989191822707653e-23
-326617737300694e-21
-3233581082895398e-22
-27711212169378996e-23
-2743618097156286e-22
-27162604965269566e-23
-2689193934202194e-22
-2662418410181999e-22
-26359339244663715e-23
-2609740477055311e-22
-2583838067948818e-22
-2558081177994609e-22
-2532615326344967e-22
-2507440512999892e-22
-2482556737959385e-22
-24578184820711613e-23
-2433371264487505e-22
-24090695660561323e-23
-23852044250816107e-23
-23614848032593727e-23
-23379107005894184e-23
-23146276362240314e-23
-22916356101632118e-23
-22687891032546759e-23
-22462336346507072e-23
-2223969204351306e-22
-22017047740519047e-23
0
0
0.10640735466270687
0
0.027398278138426074
0.02650705059098577
