159.99205313385755
116.43086287655751
7.961497505559237
157.60673012274492
18.435322152276058
154.48590777051868
152.9487473048066
7.57104918351979
149.92015919208643
148.42842868376465
146.95154114204342
145.489348876843
144.04170566779794
93.66037252779643
141.18948879642994
139.7846299100347
138.39374960311397
137.01670878648292
135.6533697549312
134.30359617336944
132.9672530633543
131.64420678948227
130.33432504594384
160.48291302549478
104.89815554799861
133.50815993582364
3.597177969466429
104.48696156646474
48.862479466813966
41.18704160339257
46.371697796013905
52.19718186966202
45.84722326206975
50.82505774279707
55.13999000233889
0.5768063134892145
11.354965320861083
23.54463203791238
29.9417278644396
18.0865548310976
24.173525011734455
24.14246863212611
56.42803834534425
29.869623894817778
29.78394417911477
28.634402522206074
28.608461503317812
28.599033398088068
28.60307056820602
28.61431098720641
28.628252150825574
21.124472222669283
18.655237424987718
29.773039662046358
29.786147629201878
24.48511735087959
24.508954585428
24.531324142153608
24.5568538143998
22.303750112856505
24.653912261506775
24.569269506144337
24.532405538717285
26.345657238940476
24.519461435702397
26.249102230533026
26.29031555292022
26.57122925890144
26.307974858777015
26.296330679077073
26.33118919109984
26.381257333268877
26.45522700319998
26.556308782164706
26.68265361567319
25.61467316908238
20.10956457440625
24.47129090334056
14.357428622199222
30.803595748875523
20.307760368450545
28.203523708638386
32.18683129886631
33.984605830788496
34.447608745787875
33.005245206470136
35.1782812505262
37.20594283295213
37.962837512168335
38.15051023833803
37.918596253104624
37.65037414562539
37.41873798739107
36.16454993640946
35.60143996690749
39.30857736541657
0.5671177292388165
33.927709786687046
31.079103325435426
28.452061639734893
27.083982923883013
23.356287877599243
21.987744443060365
0.4617657067865366
21.07507927971892
20.80019055401499
6.437426511343801
17.494649121174007
14.072612623291207
7.099058094609063
0.2630695789848687
0
0
0
0
0
0
0
0
0
0
0
0
0
0
0
0
0
0
0
0
0
718093360774219e-21
0
0
10657968232408166e-22
15971600078046322e-22
0
0
51449897000566125e-22
760614057071507e-20
0
0
0
0
0
0
0
0.962138227027026
1.1800397394836182
1.172999383721617
1.1766868010308826
1.1796193700283766
1.2117791364871664
0.7327594309899723
0.7089096310955938
0.6369028757762862
0
0
0
0
0
3071778337471187e-21
6672024028375745e-21
9168361430056393e-21
0.20930610521463677
1716880069579929e-20
2480355033185333e-20
3179941268172115e-20
4273572994861752e-20
0.06592633154650684
7788364018779248e-20
0.06432128325104713
0.06551760560250841
0.000187857702258043
0.00025062839267775416
0.0003577423340175301
0.000473516047350131
0.0005860996025148779
0.00014269106031861156
0.00018797522352542728
0.00024701848451513797
0.00032381084747612476
0.00042344251414760947
0.0005523909640032798
0.0007188788877101615
0.0009333184279967099
0.0012088620715076104
0.0015620836638845503
0.0020138180552748963
0.0025901941407937557
0.0033239022886846215
0.004255745763657615
0.004213400388834998
0.004171476364717819
0.004129969471250661
0.004088875590241514
0.0040481906034983695
0.004007910436484963
0.00396803104376886
0.9249479423742741
0.9096045090846019
0.004893044868367724
0.004844358249101788
0.004796156077645719
0.004748433537315577
0.004701185825979337
0.00465440824336838
0.004608096118317917
0.010691248200600967
0.0034106151288142428
0.0033766789420042187
0.011250512514379807
0.0025231570180039853
0.002498051180737093
0.011808396215201356
0.0018838193936971948
0.0018650750862434506
0.0018465172761352733
0.0018281441152794287
0.0018099537846865132
0.001791944436263293
0.0017741142946761101
0.0017564615700393915
0.0017389844870194793
0.001358753550448455
0.001064482145011425
0.0008361309446627274
0.01404481967620086
0.0005198810686124489
0.0004115000774618238
0.014522275741910562
0.0002597381535451859
0.00020711378601845354
0.015026799344923347
0.01520009535306599
0.00010652080527506769
0.015551687727565877
0.11495350842596963
0.11532369449560065
4533299943432212e-20
0.11598344860249199
0.11628162011038512
24447697796858847e-21
0.1168342834134819
0.11708856947370805
13438926544040442e-21
0.1175512517511379
0.11775863511138596
7524868124164641e-21
0.11812238587299362
0.1182792696490651
0
0.1185544677573489
0.11867503101530019
0.11878427298506722
0
0.11896772180625703
0.11904162541031837
0
0.11915297564701177
0.11918704988784157
0
0.11920708214165643
0.11920544030726887
0.5426731626648689
0
0
0
0.01904587307944894
0
27536589186638594e-23
27263013180345297e-23
26992347557097673e-23
0.18408340879250318
26459747459739447e-23
0
25938788894563913e-23
2568121999502182e-22
2532615326344967e-22
2507440512999892e-22
2482556737959385e-22
24578184820711613e-23
2433371264487505e-22
24090695660561323e-23
23852044250816107e-23
23614848032593727e-23
23379107005894184e-23
23146276362240314e-23
22916356101632118e-23
22687891032546759e-23
22462336346507072e-23
2223969204351306e-22
0
0
0
0.10640735466270687
0
0.027398278138426074
0.02650705059098577
