127.57097314260771
126.35378449762835
125.14870708202514
118.71312038705311
117.5319051040461
116.36244310849375
115.20461745422124
114.05831235769823
112.92341318745973
111.79980645264307
110.68737979163836
109.58602196085258
108.49562282358472
107.41607333901244
106.34726555128765
105.28909257874092
104.24144860319309
103.20422885937383
102.17732962444404
101.16064820762473
100.15408293992691
99.15753316398497
98.17089922399086
97.19408245572845
96.2269851767068
95.2695106763922
94.32156320653662
93.38304797160322
92.45387111928628
91.53393973112632
90.62316181321793
89.72144628701034
88.82870298019947
87.94484261771066
87.06977681277111
86.2034180580712
85.34567971701335
84.49647601504874
83.65572203109951
82.82333368906669
81.99922774942223
81.18332180088562
80.37553425218198
79.57578432388325
78.78399204033025
78.00007822163467
77.22396447576149
76.45557319068931
75.6948275266492
74.94165140844096
74.19596951782499
73.45770728599092
72.7267908861003
72.00314722590413
71.28670394043317
70.577389384762
69.87513262684386
69.17986344041778
68.49151229798574
67.81001036385985
67.13528948727874
66.4672821955925
65.80592168751535
65.1511418264453
64.50287713385059
63.861062782721696
63.22563459108879
62.59652901560304
61.97368314518271
61.35703469472171
60.74652199886114
60.14208400582258
59.54366027130311
58.95119095243053
58.364616801779256
57.78387916144541
57.20891995718099
56.63968169258645
56.07610744336099
55.51814085160994
54.965726120209304
54.41880800722546
53.87733182039141
53.34124341163722
52.81048917167529
52.285016024639326
51.76477142277667
51.249703341193715
50.73976027265296
50.23489122242266
49.73504570317702
49.24017372994764
48.750225815124764
48.26515296350863
47.78490666740983
47.30943890179857
46.838702119502045
46.37264924644976
45.91123367696603
45.45440926910936
45.00213034005832
44.55435166154308
44.11102845532265
43.67211638870693
43.237571570123585
42.80735054472857
42.38141029006082
41.95970821173995
41.54220213920669
41.12885032150585
40.71961142311125
40.31444451979196
39.91330909452004
39.51616503341866
39.12297262175081
38.7336925399476
38.34828585967645
37.966714039948215
37.58893892326287
37.21492273179398
36.84462806361071
36.47801788893766
36.11505554645189
35.75570473961659
35.3999295330517
35.04769434894004
34.69896396346969
34.35370350331149
34.0118784421317
33.67345459713937
33.33839812566795
33.00667552179107
32.67825361297192
32.35309955674596
32.03118083743657
31.71246526290356
31.396920961323893
31.084516378004423
30.775220272226534
30.469001714121852
30.165830081579408
29.865675057183296
29.568506625180945
29.27429506748152
28.983010964684173
28.694625187135888
28.409108896018573
28.126433539465197
27.846570849704538
27.56949284023441
27.295171803022946
27.023580305737863
26.75469118900307
26.488477563682814
26.22491280819273
25.963970565837645
25.70562474217585
25.449849502409702
25.19661926880209
24.945908718118574
24.697692779095224
24.45194662993125
24.208645695806965
23.96776564642619
23.729282393583283
23.493172088754182
23.25941112071168
23.027976113164137
22.798843922417966
22.571991635063156
22.34739656568188
22.125036254580078
21.904888465541312
21.68693118360325
21.471142612856053
21.25750117426281
21.045985503501633
20.8365744488292
20.62924706896551
20.42398263099982
20.220760608317264
20.01956067854623
19.82036272152608
19.623146817295098
19.427893244098534
19.23458247641634
19.043195183010656
18.853712224992663
18.666114653908643
18.480383709845153
18.296500819553025
18.11444759459
17.934205829481844
17.755757499901865
17.579084760868383
17.404169944960277
17.230995560550184
17.059544290055364
16.889798988205882
16.721742680330102
16.555358560657176
16.390629990636512
16.227540497273804
16.06607377148382
15.906213666459431
15.747944196056899
15.591249533197317
15.43611400828379
15.28252210763458
15.130458471931593
14.979907894684573
14.830855320710304
14.683285844627203
14.53718470936467
14.39253730468745
14.249329165734501
14.107545971572623
13.967173543764218
13.828197844949544
13.690604977442895
13.554381181842876
13.41951283565639
13.285986451936438
13.153788677933367
13.022906293759618
12.893326211067702
12.765035471741363
12.638021246599774
12.512270834114558
12.387771659139686
12.264511271653905
12.142477345515744
12.021657677230902
11.902040184731868
11.783612906169695
11.666363998717863
11.550281737387895
11.435354513856941
11.321570835306858
11.208919323274989
11.097388712516237
10.986967849876597
10.877645693177778
10.769411310113014
10.662253877153796
10.55616267846754
10.451127104845959
10.347136652644169
10.24418092273028
10.142249619445517
10.041332549574593
9.941419621326435
9.842500843324956
9.74456632360992
9.64760626864774
9.551610982352129
9.456570865114456
9.36247641284379
9.269318216016504
9.177086958735272
9.085773417797517
8.99536846177304
8.90586305009091
8.817248232135363
8.729515146350764
8.642655019355415
8.55665916506424
8.471518983820149
8.38722596153406
8.3037716688335
8.221147760219656
8.139345973232817
8.058358127626114
7.978176124547489
7.898791945729824
7.820197652689079
7.742385385930458
7.665347364162437
7.589075883518647
7.513563316787456
7.438802112649269
7.364784794921371
7.291503961810302
7.218952285171692
7.147122509777409
7.076007452590061
7.005600002044663
6.93589311733749
6.86687982772198
6.798553231811665
6.730906496890006
6.663932858227147
6.597625618403404
6.5319781466395455
0
0
0
0
0
0
