10.380672506860025
10.277383089621326
10.175121419256104
10.0738772695121
9.973640515889983
9.874401134630844
9.776149201713862
9.678874891863874
9.58256847756882
9.487220328107044
9.392820908584097
9.299360778979391
9.206830593202083
9.115221098156475
9.02452313281673
8.934727627310721
8.84582560201308
8.757808166647184
8.67066651939615
8.584391946022636
8.498975818997408
8.414409596636581
8.330684822247447
8.24779312328281
8.165726210503674
8.08447587715039
8.004033998121903
7.924392529163279
7.845543506061252
7.76747904384781
7.690191336011669
7.613672653717645
7.537915345033742
7.4629118341659595
7.3886546207007076
7.315136278854757
7.242349456732659
7.1702868755915485
7.098941329113255
7.0283056826836745
6.958372872679306
6.889135905760867
6.820587858173971
6.752721875056734
6.685531169754289
6.619009023140115
6.553148782944113
6.487943863087382
6.423387743023602
6.359473967086959
6.296196143846606
6.233547945467484
6.171523107077551
6.110115426141279
6.049318761839401
5.989127034454821
5.929534224764643
5.870534373438238
5.812121580441305
5.754290004445865
5.697033862246128
5.64034742818016
5.584225033557315
5.528661066091361
5.473649969339251
5.419186242145463
5.365264438091895
5.311879164953203
5.25902508415759
5.206696910252926
5.154889410378215
5.1035974037403
5.052815761095769
5.0025394042380436
4.952763305489537
4.903482487198897
4.854692021243224
4.806387028535268
4.758562678535498
4.711214188769066
4.6643368243475365
4.6179258974954
4.571976767081298
4.526484838153898
4.481445561482398
4.436854433101595
4.392706993861493
4.3489988289813795
4.30572556760834
4.26288288238018
4.220466488992671
4.17847214577113
4.136895653246236
4.095732853734091
4.054979630920443
4.014631909449048
3.9746856545141354
3.935136871456922
3.895981605366147
3.857215940682572
3.8188360008074205
3.7808379484359147
3.7432179829955365
3.7059723427611146
3.6690973018296544
3.6325891753483996
3.596444311902675
3.5606590976838355
3.525229955295584
3.4901533436709413
3.4554257581568297
3.421043730861288
3.387003831411669
3.3533026683546137
3.31993689155512
3.286902967541878
3.254197960641819
3.2218181499203142
3.1897605236986597
3.158021876187516
3.126599033495686
3.095488853312714
3.0646882245946556
3.0341940672529715
3.0040033318465165
2.9741129992765907
2.944520080485028
2.915221616155289
2.886214676416525
2.8574963605505883
2.8290637967019636
2.8009144116689138
2.7730448476184564
2.7454525903636395
2.7181348806557444
2.6910893705544594
2.6643125839215966
2.637802230767393
2.611556208964455
2.5855707905118663
2.559843931292979
2.5343730586004303
2.5091556253257266
2.4841898563112608
2.4594728363287777
2.435002235977049
2.410775810078707
2.3867914214721746
2.3630470741139953
2.3395409589449656
2.3162715171971318
2.2932375274550205
2.270438224965137
2.247873464584034
2.2255439425894004
2.203451497637341
2.181599517801639
2.159993489350784
2.1386417343113298
2.1175563987027317
2.0967547725881226
2.076261048006024
2.0561086529912487
2.036343341221629
2.0170272697982443
1.9982443653481392
1.9801073648463001
1.96276702701951
1.9432371687890142
1.9270255094400066
1.9120433056856958
1.8986284676856628
1.8872252592268757
1.878415988290386
1.8708803384344326
1.860909021275969
1.8486951600801358
1.8344141360905417
1.818064031381662
1.7999739920147573
1.7820639515470365
1.7643321189595287
1.7467767210541987
1.7293960022766264
1.71218822454045
1.6951516670535558
1.6782846261459976
1.6805975416866599
1.688255370710141
1.671456949097715
1.6548256745730845
1.6383598839949376
1.622057930770494
1.6059181846908475
1.5899390317679392
1.574118874073161
1.558456129577561
1.5429492319936364
1.5275966306187057
1.5123967901798392
1.4973481906803243
1.4824493272476733
1.4676987099831245
1.4530948638126613
1.4386363283394956
1.4243216576980309
1.4101494204092753
1.396118199237688
1.3822265910494613
1.3684732066721983
1.354856670756001
1.3413756216359298
1.3280287111958395
1.3148146047335625
1.3017319808274421
1.288779531204184
1.2759559606080335
1.2632599866712433
1.2506903397858407
1.2382457629766621
1.2259250117756562
1.2137268540974349
1.2016500701160666
1.1896934521430875
1.1778558045067378
1.166135943432388
1.1545326969241654
1.1430449046477484
1.131671417814337
1.1204110990657694
1.1092628223607879
1.0982254728624312
1.0872979468265513
1.0764791514914391
1.0657680049685445
1.0551634361342903
1.0446643845229548
1.0342698002206285
1.0239786437602183
1.0137898860175028
1.0037025081082165
0.9937155012861627
0.983827866842337
0.9740386160050541
0.9643467698410736
0.954751359157702
0.9452514244058751
0.935846015584201
0.9265341921439597
0.9173150228950471
0.9081875859128599
0.8991509684460804
0.8902042668254457
0.8813465863733376
0.8725770413143144
0.8638947546865781
0.8552988582542254
0.8467884924204487
0.8383628061415742
0.8300209568419515
0.8217621103296997
0.8135854407132842
0.8054901303189308
0.797475369608853
0.7895403571003016
0.781684299285412
0.7739064105518574
0.7662059131042815
0.7585820368865237
0.7510340195046079
0.7435611061505066
0.7361625495266564
0.72883760977123
0.7215855543841471
0.7144056581538263
0.7072972030846605
0.7002594783252198
0.6932917800971629
0.6863934116248611
0.6795636830657178
0.6728019114411864
0.6661074205684692
0.6594795409929
0.6529176099209985
0.6464209711541885
0.6399889750231802
0.6336209783229998
0.6273163442486713
0.6210744423315328
0.6148946483761915
0.6087763443981014
0.6027189185617666
0.5967217651195553
0.590784284351126
0
0
0
0
0
0
