6192.382757559969
6160.985090250486
6155.740744984562
6136.945252254344
6035.874274356107
6009.572091051612
5868.0227579756665
5720.9001949338735
5589.002513528837
5465.656104122583
5374.755365292016
5288.7170721099255
5202.249866996896
5176.453129335003
5208.306224744554
5234.991795217193
5258.5777989809
5276.11395186186
5254.612265303229
5207.225749153167
5142.369903510975
5059.439761509843
4960.048316195378
4863.802382286271
4770.07316131241
4643.462284555397
4549.98394594181
4690.254297042551
4530.705293673151
4428.045570174444
4358.314948204082
4365.258936108875
4306.942512269417
4250.7146171094555
4221.000815212212
4160.257425047034
4246.280230943574
4338.829960232384
4468.567704192466
4660.01700336526
4721.841917917931
4721.2013835525695
4712.184808199285
4723.575623917693
4807.071659187208
4829.976906905621
4846.162246708272
4862.28149074746
4878.263740334544
4894.064703884283
4909.676171894274
4925.112295594699
4927.477982286572
4958.094071570935
4987.959188208085
5036.116721880549
5058.906710609254
5081.380056510631
5104.949209088754
5128.75150902476
5162.8052476964385
5184.291191048338
5205.625490809916
5226.772687463496
5244.756299727822
5296.473152727947
5348.813771710267
5388.882040147272
5426.519886833922
5460.640015712371
5480.378788506233
5497.774647798415
5520.880341389292
5545.860623740116
5566.784651874044
5586.44101855092
5655.221997013374
5747.113590863841
5820.785905651714
5874.298323904603
5957.269716667623
5982.011912504694
6004.314701163928
6018.829378762878
6020.337090200335
6011.737682483018
6005.254191398032
5968.856105819821
5922.715975333908
5868.115714869913
5817.7130744595715
5757.594050560558
5682.200362863017
5577.7116576305
5464.598186100798
5400.108883103835
5332.577201362398
5269.548993167369
5205.258864395397
5141.047932630035
5052.91266457162
4948.2536099342815
4858.522255212927
4808.085727817852
4733.260747314565
4657.842687338585
4577.808939997317
4533.468122234182
4495.276891816127
4461.765651090566
4423.078185351293
4404.702584577072
4388.647552800875
4395.483044162489
4407.680206347316
4419.437646406651
4446.703445101308
4430.4720809786895
4415.345414838939
4397.659682154173
4382.628594249335
4369.414770335723
4354.575859249235
4342.122551543787
4334.033586378132
4319.435691265224
4302.852430226858
4289.59302929401
4276.476996472643
4263.141232880905
4252.195742416761
4276.2685652197515
4260.546517730882
4245.985768007604
4236.008851608791
4259.174807777606
4240.462597629984
4218.953920285533
4240.604688489894
4221.2332264175175
4203.614175399676
4184.179131862841
4156.341803868512
4124.96937585632
4097.411913627317
4083.3885679545824
4076.863594053159
4081.7606460711845
4040.5760328897586
4024.5799592542608
4009.169069312288
3995.709031159877
3983.1803434784624
3939.9211748027274
3898.049711334193
3857.6724858310818
3818.920208210256
3799.47513308292
3783.469592805607
3773.95958011928
3761.962491363121
3750.3450058138606
3737.5188400495986
3722.9757561641127
3711.0592020394565
3701.4340915922317
3693.6109175837655
3686.4447503781294
3680.3269134559096
3682.068419472319
3692.4180625957147
3713.3023959605043
3726.898731976556
3704.629924431221
3682.1272975510724
3659.985481447067
3637.3642497441315
3612.464867322117
3608.92301720385
3585.8311000212116
3562.226774166509
3538.5231060129872
3515.2066995484097
3493.6354183997782
3473.5598781116455
3453.961716201838
3435.7000657110884
3419.9443449327073
3407.0680783023895
3393.7755679091274
3378.3096009384662
3362.4735068951995
3342.1919702188898
3323.858938609768
3311.6109636725896
3298.6420555457544
3285.4552953609646
3270.8125251816623
3256.402122623645
3244.8047824523246
3232.2131151892145
3219.7282883867733
3207.292195070154
3194.901764814523
3182.555675753587
3170.2537569162387
3157.997001973877
3145.7876186444228
3133.628870972072
3121.524664102661
3107.609084734217
3095.6085819493246
3082.9799036765917
3067.332187899401
3051.685070077677
3036.1448891884984
3020.6936290356316
3007.4105034011195
2994.2168910647365
2981.115827131987
2965.369757320286
2947.882929926565
2930.538193029859
2913.3367637958086
2896.276814218625
2875.166643090537
2854.2642238176836
2833.5762299252024
2813.1016343635674
2796.4266067971785
2776.3543697243654
2756.4923756771445
2740.363959257534
2720.90222117201
2701.6500074802466
2683.6714285875564
2668.2793149395684
2649.6317091316
2633.1963109339304
2613.3762645073857
2593.734809547132
2577.5790959310793
2558.26744392339
2539.1962655912175
2523.628638845995
2505.0273180296704
2486.6714320065466
2471.7421534796968
2453.907519638719
2436.3316396119208
2422.0477762961873
2404.9448430387724
2388.0830956456143
2374.404114269113
2358.0011964537057
2341.830061531498
2325.887226559252
2312.9828555455447
2297.4736576902105
2282.184957481476
2269.82236205131
2254.9419046333055
2240.230084508694
2228.296274065828
2213.9356996468055
2199.7265977007874
2188.2233173314244
2174.8027038355267
2162.0655924163475
2149.3165155751108
2139.0859314750087
2126.6085189046853
2117.969069517472
2109.52820660874
2101.177442470477
2090.4000891398387
2082.9654577514066
2072.4595418762747
2065.7902421478593
2059.4271663882964
2053.2159508946143
2047.2200681976856
2041.4587653966307
2035.9056428798503
2030.5951203142536
2025.582534345226
2020.7409349832785
2015.9446803227568
2011.6316299136981
2007.4684864366175
2003.4062443307855
1999.4504571120838
1995.6164107342433
1991.8955364529984
0.7284305140879795
0.7285506420303723
0.7285171385378628
0.7278709640870635
0.7269460605797671
0.7254184658870781
