0
0
0
0
0
0
0
0
0
0
0
0
0
0
0
0
0
0
0
0
0
0
0
0
0
0
0
0
0
0
0
0
0
0
0
0
0
0
0
0
0
0
0
0.16499283260281716
0.18003092996787817
0.19398684241284103
0.2071459696748823
0.21962899610460385
0.23152462977278354
0.2428891701182101
0.25375286840499944
0.2641369829561979
0.2740587042080467
0.2960309974083976
0.3044126701766667
0.3124551214791317
0.32018472552173244
0.32761052361339094
0.33470758561256314
0.3413509468124448
0.34706026171359855
0.35077357765716527
0.35308686673163064
0.3551359559482437
0.35650211143064003
0.35273845159934375
0.3557575304749095
0.39300579633309557
0.3610059703862523
0.3633315775882218
0.36510790540932314
0.3665350072709184
0.3683775346544072
0.3707199703766429
0.3725381778118875
0.3738372789098877
0.37686503680764016
0.48642717802047275
0.43640302040505574
0.49791450151968786
0.4527192382270498
0.5085434659028112
0.5105946086878271
0.5111487872055047
0.5103502385392207
0.5094907593871727
0.4601038561255075
0.5108151103622214
0.5141575304344612
0.5203282570439461
0.5295376414170299
0.5412020766312411
0.5084433798101575
0.5688103382365818
0.583966844468637
0.5614094957912029
0.6168360279176799
0.592542477375395
0.5617547406906123
0.5228115890224077
0.5211282729328804
0.5290651939111513
0.5352154033828939
0.5581058699056551
0.5637991475677007
0.5889213361675827
0.6133470832821466
0.6343717751977851
0.6492917900122278
0.6680584144690073
0.6790642707536835
0.692323583047203
0.7064117841133399
0.7193494254377265
0.7314901411501418
0.7432371045036346
0.7543118915438718
0.7647690818707575
0.7747697425051027
0.7838908003040701
0.7918777092126762
0.7996850791877153
0.80693673571274
0.8134366864100097
0.8189632483456977
0.8223498232430881
0.8249055049792298
0.8272806753740181
0.8291094240435093
0.8300632218693338
0.8299270478544507
0.8287946703900151
0.8261355882265621
0.8224271456510357
0.8185672680372957
0.8142117206393085
0.8093455748528067
0.8033641842859851
0.7937639465671942
0.789757047091233
0.7865028998457202
0.7837667499730694
0.7808382070793929
0.7776110310308226
0.77508565374107
0.7728814614440971
0.7707605413747265
0.7686515625230372
0.7669136854450143
0.7648578073492507
0.7624394308282767
0.7594782878253881
0.7565317239223157
0.7533824727173011
0.7501247338246753
0.747712481546059
0.7462978539092946
0.7454496729151217
0.7443298207809423
0.7420714203568934
0.7390720577951981
0.736469489820692
0.7343949829928809
0.7331064913707941
0.7323943804568911
0.7313218775230723
0.7301697993362
0.7281161833988969
0.7255428799424868
0.7219843820980953
0.718953399300104
0.7162162023774066
0.7131874246392167
0.7085735342607036
0.7026672273407142
0.6981681729776312
0.6946581940005636
0.691493962396228
0.6886019961619643
0.6856913668472853
0.683781551731677
0.6822059476153441
0.6810769474039802
0.6804601639545105
0.6803809044794606
0.6805458453444047
0.6804114478599077
0.6797571180152229
0.6787444391046282
0.6783554109747403
0.678290546950211
0.6782864926806242
0.6783116362246933
0.678450134798636
0.6786391555335669
0.6788006343342756
0.6789821099492332
0.6791902874670352
0.679406395697435
0.679622396035385
0.6798346932202607
0.6800411100227552
0.6802403413773463
0.6804321424318514
0.6806171493026082
0.6807964598910313
0.6809712448731632
0.68114250784035
0.6813110155747809
0.681477336398628
0.6816419201087996
0.6818050279620901
0.6819666646684897
0.6821264952268972
0.6822839308500805
0.6824382964139906
0.6825890031518367
0.6827356858853943
0.6828782425455137
0.6830168647986117
0.6831520777047749
0.6832849674929896
0.6834178520037202
0.6835566367494382
0.6837122399198776
0.6838816345957627
0.6840519313224824
0.6842197963930386
0.6843848225112317
0.6845470806139614
0.6847068940412306
0.6848644617668327
0.6850202565947588
0.6851745937757497
0.6853279041087574
0.6854806139505287
0.6856333475923299
0.6857868271188845
0.6859419526497271
0.6861017561885279
0.6862765106848243
0.686454313226582
0.6866412370576833
0.6868327761342383
0.6870271623190762
0.6872252122483774
0.6874293712111348
0.6876469567491658
0.6878822428703747
0.6881295838768502
0.688389635168817
0.6886607335792935
0.6889408514128441
0.689224790665088
0.6895105319925772
0.6897998714003426
0.6900892568708177
0.6903809913813668
0.6906760827660288
0.6909765931492722
0.6912895127437756
0.6916384651526776
0.6920459225238531
0.6924873122356344
0.6929247835777197
0.693356043310534
0.6937958691190627
0.6942404552451098
0.6946901702325601
0.6951327930005524
0.6955853615119515
0.6960320476145698
0.6964750358894545
0.6968936678192206
0.6972290737075948
0.6970045813119441
0.6966464777547364
0.6963885134676495
0.6963184862948557
0.6964231003319776
0.6966849457611168
0.6970730587784413
0.6975575111625609
0.6981204718862877
0.698751205657766
0.6994386088659876
0.7001702488707018
0.7009251490921908
0.7017002912251602
0.7024885536189629
0.7032880026238253
0.7040946690050731
0.7049047398370867
0.7057131930543914
0.7284305140879795
0.7285506420303723
0.7285171385378628
0.7278709640870635
0.7269460605797671
0.7254184658870781
