1.764210055276635
1.78905555633537
1.9374784443061799
2.051171719795093
2.0766789606423117
2.0725890046014683
2.065640019631246
2.061689376118011
2.0613911040563835
2.0640952708781697
2.068826836970402
2.0747227600659244
2.0811491332860896
2.0876797829696443
2.0940427382738562
2.1000712161912816
2.1056671841070056
2.1107764990010764
2.1153727951896144
2.119447295932332
2.1230025103868684
2.126048341175192
2.1285996936640004
2.1306749078503344
2.1322947111038957
2.1334814238070976
2.1342583967052633
2.1346497064077994
2.1346801424078876
2.134371726468089
2.1337482239614474
2.132833585055778
2.131653488293523
2.1302231388544897
2.1285575885121943
2.1266797588323243
2.124608494283166
2.1223610090237344
2.119952958470094
2.117398489761399
2.1147096082859207
2.1118939059379045
2.1089409298438113
2.102492010628339
2.0737064336863114
2.0679438225197373
2.062328547151992
2.0568399994954234
2.0514596013817936
2.0461743939085864
2.0409767598321196
2.0358623998909025
2.0308285132050514
2.040278362808749
2.0345859255758114
2.0290009036980337
2.02351757910219
2.018129936826881
2.0128315359470434
2.0076150621607667
2.0024707722914172
1.997381989407586
1.992326431995025
1.9872925680538174
1.9822662255028263
1.9708242132910527
1.9664248886692803
2.0018063241732307
1.9576295214355923
1.953190141430241
1.9486843882041285
1.9440465870138723
1.9391459597391076
1.9336907133256318
1.9269839228509227
1.9179162424698006
1.9086871544423047
2.0228158342215465
1.9538445766374934
2.0138833262462867
1.950942079492961
2.006022589514032
2.001208406247315
1.9959168342174962
1.9900487671839073
1.9837074878741987
1.9207731702481396
1.9722339164000005
1.9620940099994186
1.9463736142934067
1.9741049923031824
2.0053481482027564
1.9481427269929554
2.0304350805381546
2.039909559680382
2.018200386315584
2.0875062760169385
2.06786509459198
2.046024740106077
1.9621362342877546
1.8969898617797298
1.90132150289719
1.952473832279793
1.9535805773048196
1.8882129348057788
1.8377906838431954
1.8099476380011765
1.7900374171149451
1.7849157977179857
1.7643073924264172
1.6828413475886919
1.6364416726282798
1.6373617649369407
1.6698857667070115
1.656003727359348
1.6411808105185628
1.6405942155106459
1.6387659192405408
1.6338314074091613
1.5991749956156127
1.586837703071069
1.5712153584318003
1.552566115395166
1.531269450642867
1.4905122687923722
1.4278261059807846
1.3989305681461701
1.3684568144963123
1.3537860331707634
1.303298922284739
1.255383177267504
1.2084537135524442
1.1662059976370074
1.1155110949766822
1.0295672196079977
0.9633990433212603
0.8867091467836872
0.919260584982112
0.9101539625407895
0.8827699458197458
0.8676129244704498
0.8796649569849251
0.8262744049570756
0.7991225505393231
0.7770380162837682
0.7349713185685687
0.6978520530392416
-2.2084444150241325
0
-0.12521763383119833
-0.17450732344877906
0
0
0
0
0
0
-0.00014823618403170258
-3.5207442841201555
0
0
0
0
0
0
0
0
0
0
0
0
0
0
0
0
0
0
0
-3.347817512883921
-3.7518477976263966
-4.0307877698214725
-4.437329879059689
-4.532281302803312
-4.512497455987614
-3.946160782754305
-6.081402743715444
0
0
-5.1316171293728985
-7.452393429950462
-8.587422253578552
-9.68131845141761
-12.58747967328236
0
-11.068566712652682
-11.371865206994698
-11.66033079038607
-0.5917238667752827
-0.5786912004259648
0
0
0
-15.412144372356124
0
0
0
0
0
0
-0.7054231502988841
0
0
-0.03302644357609097
0
0
-0.8251535253803013
0
0
0
0
0
0
0
0
0
0
0
0
-0.8941022580838762
0
0
-0.90231797179149
0
0
-0.9204545997781679
-0.929067970617325
0
-0.9524545172171202
0
0
-1.0383105241198791
0
0
-1.0756335781916277
0
0
-1.0913615931203822
0
0
-1.098825305394712
0
0
-1.1189395976107335
0
0
0
-1.1455123487685341
0
0
-1.163832645805087
0
0
-1.2115770716482075
0
0
-0.5633179013966583
0
0
0
-1.252342268882785
0
-15.317226730665425
-15.288254873012193
-15.281585093398462
-27.92644119131728
-15.41152980363404
0
-15.085187258024234
-15.189709031605162
-15.572068714740453
-16.022657495734165
-16.46451555992826
-16.84611628713901
-17.237084269116167
-17.66707661440887
-18.090877542999806
-18.434103427483933
-18.68098279221158
-17.328851228186977
-13.740913274785271
-10.127793989566271
-6.491944545530714
-2.8306260361423483
-0.06977960534277372
2.331168705016924
2.3549162284481566
0
0.19305706370616668
0.19256534202356063
0.192054797430017
