3.483200328424573
5.319821509780013
7.12492191005731
2.051171719795093
2.0766789606423117
2.0725890046014683
2.065640019631246
11.476675269659609
2.0613911040563835
2.0640952708781697
2.068826836970402
2.0747227600659244
2.0811491332860896
2.0876797829696443
2.0940427382738562
27.498631401424063
29.063231359556084
30.626033197317156
32.186945671986905
2.119447295932332
2.1230025103868684
2.126048341175192
2.1285996936640004
2.1306749078503344
18.93161961826263
2.1334814238070976
7.839882948843297
27.07118571011233
29.98768860619748
17.666346726065967
5.189196005216218
17.254574730613967
2.131653488293523
2.1302231388544897
2.1285575885121943
2.1266797588323243
2.124608494283166
2.1223610090237344
2.119952958470094
2.117398489761399
2.1147096082859207
2.1118939059379045
2.1089409298438113
2.102492010628339
2.0737064336863114
2.0679438225197373
2.062328547151992
2.0568399994954234
2.0514596013817936
2.0461743939085864
2.0409767598321196
2.0358623998909025
2.0308285132050514
2.040278362808749
2.0345859255758114
2.029000904702116
2.02351758122677
2.0181299413379747
2.012831545463996
2.0076150621607667
2.0024707732809475
1.997381991473958
1.99232643628784
1.9872925680538174
1.9822662255028263
1.9708242132910527
1.9664248886692803
2.201854525032104
1.9576295214355923
1.953190141430241
1.9486843882041285
1.9440465870138723
1.9391459597391076
1.9336907133256318
1.9269839228509227
1.9179162424698006
1.9086871544423047
2.0228158342215465
1.9538445766374934
2.0138833262462867
1.950942079492961
2.006022589514032
2.001208406247315
1.9959168342174962
1.9900487671839073
1.9837074878741987
1.9207731702481396
1.9722339164000005
1.9620940099994186
1.9463736142934067
1.9741049923031824
2.0053481482027564
1.9481427269929554
2.0304350805381546
2.039909559680382
2.018200386315584
2.0875062760169385
4.313010286641656
3.3724108841415728
1.9621362342877546
1.8969898617797298
3.34014796037809
4.782242239176412
1.9535805773048196
1.8882129348057788
1.8377906838431954
1.8099476380011765
1.7900374171149451
1.7849157977179857
1.7643073924264172
1.6828413475886919
1.6364416726282798
1.6373617649369407
1.6698857667070115
166.21464239388297
167.13178325162153
1.6405942155106459
1.6387659192405408
1.6338314074091613
1.5991749956156127
1.586837703071069
1.5712153584318003
1.552566115395166
1.531269450642867
1.4905122687923722
1.4278261059807846
1.3989305681461701
1.3684568144963123
1.3537860331707634
1.303298922284739
1.255383177267504
1.2084537135524442
1.1662059976370074
1.1155110949766822
1.0295672196079977
0.9633990433212603
0.8867091467836872
190.1197414896742
191.36038136735442
0.8827699458197458
0.8676129244704498
0.8796649569849251
0.8262744049570756
0.7991225505393231
197.92274492057913
0.7349713185685687
0.6978520530392416
2.776074874185724
2.1684392212482635
4.602365465849289
4.943062787002418
0.5309894765086938
0.7835056912153959
0.7078314073587535
9.269696759001818
9.560453545927885
10.300513803740614
1.522529704729095
0.001456437967135571
0.005035533191403374
0.010047449221019633
0.016800666984636337
2.9145995691942517
2.900717215554323
2.8866447671171045
133.13157292056712
2.8712266403454123
2.9364847724646097
54.082558939626324
67.43166979456146
5.564188230389846
54.60338332594256
3.4855451420589816
3.7178247056435794
4.072445948942914
4.789714837257634
5.129373677147669
7.235093579016393
3.2473024136852473
3.4291131876816507
3.4373844399669906
3.32512529604719
3.0619265872373944
2.8146459489216795
2.7563610459765187
1.5685045883001294
3.1688567604287528
2.9265422980388394
2.979391944318195
5.375835499638924
6.514376187406015
7.620466402164311
8.336775093397591
8.726010341517394
9.07264202432998
9.400528008874971
2.698808607819956
10.01975252541888
10.320430264808238
10.114931453746976
11.611561341924244
12.480509473884013
12.728742187959142
13.55073173888377
14.346382610325236
15.115781006796169
15.859387461227016
16.5777518991963
17.271485363235115
5.360254935891135
17.96762480806501
17.827561795711517
19.784430885178153
17.55893091566395
17.421804899073322
4.750108415159048
17.195304575318005
17.06119080564531
16.92825824394822
3.203894035075791
3.206227936374489
3.208565550870844
3.211046185271698
3.21398303854221
16.116761457698885
15.9917715529009
15.867473736958345
15.744387468090281
17.22944820293924
15.501915711691254
15.38250904782035
16.38629691854294
15.147291949091596
15.03146650767303
15.631606278926483
15.014562252850737
14.691255037061637
17.71215699778986
3.4047062861791346
3.402979504709947
17.225733655912336
3.399691584490938
3.398115191157558
16.832051666235202
3.395062401672476
3.393584353267215
16.55712876212783
3.3907184585550567
3.3893270035623573
16.409356651842245
3.38661999317992
3.3853014460910344
16.391812353904243
3.3827311304048635
3.381479043600848
3.3802489692607196
13.600384427321842
3.3778550729330163
3.3766910095873754
13.957509676474729
3.37442831696535
3.3733336848090403
5.611436345701804
3.371222038869746
12.085469182246015
16.93543263959873
11.769559454492992
11.689240810883348
11.606835735656205
5.252364546409808
11.438526635261951
8.811323576548602
9.029616307394463
9.247342652350198
9.466268888689228
9.685763699482777
9.904532678760006
7.256474300578702
7.473400115268305
3.301643874758156
3.311984130035853
3.322076868484146
3.329382222320419
3.337378826996428
3.347591729441774
3.357811562338611
3.3643878194707213
3.3668063844088465
3.3628003049525432
3.3607861686177785
3.3592399093031418
3.3584840519324644
3.3572931155504193
1.7347970786504447
2.331168705016924
2.3549162284481566
0
0.19305706370616668
0.19256534202356063
0.192054797430017
