0
0
0
0
0
0
0
0
0
0
0
0
0
0
0
0
0
0
0
0
0
0
0
0
0
0
0
0
0
0
0
0
0
0
0
0
0
0
0
0
0
0
0
0
0
0
0
0
0
0
0
0
0
0.0009603820888937127
0.0009062595185252484
0.00085449117384479
0.0008049396690884524
0.0007574781782074684
0.0007119853543587976
0.0006683379035088474
0.0006263929253833061
0.0005859538637242918
0.0005467052421409597
0.0005079224228599129
0.00046836001415529425
0
0
0.002651487441540201
0
0
0
0
0
0
0
0
8055712128058298e-20
0.008277491529572576
0.004148977131346328
0.00855371097616485
0.004722395864081357
0.008737212927822929
0.008746094920873068
0.008715775246736055
0.008642106457093773
0.008532654473534447
0.004647902990302786
0.008387866748928809
0.008361003644660504
0.008371446723926493
0.00844436475225101
0.008566583525076497
0.005171541017918126
0.008868015259084164
0.00900356305547937
0.006127798909373223
0.00923722539153506
0.006558905952915668
0.0037532090090941564
0.0006966725769043092
0
0
0
0.0010799538636721356
0
0
0
0
0
0.000696174992357307
0.000684758475030249
0.0006675428495372993
0.0006491325396218483
0.0006352150451804985
0.0006223447441366982
0.0006071630243165194
0.0005912910158067983
0.0005753907986383359
0.0005597077559327288
0.0005442435856184476
0.000528997225917044
0.0005144653336963729
0.0005005108988642751
0.000487128883124303
0.0004745847327691821
0.0004624764909710908
0.00044899471683069087
0.00043658525006984756
0.00042456666368262787
0.0004120107366378835
0.0004026662679512717
0.0003940427593052166
0.0003847043259175321
0.00037414539514224953
0.00036379261962871535
0.00035517476633329184
0.00034674353310171663
0.0003384336607970038
0
0
0
0
0
0
0
0
0
0
0
0
0
0
0
0
0
0
0
0
0
0
0
0
0
0
0
0
0
0
0
0
0
0
0
0
0
0
0
0
0
0
0
0
0
0
0
0
0
0
0
0
0
0
0
0
0
0
0
0
0
0
0
0
0
0
0
0
0
0
0
0
0
0
0
0
0
0
0
0
0
0
0
0
0
0
0
0
0
0
0
0
0
0
0
0
0
0
0
0
0
0
0
0
0
0
0
0
0
0
0
0
0
0
0
0
0
0
0
0
0
0
0
0
0
0
0
0
0
0
0
0
0
0
0
0
0
0
0
0
0
0
0
0
0
0
0
0
0
0
0
0
0
0
0
0
0.001685558825341091
0.0016332198632843659
0.0015820072794870547
0.001532182717482039
0.0014840159007756953
0.0014377186738932792
