0.0007256601491634758
0.0010172164383399098
0.0013307466107595534
0.0016128607530374796
0.0019297112737947414
0.002349132056198277
0.0028033177754296546
0.0032365643438207383
0.0037160607798959002
0.004245699614944222
0.0048292861380727905
0.0054705761724762976
0.00617990472793444
0.006947941309162361
0.007784927847811073
0.00873284262743011
0.009719747702956956
0.010786853266535374
0.011944427262909436
0.01318298783796668
0.01451250326217407
0.015936362717662824
0.01752392464313976
0.013811907456259317
0.008592539454087044
0.008847314947891616
0.009091609650482033
0.009325582843008641
0.009549409793968167
0.009763279960698878
0.009967395425698727
0.010161967964703929
0.010347216631457623
0.010523366790868858
0.01069065386444216
0.010849316392596084
0.010999594680902254
0.011141730113711792
0.011275964461978344
0.011402538984017788
0.011521693691179176
0.011633666781517548
0.011738694176017785
0.011837009547708428
0.011928846793448897
0.012014416963193624
0.012093920044361457
0.012167565480614503
0.012235561285568927
0.012298112703458633
0.012355420807441592
0.012407681554082055
0.012455085331445142
0.012497816843376737
0.012536055217056422
0.012569974232700017
0.012599742581481409
0.012625524293518648
0.0126474793913067
0.012665765277336802
0.012680540059142618
0.01269197307923959
0.012700264015210518
0.012705628221497142
0.012708255537677904
0.012708316190066401
0.012705951778182244
0.012701273289995624
0.012694394187507618
0.01268542873337592
0.012674472279660893
0.012661612773364441
0.012646933236706424
0.012630505158403506
0.012612397977897295
0.012592701674073947
0.012571519959684186
0.012548938139271465
0.01252500383819577
0.012499741341990512
0.012473169820107982
0.012445315190745458
0.012416235616470685
0.012386017269291463
0.01235472603766273
0.012322428001014091
0.012289159384545275
0.012254908937214216
0.012219698137937078
0.012183637346796767
0.012146931682918609
0.01210998299965649
0.012073425934766315
0.012037947284715678
0.012004069076129638
0.0119723859346276
0.011943479043610277
0.011917513698735732
0.011894395179541923
0.011874394458724197
0.011857874542795573
0.011844487465187318
0.011833237378266246
0.011822382582395072
0.011810356164165751
0.011796212574537107
0.011779461842576559
0.011759882831711544
0.01173732072133191
0.011711655423613748
0.011682850132692471
0.01165095302183067
0.011616045098118442
0.01157798730039685
0.011536700077037764
0.011492387396932605
0.011445196520973921
0.011395321299489865
0.011343114414106693
0.011288926937802746
0.011232346902636995
0.011173978774530866
0.01111465418085585
0.011054678086975302
0.01099419039677216
0.010933164305689927
0.010871389186898745
0.010808892304411174
0.010745644148365666
0.01068153202016886
0.010616345266120746
0.010549801122065109
0.010481734424521843
0.010411893634753021
0.01034028484332315
0.010266904735818917
0.010191265014033914
0.010110999475392277
0.010027056633632897
0.00994232579500559
0.009857790719951857
0.009773651326454571
0.009689732804152392
0.00960529847113595
0.009520214527620426
0.009434405586178635
0.009347339395508667
0.0092584134354483
0.009167392945978825
0.009074816741765345
0.00898035192861439
0.008884681916299018
0.008788696393711912
0.008692566101219363
0.00859649746388315
0.0085014665784213
0.008408738983187435
0.008317426061111353
0.008225446954801112
0.008130813449565552
0.008033025352913782
0.007934542057372582
0.007839000681185343
0.007749462615418757
0.007666080862767364
0.00758541889952494
0.007508393971611324
0.0074346016539414425
0.00736185912987324
0.007289256520508133
0.007216711405821836
0.007144384839576694
0.007071944777321736
0.0069992672876154636
0.006924753426175703
0.0068502527253207135
0.00678007430302266
0.006715576849436037
0.006656818270548137
0.006602547222983855
0.006551443646186153
0.0065023605565916924
0.006454441939172163
0.006408277021035995
0.006364300801616196
0.006322552485846151
0.0062828598778231935
0.006245025468796296
0.006209170412861594
0.006175699039320375
0.006144878116044317
0.006116523554034877
0.006090121005765658
0.006065106943008076
0.006040943883912134
0.006017053000005517
0.005992961199680681
0.005968311381571087
0.0059429598096546864
0.005917529050072495
0.005893334802261049
0.005871194388247778
0.005850696276443663
0.0058308866556242575
0.005811041137710529
0.005790881695465822
0.005770517380899926
0.005750243655190934
0.005730281292856952
0.005710652584998896
0.0056912896133540815
0.005672210580885602
0.0056535724975360175
0.0056355745082915685
0.005618312351536164
0.0056017112374752995
0.005585552512354154
0.005569539069379043
0.005553330199614947
0.0055365096662883416
0.005518442570664947
0.00549779989884236
0.005470925640469529
0.005427295370947966
0.005368954203088722
0.005337165737601043
0.005318502369454278
0.005300497605749675
0.005282015090032818
0.005262957938900318
0.005243283569773052
0.005222952296641328
0.005201919634253555
0.005180111797753725
0.005157400807853568
0.005133547097021644
0.005108082201048858
0.00507997815236859
0.005046537699924295
0.004999737610946509
0.004932638115237157
0.004882339523026068
0.004851096968238372
0.004821051323017622
0.004789203430694611
0.004753684850215743
0.004708475415820313
0.004652128622520316
0.004604557954978383
0.004559531255648578
0.004512527701830681
0.004467228752021077
0.0044244782176266215
0.004382376037381002
0.00433974489203173
0.004296149110640578
0.004251451915777194
0.0042057693011242885
0.004159334639492184
0.00411172211866136
0.004059289712480668
0.003991246678162604
0.003925192107593403
0.0038843928570397057
0.0038480236304808684
0.003809523428424931
0.0037650101011410396
0.0037084818657376908
0.003648212950284947
0.00360275012861308
0.0035631426359635523
0.0035229140805492633
0.003481008676267577
0.003437046561332716
0.0033903957485553623
0.0033395538947630786
0.003281520490123951
0.0032110139895977787
0.0031311814034560297
0.0030474332568349595
0.0029422522568988423
0.0028272363367924523
0.0027188504777178476
0.00260123415333448
0.0024712248450276535
0.0023416845593575296
0.0022393676282378987
0.0021566815710776514
0.002085338416109224
0.0020142559955075297
0.0019428951665025626
0.0018686826052486407
0.0017980663178879816
0.00173928260045328
0.001685558825341091
0.0016332198632843659
0.0015820072794870547
0.001532182717482039
0.0014840159007756953
0.0014377186738932792
