191.57528913711013
191.9689581796157
192.25228765257452
187.21373908674605
187.41921885476435
187.40940786505425
187.38864507188515
187.37233998198275
187.3602212598346
187.35189587393907
187.34713587975983
187.34587818549912
187.34818299400138
187.35419694071993
187.36412951877566
187.37824209319837
187.3968464489166
187.4203095916651
187.65520361427195
187.90486886114428
188.16827705508035
188.44555015260227
188.73684565969165
189.04233235175087
189.3621658778475
189.69645983520564
190.0452611574936
190.40854695861844
190.78624720353264
191.17825887860567
191.58447077026977
192.00479848033
192.4392281678867
192.88777056827684
193.35034575428602
193.8267628004345
194.31668901785758
194.81967654018536
195.33521530284418
195.862778775408
196.4018297751012
196.9517914974232
197.5120163166207
198.08178396753175
198.6603341467772
199.24692171190225
199.84084478408818
200.4414618961921
201.04817963118649
201.6604260432165
202.27762677217373
202.89919708028725
203.5245511616298
204.15311980828812
204.78436648948656
205.417796676813
206.05295989903522
206.68944602615892
207.32687665202343
207.96488818296677
208.6030856879172
209.24100297881307
209.87836832759643
210.51512711750138
211.15118931737618
211.78636221627553
212.42040174751486
213.05300864561644
213.68391799480474
212.97741958656584
211.6718638398442
210.38325764461385
209.11118077302754
207.85518949838325
206.61477268425375
205.38943596323796
204.1788283177721
202.98264651775472
201.28513244850348
199.52158203976376
198.2688595162699
196.69523794387425
195.44613334521495
194.21248237157886
192.99582963232234
191.79664433788062
190.61605694079532
189.45486217576232
188.31292251737005
187.1898460478311
186.0852312916307
184.99887949320942
183.18566264223733
182.04435057473302
180.98378290482304
179.9421404804197
178.91991873550523
177.89275833083718
176.9101975608791
175.94944831282425
171.7300124298912
161.15503828873454
159.82145938027247
158.81407751518424
157.5827642588547
156.44162833148627
155.64385271679376
154.94535050347912
154.16352566263782
151.76125064064323
150.42604066043933
149.75708022776897
149.0873148205436
148.41711923066146
147.74718829064153
147.07808830313292
146.41018799568982
145.7438806208443
145.0795086369501
144.41733588063795
143.75752943938994
143.10016917635653
142.44525546727476
141.79272269509715
141.1424350005627
140.49430179844518
139.84806307849436
139.20337193463922
138.55990483941906
137.91724355292803
137.27488475882265
136.6322824103315
135.98889332345692
135.34429172670139
134.6982477540315
134.05066165997164
133.40156850411924
132.7511444672832
132.09967225179963
131.44749880889646
130.79498894443122
130.14255197117865
129.49055322709515
128.8393277872936
128.18919844840903
127.54046664869169
126.89341037407071
126.24826937070746
125.60529313866972
124.96472433643096
124.32677774579325
123.69166311278573
123.05959799308816
122.4307879707635
121.8054059383055
121.18363856506274
120.56568187447746
119.95170084052793
119.34181909672807
118.73612858003916
118.13468625777989
117.537581952997
116.94494359722931
116.35692330528838
115.77366376623324
115.1952563931149
114.62179561129858
114.0533428836148
113.48994036128528
112.93159943562766
112.37835253222498
111.83026181245333
111.28735717789023
110.74963397794706
110.21704396424064
109.68957602165148
109.16726335927902
108.65014887662971
108.13827853839032
107.63167966863065
107.13037912507325
106.6343774686673
106.14367183036534
105.65826890472592
105.17817316098076
104.70338311975468
104.2338884098749
103.76968113303451
103.31075533347082
102.8570987813995
102.40870294307945
101.96555735470778
101.52764491836068
101.09494104714273
100.6674141981059
100.24502513483002
99.82772919887995
99.41547715723844
99.0082175429129
98.60590598742002
98.20851362430531
97.81602116822994
97.42840421926387
97.04562680457822
96.66764417933085
96.29440822614461
95.92587214832075
95.56199275367024
95.20272959948812
94.84804264131293
94.49789116517003
94.1522348267327
93.81103531600077
93.47425686391398
93.14186500611109
92.81382454958928
92.49009786321635
92.17064395815085
91.85541798364547
91.54437033638273
91.23744404508754
90.93456643608685
90.63562116827826
90.3403656535278
90.04858168167038
89.7605468013269
89.47637845803968
89.19604501015787
88.91950156094299
88.64670243048299
88.37760180597944
88.11215376402393
87.85031219055494
87.59203040073788
87.33726046565305
87.08595186191016
86.83804872643555
86.59348314177083
86.35215506575642
86.11386823693712
85.87834276319316
85.6457442742275
85.41626698532592
85.18989155494678
84.9665629505192
84.74620391073677
84.5286649911275
84.313779259601
84.10161895657534
83.89218200221788
83.6854122695728
83.48129790103698
83.27983723225658
83.08100591341216
82.8847656323088
82.69107304219273
82.49988336745015
82.31115345559951
82.12484321582535
81.94090775653166
81.75925888586559
81.57967958285079
81.4021646846904
81.22698778293632
81.05417224442445
80.88366282515253
80.71535781468447
80.54908352586834
80.3847656110583
80.22255272948823
80.06248666198297
79.90453180116413
79.74864014191859
79.59475939301842
79.4428300510406
79.29277526299192
79.1444826119741
78.99777691084887
78.85251769675162
78.70862944275126
78.56582770255007
78.42396715745019
78.28310058058887
78.1430908242992
78.0037631097011
77.86509742837707
77.7273958871889
77.59087408655043
77.45564027576624
77.32167312066433
77.18894641796837
77.05740335451559
76.92706472710148
76.7980506102854
0
0
0
0
0
0
