67.02144736842104
67.02144736842104
67.02144736842102
61.778947368421036
61.77894736942107
61.77894736942103
61.77894736942103
61.77894736942102
61.77894736942105
61.77894736942104
61.77894736942104
61.778947369421054
61.77894736942106
61.77894736942105
61.77894736942104
61.77894736942104
61.77894736942105
61.77894736942105
61.77894736942105
61.77894736942105
61.77894736942105
61.77894736942105
61.77894736942105
61.77894736942105
61.778947369421026
61.77894736942105
61.77894736942105
61.77894736942106
61.77894736942103
61.77894736942103
61.77894736942105
61.77894736942105
61.77894736942103
61.77894736942104
61.77894736942105
61.77894736942105
61.77894736942105
61.778947369421054
61.77894736942106
61.77894736942108
61.77894736942105
61.77894736942106
61.77894736942104
61.77894736942099
61.77894736942107
61.77894736942105
61.77894736942105
61.77894736942105
61.77894736942107
61.77894736942103
61.77894736942103
61.77894736942104
61.77894736942102
61.778947369421076
61.77894736942106
61.77894736942105
61.77894736942105
61.77894736942107
61.77894736942106
61.77894736942113
61.77894736942105
61.778947369421054
61.77894736942106
61.77894736942103
61.77894736942106
61.77894736942103
61.77894736942104
61.77894736942105
61.77894736942104
61.35703469472171
60.746521998861134
60.14208400582259
59.5436602713031
58.95119095243052
58.36461680177925
57.7838791614454
57.208919957180996
56.63968169258645
56.07610744336098
55.51814085160996
54.96572612020928
54.418808007225465
53.87733182039141
53.34124341163723
52.8104891716753
52.285016024639326
51.764771422776676
51.2497033411937
50.739760272652966
50.234891222422654
49.735045703177036
49.24017372994764
48.75022581512479
48.26515296350861
47.78490666740982
47.30943890179857
46.838702119502045
46.37264924644977
45.911233676966035
45.45440926910936
45.002130340058315
44.55435166154308
44.11102845532265
43.67211638870696
43.23757157012359
42.80735054472857
42.38141029006082
41.959708211739944
41.54220213920669
41.128850321505865
40.71961142311123
40.31444451979196
39.91330909452003
39.51616503341869
39.12297262175081
38.73369253994758
38.348285859676444
37.96671403994819
37.58893892326286
37.21492273179398
36.84462806361071
36.47801788893766
36.11505554645187
35.75570473961659
35.39992953305169
35.04769434894004
34.698963963469694
34.35370350331151
34.0118784421317
33.67345459713937
33.338398125667936
33.00667552179106
32.67825361297194
32.35309955674596
32.031180837436565
31.71246526290356
31.396920961323886
31.084516378004427
30.775220272226534
30.469001714121852
30.165830081579408
29.86567505718329
29.56850662518093
29.27429506748154
28.983010964684173
28.694625187135888
28.409108896018573
28.126433539465186
27.846570849704538
27.56949284023441
27.295171803022953
27.02358030573786
26.754691189003054
26.48847756368281
26.22491280819273
25.963970565837645
25.705624742175853
25.449849502409705
25.196619268802092
24.945908718118574
24.697692779095217
24.451946629931246
24.20864569580696
23.967765646426194
23.72928239358328
23.493172088754182
23.25941112071168
23.027976113164137
22.79884392241797
22.571991635063156
22.34739656568188
22.125036254580074
21.904888465541315
21.68693118360325
21.471142612856053
21.25750117426281
21.045985503501633
20.8365744488292
20.62924706896551
20.42398263099982
20.22076060831726
20.01956067854623
19.820362721526077
19.623146817295098
19.427893244098534
19.23458247641634
19.043195183010656
18.853712224992663
18.666114653908643
18.480383709845153
18.296500819553025
18.11444759459
17.934205829481844
17.75575749990186
17.579084760868383
17.404169944960277
17.230995560550184
17.059544290055364
16.889798988205882
16.721742680330102
16.555358560657176
16.390629990636512
16.227540497273804
16.06607377148382
15.906213666459426
15.747944196056899
15.591249533197317
15.436114008283793
15.282522107634575
15.130458471931593
14.979907894684569
14.830855320710304
14.683285844627203
14.537184709364672
14.392537304687448
14.249329165734501
14.107545971572623
13.967173543764217
13.828197844949544
13.690604977442895
13.554381181842876
13.41951283565639
13.285986451936441
13.153788677933367
13.022906293759622
12.893326211067702
12.765035471741367
12.638021246599774
12.51227083411456
12.387771659139686
12.264511271653905
12.142477345515744
12.021657677230902
11.902040184731868
11.783612906169697
11.666363998717863
11.550281737387895
11.435354513856943
11.321570835306858
11.20891932327499
11.097388712516238
10.9869678498766
10.87764569317778
10.769411310113014
10.662253877153798
10.55616267846754
10.451127104845959
10.34713665264417
10.24418092273028
10.142249619445519
10.041332549574594
9.941419621326435
9.842500843324956
9.74456632360992
9.647606268647742
9.55161098235213
9.456570865114458
9.36247641284379
9.269318216016504
9.177086958735273
9.085773417797519
8.99536846177304
8.905863050090911
8.817248232135363
8.729515146350764
8.642655019355416
8.55665916506424
8.471518983820147
8.387225961534062
8.303771668833502
8.22114776021966
8.139345973232817
8.058358127626114
7.978176124547489
7.898791945729824
7.820197652689079
7.742385385930458
7.665347364162437
7.589075883518647
7.513563316787456
7.438802112649269
7.364784794921371
7.291503961810302
7.218952285171692
7.147122509777409
7.076007452590061
7.005600002044663
6.93589311733749
6.86687982772198
6.798553231811665
6.730906496890006
6.663932858227147
6.597625618403404
6.5319781466395455
0
0
0
0
0
0
