6007.718289056868
6034.808957177454
6083.144887983176
6070.194991085455
6016.646054977842
6009.572091050844
5868.022757975667
5720.900194933873
5589.00251352884
5465.656104122586
5374.7553652920205
5288.717072109928
5202.249866995901
5176.453129334004
5208.306224744549
5234.991795216214
5258.577798980911
5276.113951861867
5254.612265304228
5207.225749153594
5142.369903511387
5059.4397615098305
4960.048316195374
4863.802382286253
4770.073161310135
4643.462284555383
4549.983945940812
4690.254297042549
4530.705293672145
4428.045570174448
4358.314948203084
4365.258936108877
4306.942512269411
4250.714617109454
4221.000815212212
4160.257425047025
4246.280230943567
4338.829960232379
4468.567704192464
4649.406686852401
4703.3936229082765
4701.6380901442635
4691.492436873668
4701.601076507185
4784.258636713592
4806.345419629726
4821.731549220324
4837.062915353694
4852.267040872278
4867.2983331217565
4882.148215619818
4896.831128657664
4898.4525994806545
4927.746049229222
4956.887780043506
5004.332949624181
5026.422174607033
5048.206913260668
5071.1002199699315
5094.240274793885
5127.232383737672
5148.090597274953
5168.823130310258
5189.400992633235
5206.847118816957
5258.058343624224
5309.907473751514
5349.465856843278
5386.677698105466
5420.3563206289555
5439.672760700658
5456.661168803315
5479.371835265556
5503.967063762451
5524.514009885298
5543.799564442028
5612.211619182354
5703.631377317926
5776.042049663948
5828.22877151605
5910.914535690197
5934.794889750254
5956.773927748527
5970.966506895689
5972.22311508318
5963.39960420287
5956.679624162033
5919.95688593419
5873.58538726525
5818.729605004983
5768.028592540202
5707.608241563514
5631.379085206216
5526.58946503833
5413.2449685108695
5348.59351507656
5280.864985682877
5217.91283546295
5153.750048912453
5089.721239252791
5002.4735268388695
4896.206357787453
4803.704823149858
4754.223895204514
4678.7702684339765
4602.885347907342
4516.54283144722
4470.807292832844
4430.013344228158
4399.759066057045
4365.493331392425
4349.339311132452
4334.15924751821
4341.483926056704
4353.924235225696
4366.364980320744
4394.017689335364
4377.968275466187
4362.982897237852
4345.481531621002
4330.640383222274
4317.607149234826
4302.939999164978
4290.773257851983
4283.203502388977
4269.118485576909
4253.014623416228
4239.903210063114
4226.711912869689
4213.41834658486
4202.526972554079
4227.01851958737
4211.681735643
4197.546525627535
4187.980485142293
4212.414710758302
4195.138114456419
4175.7010357835015
4200.924398047063
4185.346621599356
4171.3082664904805
4155.369427489809
4131.483708893413
4104.516494146445
4080.3794991049217
4068.3093917158712
4062.0824521133204
4067.0707643055307
4025.9697790081086
4010.055884340244
3994.728961939468
3981.3564055413535
3968.9223161638306
3925.771939010728
3884.0104355668823
3843.7485462177983
3805.1009653743718
3785.749341996962
3769.9835590146326
3760.5341066484784
3748.4129144617555
3736.5808503884173
3723.4863337080296
3708.5848869148945
3696.2030643013836
3685.9477090074615
3677.4506640072173
3669.5488028324007
3662.701383821495
3663.7258387462516
3673.36826174505
3693.55532384038
3706.464346124784
3683.517950667796
3660.3504552884174
3637.5511410156982
3614.2766021795196
3588.726024323191
3584.533976564794
3560.793025584204
3536.5419099669907
3512.1973890391937
3488.2463078695546
3466.0453517047235
3445.345480253571
3425.1288911955785
3406.254875190852
3389.89261424546
3376.4152639889635
3362.604118835024
3347.430119411133
3331.8711994455252
3311.86858064165
3293.803424044188
3281.7855294747415
3269.025312841814
3256.0619225305745
3241.65148667188
3227.476750549532
3216.115142455469
3203.7575793533792
3191.5044867983056
3179.297516123141
3167.133564011033
3155.011334472854
3142.930676332872
3130.892578817489
3118.899221520219
3106.9538231577685
3095.060231335892
3081.352467815218
3069.556925127753
3057.130524083703
3041.687172272808
3026.241571010946
3010.900149821545
2995.6449934345846
2982.555406545981
2969.5528417188893
2956.640382919519
2941.080488178184
2923.77733858367
2906.6134796969295
2889.5889994027766
2872.7002818136057
2851.756646003481
2831.0170288695576
2810.488298306349
2790.1695657528535
2773.6471511995715
2753.724434764404
2734.009035517326
2718.0244698033293
2698.7040426561653
2679.590830289573
2661.749191725288
2646.492219759173
2627.978245465407
2611.8891351436573
2592.490401441399
2573.266651210924
2557.525151498219
2538.624146043806
2519.9599840151222
2504.7957638277935
2486.5942911101315
2468.634766153492
2454.098467379769
2436.653486169727
2419.463936110439
2405.385054442927
2388.440797348424
2371.7361355445273
2358.2126701249676
2341.963716228047
2325.9450068185415
2310.153077769156
2297.3981059179673
2282.0368144108984
2266.8945405077907
2254.6768990180144
2239.939914076024
2225.370076875502
2213.576798618378
2199.3553575918772
2185.2840064955676
2173.9170934797485
2160.6314813202216
2148.028018398121
2135.4112628431844
2125.3116690619654
2112.9639448176613
2104.4528925881336
2096.1391692125617
2087.9143586105615
2077.2622621145065
2069.951777081208
2059.56867570826
2053.0207830869876
2046.7777324682452
2040.6851895739442
2034.8066697913064
2029.1614619228785
2023.7231958461243
2018.5263135052815
2013.6261740765349
2008.8958513165258
2004.209735497097
2000.0057002760566
1995.9504664346973
1991.9950412158191
1988.1449928662594
1984.4156218073163
1980.7983748699187
0.37304640127148647
0.37138868295243704
0.7068692284572278
0.36875765387062287
1.4815170374356212
1.5236303697600402
