6095.644096603157
6170.22913873349
6222.046073056002
6225.5092885739605
6185.360528591641
6183.728991859929
6046.481232860503
5901.720957240133
5764.36153698036
5629.454156402279
5535.97935078545
5443.0380694567175
5357.586478117584
5322.645638301469
5339.7912255821
5355.081475221634
5368.834340880803
5380.1210259217805
5345.839355661973
5285.17221471331
5212.031589443245
5108.601559671712
4996.706882296419
4888.328731270526
4782.46181054283
4646.731865080084
4550.922024735206
4691.633296262631
4531.031831150549
4428.045570174451
4358.314948204079
4365.258936108865
4306.942512269412
4250.714617109446
4221.0008152122155
4160.257425047034
4246.280230943574
4338.82996023239
4468.567704192463
4649.406686852367
4703.393622908299
4701.638090144269
4691.492436873661
4701.60107650719
4784.258636714583
4806.345419629729
4821.731549220328
4837.062915353696
4852.267040872295
4867.298333122779
4882.148215619829
4896.831128656656
4898.452599480674
4927.746049228243
4956.887780044511
5004.332949623183
5026.422174606039
5048.206913260685
5071.100219969939
5094.240274792898
5127.232383738639
5148.090597273936
5168.823130311262
5189.400992633206
5206.847118815978
5258.0583436252555
5309.907473752516
5349.465856843352
5386.677698106552
5420.3563206290155
5439.672760700578
5456.661168803307
5479.371835264638
5503.96706376345
5524.51400988434
5543.799564440978
5612.211619182351
5703.631377316923
5776.042049663934
5828.228771517045
5910.914535689197
5934.79488975025
5956.773927748527
5970.966506895657
5972.223115084183
5963.399604202868
5956.67962415995
5919.956885932099
5873.585387263168
5818.72960500613
5768.02859254021
5707.608241564536
5631.379085206215
5526.589465036142
5413.244968510849
5348.593515075631
5280.864985685031
5217.912835465098
5153.750048914596
5089.72123925495
5002.473526838873
4896.206357789695
4803.70482315202
4754.22389520452
4678.770268433975
4602.885347907347
4516.542831447215
4470.807292832845
4430.013344228157
4399.759066057027
4365.493331394675
4349.339311133451
4334.159247517219
4341.483926055205
4353.924235224693
4366.364980319745
4394.017689334364
4377.968275466186
4362.982897237852
4345.481531620007
4330.640383222395
4317.607149235332
4302.939999164977
4290.773257850986
4283.20350238798
4269.1184855769125
4253.014623417233
4239.9032100631175
4226.711912869689
4213.418346583858
4202.526972552578
4227.018519587366
4211.681735642999
4197.546525626034
4187.980485142294
4212.414710757304
4195.138114455417
4175.701035782998
4200.92439804707
4185.346621598577
4171.308266490202
4155.369427489027
4131.4837088931545
4104.516494147027
4080.37949910473
4068.309391716478
4062.0824521116524
4067.07076430436
4025.969779006942
4010.055884340082
3994.728961939303
3981.3564055411825
3968.9223161626683
3925.771939009557
3884.0104355667168
3843.748546217622
3805.100965374198
3785.749341995307
3769.9835590141306
3760.5341066483106
3748.412914460588
3736.5808503872413
3723.4863337078623
3708.584886913728
3696.203064301225
3685.947709007297
3677.450664007056
3669.5488028323894
3662.7013838164003
3663.7258387462534
3673.3682617437744
3693.555323840227
3706.4643461256237
3683.517950668633
3660.350455288315
3637.551141015701
3614.2766021794164
3588.7260243229284
3584.5339765620856
3560.7930255822293
3536.5419099651176
3512.197389036321
3488.246307866681
3466.045351701853
3445.34548025139
3425.1288911927677
3406.254875193751
3389.8926142441815
3376.415263986946
3362.604118835035
3347.430119410961
3331.871199445259
3311.8685806413837
3293.8034240444476
3281.7855294744695
3269.0253128418126
3256.0619225304763
3241.6514866712146
3227.476750548691
3216.115142458639
3203.7575793538763
3191.5044867984743
3179.2975161244754
3167.1335640125344
3155.0113344738575
3142.9306763350405
3130.8925788189854
3118.8992215217145
3106.9538231599354
3095.060231335897
3081.3524678173853
3069.556925130587
3057.1305240820407
3041.6871722728065
3026.2415710109453
3010.900149823213
2995.644993436341
2982.555406547734
2969.552841720647
2956.640382921267
2941.0804881811846
2923.777338586652
2906.613479698934
2889.5889994047784
2872.7002818171118
2851.756646006986
2831.017028873063
2810.4882983088496
2790.169565752851
2773.647151203064
2753.724434767896
2734.0090355173234
2718.02446980683
2698.7040426596623
2679.5908302895723
2661.7491917249413
2646.4922197585392
2627.9782454670644
2611.8891351461098
2592.490401443852
2573.266651210926
2557.525151500678
2538.6241460462647
2519.959984015122
2504.795763830252
2486.594291112617
2468.6347661534937
2454.0984673822313
2436.653486172211
2419.4639361104364
2405.385054445405
2388.4407973483585
2371.7361355445296
2358.2126701259704
2341.9637162290524
2325.9450068184856
2310.153077770156
2297.398105916886
2282.036814412741
2266.8945405077898
2254.6768990169667
2239.939914076086
2225.3700768765034
2213.5767986183464
2199.355357591905
2185.2840064975617
2173.917093478746
2160.631481319223
2148.028018397121
2135.4112628431835
2125.311669065465
2112.9639448201588
2104.4528925906316
2096.139169215063
2087.914358611059
2077.262262117
2069.9517770847096
2059.5686757107615
2053.020783087983
2046.777732471745
2040.6851895774432
2034.8066697948007
2029.1614619280226
2023.7231958481195
2018.5263135072748
2013.6261740785333
2008.8958513180235
2004.2097354970929
2000.0057002760536
1995.950466434689
1991.9950412158144
1988.1449928662537
1984.4156218073092
1980.7983748674149
0
0
0
0
0
0
