0.02108098910325382
0.014984525335662942
0.01767591725303155
0.0220440306152502
0.02340620240436609
0.02288388807855859
0.021742647444693394
0.020548650126743614
0.019413788023621318
0.018324270677887274
0.017267540504395384
0.016240810259236474
0.015245182772528364
0.01428269854925655
0.013355251617483624
0.01246421659632897
0.011610337311296348
0.010793731632642899
0.010013946404824763
0.009270040422642815
0.008560690728824757
0.007884324076634095
0.007239276578059817
0.0066239792176820455
0.0060371510525988725
0.005477962483600398
0.004946105580992357
0.004441723571620042
0.003965216439696726
0.0035167583265289107
0.003096366434028288
0.0027036667398125593
0.0023379776156987695
0.001997661137241271
0.0016809172496579095
0.0013863961028537375
0.0011125443663422957
0.0008578105581106362
0.0006206806019575923
0.00039972141838194266
0.00019361159236867072
11640617017314105e-22
0
0
0
0
0
0
0
0
0
0
0
0
0
0
0
0
0.0007119853543587946
0.0006683379035088483
0.000626392925383308
0.0005859538637242929
0.0005467052421409604
0.0005079224228599076
0.0004683600141552955
0
0
0.0026514874415402004
0
0
0
0
0
0
0
0
8055712128058179e-20
0.008277491529572576
0.004148977131346327
0.00855371097616485
0.0047223958640813584
0.008737212927822929
0.008746094920873066
0.008715775246736054
0.008642106457093773
0.008532654473534445
0.004647902990302785
0.008387866748928809
0.008361003644660506
0.008371446723926495
0.008444364752251009
0.008566583525076497
0.005171541017918126
0.008868015259084169
0.009003563055479372
0.006127798909373223
0.009237225391535058
0.0065589059529156685
0.003753209009094156
0.0006966725769043084
0
0
0
0.0010799537867490613
0
0
0
0
0
0.0006961749154342304
0.0006847584750302484
0.0006675428495372973
0.0006491325396218553
0.0006352150451805165
0.00062234466721362
0.0006071630243165169
0.0005912910158067977
0.0005753907986383338
0.0005597077559327308
0.000544243585618446
0.0005289972259170439
0.0005144653336963718
0.0005005108988642748
0.0004871288831243038
0.0004745847327691819
0.00046247649097109025
0.0004489947168306902
0.0004365852500698469
0.00042456666368262744
0.0004120107366378832
0.0004026662679512709
0.0003940427593052169
0.0003847043259175335
0.0003741453951422487
0.00036379261962871465
0.0003551747663332917
0.000346743533101716
0.00033843366079700307
0
0
0
0
0
0
0
0
0
0
0
0
0
-15094394110703745e-26
-1936555018909331e-25
-2538201614700834e-25
0
0
0
0
-5166917489482716e-25
-7004949682542633e-25
0
0
0
0
0
0
0
-7095907681520343e-25
-9464423982777999e-25
0
-40185335401168653e-26
-5243624338154754e-25
0
0
0
0
0
0
0
0
0
0
0
0
0
0
0
0
0
0
0
0
0
0
0
0
0
0
0
0
0
0
0
0
0
0
0
0
0
0
0
0
0
0
0
0
0
0
0
0
0
0
0
0
0
0
0
0
0
0
0
0
0
0
0
0
0
0
0
0
0
0
0
0
0
0
0
0
0
0
0
0
0
0
0
0
0
0
0
0
0
0
0
0
0
0
0
0
0
0
0
0
0
0
0
0
0
0
0
0
0
0
0
0
0
0
0
0
0
0
0
0
0
0
0.001685558825341091
0.0016332198632843659
0.0015820072794870549
0.001532182717482039
0.0014840159007756953
0.001437718673893279
