0.03628300745817379
0.05086082191699549
0.06653733053797767
0.08064303765187399
0.09648556368973707
0.11745660280991384
0.14016588877148273
0.1618282171910369
0.185803038994795
0.21228498074721108
0.24146430690363951
0.2735288086238149
0.308995236396722
0.34739706545811805
0.38924639239055364
0.43664213137150554
0.4859873851478478
0.5393426633267687
0.5425306538606305
0.5427213263688789
0.5411262335473874
0.5378708762950202
0.5330743534857518
0.5268493670497724
0.5193025333026821
0.5105349884252625
0.5006432197267022
0.48971996502800574
0.47785496157291407
0.4651353707456348
0.4516454750991373
0.43746649658637765
0.42267609605819173
0.40734802945221926
0.39155092009819004
0.375348201163844
0.35879892849753214
0.34195765977257325
0.3248746251026627
0.3075959414108352
0.29016387857952314
0.2726171562746166
0.2549912582237385
0.23754887824971177
0.2202996251051183
0.20325090086053976
0.18640949466557855
0.16978163865129334
0.15337300590724806
0.1371887313730647
0.12123343363683306
0.10551123813616678
0.09002580116441584
0.07478033389302251
0.05977762589557489
0.045020067831701066
0.030509673090638942
0.0162480985453838
0.012647478468229771
0.012665764354259878
0.012680539136065696
0.012691972156162662
0.012700263092133596
0.012705627298420223
0.012708254614600982
0.01270831526698948
0.012705950855105315
0.012701272366918695
0.012694393264430698
0.012685427810298992
0.012674471356583962
0.01266161185028752
0.012646932313629502
0.012630504235326577
0.012612397054820368
0.012592700750997025
0.012571519036607266
0.012548937216194546
0.012525002915118846
0.01249974041891359
0.012473168897031064
0.012445314267668536
0.01241623469339376
0.012386016346214546
0.012354725114585807
0.012322427077937166
0.012289158461468348
0.012254908014137294
0.012219697214860156
0.012183636423719845
0.01214693075984169
0.012109982076579569
0.012073425011689395
0.01203794636163876
0.012004068153052714
0.011972385011550677
0.011943478120533353
0.011917512775658806
0.011894394256464998
0.011874393535647272
0.011857873619718653
0.011844486542110396
0.01183323645518932
0.01182238165931815
0.011810355241088808
0.011796211651460166
0.011779460919499631
0.011759881908634622
0.011737319798254982
0.011711654500536824
0.011682849209615542
0.011650952098753746
0.011616044175041557
0.011577986377319912
0.011536699153960838
0.011492386473855682
0.011445195597896998
0.011395320376412943
0.011343113491029773
0.01128892601472582
0.011232345979560073
0.011173977851453944
0.011114653257778924
0.01105467716389838
0.010994189473695236
0.010933163382613003
0.010871388263821825
0.01080889138133425
0.010745643225288742
0.01068153109709194
0.010616344343043822
0.010549800198988185
0.010481733501444919
0.010411892711676096
0.010340283920246229
0.010266903812741994
0.01019126409095699
0.010110998552315354
0.010027055710555975
0.009942324871928664
0.009857789796874935
0.009773650403377644
0.00968973188107547
0.009605297548059024
0.009520213604543502
0.00943440466310171
0.009347338472431738
0.00925841251237138
0.0091673920229019
0.009074815818688419
0.008980351005537467
0.008884681017243002
0.008788695537367323
0.008692565305039486
0.008596496752196025
0.008501465985035282
0.008408738554943703
0.008317425862713657
0.008225446421492864
0.008130813100060518
0.008033024736884439
0.007934541285548085
0.007838999817677805
0.007749461803506718
0.007666080121228375
0.007585418253701242
0.0075083934556088115
0.007434601313532083
0.00736185902631562
0.007289256080500266
0.0072167107576750445
0.007144384313938814
0.00707194441515813
0.006999266695198684
0.006924752688048712
0.006850251894480229
0.006780073412872121
0.006715575926359115
0.006656817347471213
0.006602546299906933
0.006551442723109229
0.006502359633514763
0.006454441016095237
0.006408276097959074
0.006364299878539271
0.006322551562769228
0.006282858954746267
0.006245024545719371
0.00620916948978467
0.006175698116243452
0.0061448771929673955
0.006116522630957951
0.006090120082688734
0.006065106019931153
0.006040942960835209
0.006017052076928593
0.005992960276603756
0.005968310458494163
0.005942958886577763
0.005917528126995571
0.0058933338791841245
0.005871193465170855
0.00585069535336674
0.005830885732547336
0.005811040214633604
0.005790880772388899
0.005770516457823002
0.00575024273211401
0.0057302803697800294
0.005710651661921971
0.005691288690277156
0.0056722096578086766
0.005653571574459086
0.005635573585214642
0.00561831142845924
0.0056017103143983765
0.005585551589277228
0.005569538146302121
0.005553329276538021
0.005536508743211418
0.005518441647588022
0.005497798975765437
0.005470924717392604
0.005427294447871043
0.005368953280011798
0.0053371648145241184
0.005318501446377353
0.005300496682672752
0.005282014166955893
0.005262957015823395
0.005243282646696127
0.005222951373564403
0.005201918711176628
0.0051801108746768005
0.005157399884776644
0.005133546173944721
0.005108081277971936
0.005079977229291667
0.005046536776847377
0.004999736687869595
0.004932637192160232
0.004882338599949155
0.004851096045161453
0.004821050399940698
0.004789202507617688
0.004753683927138813
0.00470847449274339
0.0046521276994433945
0.0046045570319014585
0.004559530332571653
0.004512526778753755
0.004467227828944153
0.0044244772945496984
0.0043823751143040835
0.004339743968954808
0.004296148187563656
0.0042514509927002704
0.0042057683780473655
0.004159333716415258
0.004111721195584435
0.0040592887894037415
0.003991245755085678
0.003925191184516479
0.003884391933962782
0.0038480227074039453
0.003809522505348007
0.0037650091780641166
0.0037084809426607673
0.0036482120272080232
0.0036027492055361572
0.0035631417128866296
0.0035229131574723406
0.0034810077531906547
0.0034370456382557925
0.0033903948254784396
0.0033395529716861547
0.0032815195670470284
0.0032110130665208548
0.0031311804803791066
0.003047432333758036
0.0029422513338219192
0.0028272354137155293
0.0027188495546409236
0.0026012332302575553
0.0024712239219507296
0.0023416836362806057
0.002239366705160975
0.002156680648000729
0.0020853374930323
0.0020142550724306066
0.0019428942434256392
0.001868681682171717
0.001798065394811058
0.0017392816773763565
0.001685558825341091
0.0016332198632843659
0.0015820072794870549
0.001532182717482039
0.0014840159007756953
0.001437718673893279
