249.8994462852152
247.46506899525662
245.0549141640504
237.42624077410395
235.0638102070921
232.72488621598757
230.40923490744257
228.7809517612672
226.5045432562289
224.2507853942706
222.01945279772787
219.81032233148196
217.6231730806445
215.4577863284685
213.31394553447387
211.19143631279502
209.0900464107406
207.00956568756965
204.9497860934758
202.91050164878303
200.8915084233479
198.89260451616514
196.9135900351783
194.95426707729015
193.01443970857193
191.09391394467036
189.19249773140876
187.310000925581
185.44623527593794
183.6010144043613
181.7741537872265
179.96547073694933
178.1747843837173
176.40191565740326
174.64668726965664
172.90892369617652
171.18845115915715
169.48509760991092
167.7986927116639
166.12906782252045
164.47605597860056
162.83949187734248
161.21921186097182
159.61505390013699
158.0268575777051
156.45446407272027
154.89771614452187
153.3564581170197
151.83053586312656
150.31979678934545
148.82408982051012
147.3432653846773
145.87717539816921
144.42567325076567
142.98861379104218
141.56585331185522
140.1572495359713
138.762661601839
137.38195004950276
136.01497680665668
134.66160517483723
133.32169981575365
131.9951267377533
130.68175328242307
129.38144811132253
128.09408119285158
126.81952378924511
125.55764844370076
124.30832896763228
123.07144042805136
121.84685913507275
120.634462629547
119.4341296708132
118.24574022457517
117.06917545089792
115.9043176923236
114.75105046210567
113.60925843256003
112.4788274235323
111.35964439097948
110.25159741566564
109.15457569196994
108.06846951680582
106.99317027865055
105.92857044668439
104.87456356003679
103.83104421714098
102.79790806519283
101.77505178971639
100.76237310423171
99.75977074002614
98.76714443602796
97.78439492877958
96.81142394251108
95.84813417931329
94.89442930940703
93.95021396151054
93.01539371330227
92.08987508197829
91.17356551490417
90.26637338035968
89.36820795837541
88.47897943166059
87.59859887662154
86.72697825446919
85.86403040241491
85.0096690249544
84.16380868523777
83.32636479652642
82.49725361373343
81.6763922250497
80.86369854365228
80.0590912994957
79.26249003118512
78.47381507792987
77.69298757157739
76.9199294287263
76.1545633429182
75.3968127769066
74.64660195500348
73.9038558555015
73.16850020317167
72.44046146183601
71.71966682701375
71.0060442186406
70.29952227386116
69.60003033989213
68.90749846695724
68.22185740129196
67.54303857821851
66.87097411528885
66.20559680549658
65.54684011055633
64.8946381542495
64.24892571583707
63.6096382235371
62.97671174806759
62.35008299625357
61.729689304697615
61.11546863351361
60.507359560122616
59.90530127311048
59.30923356614678
58.71909683096415
58.134832055397375
57.556380811482065
56.983685253611526
56.41668811175298
55.85533268571973
55.29956283950131
54.749322995649905
54.20455812972273
53.66521376477909
53.13123596593316
52.60257133495989
52.079167004955785
51.56097063505164
51.04793040517859
50.539995010886344
50.037113658211645
49.53923605860066
49.046312423878376
48.55829346127054
48.07513036847424
47.59677482877748
47.12317900622772
46.654295540848054
46.19007754390118
45.73047859320054
45.27545272846808
44.824954446738104
44.37893869780713
43.93736087972848
43.50017683435236
43.067342842909966
42.63881562164144
42.214552317467515
41.79451050370428
41.378648175820295
40.9669237472362
40.55929604516604
40.15572430649994
39.75616817372767
39.36058769090306
38.96894329964811
38.58119583519738
38.197306522481256
37.81723697224859
37.4409491772276
37.06840550832524
36.699568710864135
36.33440190085722
35.97286856131915
35.6149325386147
35.26055803884333
34.90970962425971
34.562352209730065
34.21845105922344
33.877971782338214
33.54088033086295
33.2071429953716
32.8767264018525
32.54959750837095
32.225723601765
31.905072294374087
31.587611520800248
31.273309534701603
30.96213490561758
30.65405651582601
30.349043557231145
30.047065528282943
29.748092230926886
29.452093767584085
29.159040538161527
28.868903237092077
28.58165285040382
28.29726065281875
28.01569820488008
27.73693735010839
27.4609502121859
27.187709192168825
26.917186965727478
26.649356480413772
26.384190952955958
26.12166386658034
25.861748968359525
25.604420266587063
25.34965202817835
25.097418776097246
24.847695286808314
24.60045658775457
24.35567795486004
24.11333491005745
23.873403218840398
23.635858887839785
23.40067816242458
23.16783752432624
22.93731368928693
22.709083604731035
22.483124447459925
22.25941362136955
22.037928755190894
21.81864770025275
21.601548528266907
21.386609529135235
21.173809208778714
20.963126286987965
20.754539695295257
20.548028574867573
20.343572274420804
20.14115034815449
19.940742553707352
19.742328850132928
19.545889395895507
19.351404546885973
19.158854854457353
18.968221063479955
18.779484110415787
18.592625121412297
18.407625410414845
18.224466477298183
18.043130006016348
17.86359786277112
17.685852094198534
17.509874925573637
17.335648759032903
17.1631561718145
16.99237991451595
16.82330290936922
16.65590824853289
16.490179192401392
16.32609916793098
16.1636517669825
16.002820744680466
15.843590017788635
15.685943663101614
15.529865915852577
15.375341168136707
15.222353967350493
15.070889014646342
14.920931163402772
14.772465417709698
14.625476930868816
14.47995100390897
14.335873084116171
14.193228763578391
14.052003777744694
13.912184003998815
13.773755460246862
13.636704303519105
13.501016828585653
13.366679466585946
13.233678783671834
13.102001479664192
0
0
0
0
0
0
