26.855606812774003
29.655578264552005
28.545844817808717
31.414750474156435
27.69279097393078
27.945320410777754
26.300218877087033
29.710952891087558
29.753347943689942
29.741041595153256
30.02396267164349
27.773030202955724
5.1538966312320476
28.742770025216235
28.28553202193057
29.30165555161484
27.44649977807655
30.593655509994576
30.033084671253693
29.025503440886315
29.382963436270003
29.641482881903492
30.33426620193756
29.656518657054665
29.919112921260794
32.43876806134362
26.591665351716514
29.63839768394797
27.77732161006087
31.01230130993264
29.52812525581541
29.43222944295724
29.55624737082533
29.92790237642272
29.33978510772234
29.679321169659797
30.271492989836386
