5952596759124262e-22
5953159482126419e-22
5952055185593732e-22
5960548720270706e-22
5949551471888802e-22
5946820958886901e-22
594436476535749e-21
5955652999154088e-22
5953708321148417e-22
5954903553810977e-22
5957513409494369e-22
5950282117209249e-22
5906798517236454e-22
5951847418905885e-22
594466875640732e-21
5956751827473359e-22
5946425977685115e-22
5958107048697755e-22
5955935210397999e-22
5948699297965428e-22
5952773105077798e-22
5954023025937905e-22
5954305671119688e-22
5952390189260657e-22
5955488414259258e-22
5959917226065388e-22
5941392857561074e-22
595458414315402e-21
5948394541803945e-22
5955550154584009e-22
595367683777417e-21
5954004917491188e-22
5953969653368886e-22
5955963627811114e-22
5952065094457176e-22
5956073893899514e-22
5957451140250847e-22
5945460349763545e-22
5936624886525198e-22
594091694437949e-21
5943319811920834e-22
5947109084586701e-22
5948031661538894e-22
5936398440694847e-22
5945485628892402e-22
5951141247760093e-22
5953206310103909e-22
5947596487503185e-22
5889622463998673e-22
5944212640374981e-22
5949900542874108e-22
5947275264975713e-22
5940304854207952e-22
5949789782263379e-22
5950437771183299e-22
5956887925979353e-22
5954530728962655e-22
5950152891884214e-22
5950957644218991e-22
5930094014255244e-22
5944847934695818e-22
5955167645647619e-22
5943406292582985e-22
5943107702185865e-22
5943867573933361e-22
5948754952029836e-22
5930964706909027e-22
5948482847282314e-22
5950643089679375e-22
5939903101516792e-22
5940507510772342e-22
5948984079031606e-22
5952596759124262e-22
5952572868337055e-22
5960812642484827e-22
5950745221918489e-22
595083081717857e-21
59553589876788e-20
5950619770371249e-22
5950331138849565e-22
5951665159200539e-22
595162845693668e-21
5965482122639609e-22
5895772868605492e-22
5950696651768735e-22
5944280116513971e-22
5953332706339205e-22
5946505046575977e-22
5955426767956716e-22
5953470973535766e-22
5943435428446532e-22
595095742536914e-21
5954311752460231e-22
5952668221120951e-22
5949336147120979e-22
5953016303690053e-22
5956462368800549e-22
5945969051281666e-22
594888426050834e-21
5958578171527182e-22
5954687577208778e-22
5952921655662712e-22
5943553364909258e-22
5951638495561487e-22
5953572694037616e-22
5949967116673369e-22
5954421546612899e-22
5953159482126419e-22
5953912256126747e-22
5954519063859222e-22
594610762028543e-21
5944709466906373e-22
5951672834558747e-22
5952820373303704e-22
5953658247866681e-22
5951738336391113e-22
5938571720227758e-22
5893835310042647e-22
5947378150490725e-22
5946545903974513e-22
5949966436392715e-22
5947159856724843e-22
5950853040546005e-22
5949651205893209e-22
5956561774662094e-22
5949455345794518e-22
5951947367325284e-22
5954716642624281e-22
594880064595292e-21
5951571767794983e-22
5954604178329857e-22
5950531716415039e-22
5954333793767811e-22
5939554690676139e-22
5952371263037599e-22
5952036825491459e-22
5950800369747666e-22
5951755398472218e-22
594978383049953e-21
5950581746692692e-22
5935693904522758e-22
5952055185593732e-22
5961433870674179e-22
5955689797754706e-22
5948185866312088e-22
595563935212878e-21
5961304006942009e-22
5957954464654757e-22
5953062072888805e-22
5931221949867087e-22
5902888219646863e-22
5957313000030725e-22
5957575375600924e-22
5950820447211567e-22
594555260510615e-21
5960548720270706e-22
5960052352555944e-22
5952933727321307e-22
5962144827804189e-22
5957596929873123e-22
5957180098579198e-22
5959014839267441e-22
5959472566759472e-22
5960434903820867e-22
5951594389730934e-22
5955573334188158e-22
5954628105695139e-22
5958445255640315e-22
594624238223754e-21
5956748420616045e-22
5959117232966229e-22
5958324411262472e-22
5955600312497423e-22
5958110291772961e-22
5960548720270706e-22
5946745244075743e-22
5939184704899598e-22
5946323320180236e-22
5947916604853081e-22
5947407085399476e-22
5944748816018614e-22
5960962996730692e-22
5895433810593845e-22
5946454806082534e-22
5948776699701354e-22
5947666804298672e-22
5947577829454647e-22
5946036583398062e-22
5946708837388937e-22
5939767000404655e-22
5947877943552201e-22
5943704609398384e-22
5947805097599298e-22
5946961211529733e-22
59494129311692e-20
59532743942109e-20
5942326586144553e-22
5943529276259558e-22
5945426759772599e-22
5954353827090313e-22
594501222824777e-21
5950807637718316e-22
5945247143586507e-22
5947263886037609e-22
5946307201332575e-22
5946654048768085e-22
5949551471888802e-22
5931114233341669e-22
5948943648399813e-22
5946076597494941e-22
5946997519645614e-22
5950984320001217e-22
5944728455532936e-22
5909751716799615e-22
5940295222847548e-22
5944568419517962e-22
5946657400337191e-22
5948607663985864e-22
5948963704699945e-22
5944865629823242e-22
5951618256047033e-22
5945899969139168e-22
5943671178584014e-22
5956148943614816e-22
5956676727557901e-22
5944599521827864e-22
5957543104201723e-22
5945451468266139e-22
5946031279707779e-22
5954251635848496e-22
5958260527578963e-22
5947728667452341e-22
5945064724119644e-22
5945127212343918e-22
5946895542028891e-22
5946151999847682e-22
5952153862675193e-22
5946820958886901e-22
5944408363837832e-22
5946438230775067e-22
5943652771254951e-22
5946096010713077e-22
5937673323320328e-22
5896935140401402e-22
5937646240694063e-22
5949135264461014e-22
5944062181349797e-22
5938768677247778e-22
5943641574058178e-22
5948446394022605e-22
5943838203896511e-22
5946959640717909e-22
5948043999637861e-22
5946895230078243e-22
5946891437368997e-22
594493769611972e-21
5948152545597235e-22
5944615607855574e-22
5944668798096313e-22
5943914089203045e-22
5952301814011483e-22
5942782901807578e-22
5943172685899212e-22
5946879137136967e-22
5942622644106468e-22
5945885065348667e-22
5946376673738337e-22
594436476535749e-21
595460973971809e-21
595472965894767e-21
5951666003404563e-22
5953453139095244e-22
589659999210108e-21
5951605669445161e-22
5951636082080643e-22
5952296551044897e-22
5946911931587192e-22
5957716729155512e-22
5950417264122763e-22
5955152084700472e-22
5952668424355698e-22
5951003644134384e-22
5954400019323313e-22
5950559333685672e-22
5956404735481312e-22
5961736138542044e-22
5954291047218083e-22
5950244153498244e-22
5948115580284591e-22
5950209864292633e-22
5951931888201223e-22
5954251879263831e-22
5948995258610244e-22
5955685327759775e-22
5955525480284018e-22
5951764563347693e-22
5955652999154088e-22
5950681372251998e-22
5958443433977932e-22
5947053645601952e-22
5905549315053852e-22
5953510358785922e-22
5952116764806805e-22
594869081460173e-21
5949320867349319e-22
5952768427641583e-22
5953788006516003e-22
5950100744597978e-22
5948105019470061e-22
5953944451831716e-22
5954715750940699e-22
5951707723387612e-22
5955716068197879e-22
5958995195524177e-22
5934525214995017e-22
5954272740229724e-22
594869142613362e-21
595557199511484e-21
5951225853080915e-22
5952676255247715e-22
5953133396743731e-22
5957590791361621e-22
5952752597135271e-22
5955062792678843e-22
5953708321148417e-22
5956558211004851e-22
5947352302536595e-22
5906368464736564e-22
5951446423711311e-22
5942158951532542e-22
5949321067568624e-22
5950169089020325e-22
5953810915889767e-22
5953483333410106e-22
5952372586581485e-22
5948651581288034e-22
5949980638188881e-22
5953100596884982e-22
5951916759837334e-22
5955490572628594e-22
5959046023559161e-22
5936929582151364e-22
5954240532287237e-22
5948094725639852e-22
5958702151753875e-22
5952566057318367e-22
5954355126794446e-22
5954693234997806e-22
5956492972888031e-22
5955236054482021e-22
5951943839689207e-22
5954903553810977e-22
5951751208102162e-22
5892819204965318e-22
5949758021215356e-22
5958538747302779e-22
5947134510513461e-22
5948326817052583e-22
5955647054933044e-22
59537707616082e-20
5948207763777091e-22
5950143671246035e-22
5955248318521655e-22
5964091538475745e-22
5950754838911116e-22
595836663198848e-21
5963207131017633e-22
5931660861414887e-22
5949738068866609e-22
594678720125457e-21
5955373307420889e-22
5956617505093407e-22
5953023400971321e-22
5956672127653611e-22
594970434991421e-21
5955159345341242e-22
5957977549279069e-22
5957513409494369e-22
5902195802540319e-22
5945531548108076e-22
5947269392900224e-22
5942224270252899e-22
5953832641278157e-22
5952497517164148e-22
5944306564879374e-22
5951639856473681e-22
5951946016973311e-22
5944664795288338e-22
5950695967929891e-22
5951210623498222e-22
5945907704033266e-22
5950200264240369e-22
592763575444928e-21
5940263266645749e-22
5946826800705575e-22
5956662655444842e-22
5947189547956601e-22
5951656044838179e-22
5949472390734178e-22
5952610822439444e-22
5944547000781266e-22
5945484923440086e-22
5950282117209249e-22
5902248136191237e-22
5894145803781283e-22
589570395759059e-21
5899064003125597e-22
5906798517236454e-22
5907335986002125e-22
590011400289097e-21
589975532781914e-21
5904448389029028e-22
5900786171727159e-22
5900907760591252e-22
5900370223721341e-22
5908335394188797e-22
5903693999823451e-22
5898934524673534e-22
5893026266386705e-22
5890095338958567e-22
5895482131085695e-22
5899946540900869e-22
5900202549195473e-22
5894765153052867e-22
5903429700813638e-22
5906044784322468e-22
5906798517236454e-22
5953270881037657e-22
5946792242799092e-22
5948195834261806e-22
5954754603287295e-22
5952856989314989e-22
5949810721845002e-22
5952167124344321e-22
5948307558616278e-22
5949612157663898e-22
5950037352033935e-22
5954408709066044e-22
5958703196095609e-22
5942896512307331e-22
5946383303224762e-22
5943218855035514e-22
5957231965038315e-22
5950064854634881e-22
5949648137420795e-22
5953980807824186e-22
5953439495051212e-22
5948262788077764e-22
5950612093919894e-22
5951847418905885e-22
5944405277890135e-22
5947722211804438e-22
5948754405518677e-22
5947604521212894e-22
5948880298393083e-22
5952297599096202e-22
5955914000231799e-22
5951378924540964e-22
595449725158864e-21
5945845789823454e-22
5956083261576776e-22
5952164248933617e-22
5950506857474995e-22
5939877037519986e-22
5951645939774393e-22
595179288067283e-21
5948136658653789e-22
5942277083457227e-22
594680383464576e-21
5946021337626554e-22
5949896092275176e-22
594466875640732e-21
5947384297779177e-22
5957280055904291e-22
5956999584552807e-22
5948869656402436e-22
5954558943489881e-22
5951690069007531e-22
5952554842665869e-22
5953096872986201e-22
5954448924788025e-22
595815377960683e-21
5951495363099576e-22
5955526541754371e-22
5947724917854161e-22
5952489796276226e-22
5954727060629173e-22
5954417241909902e-22
5956380801789851e-22
5954452569485347e-22
5945066654159423e-22
59516731934566e-20
5956751827473359e-22
5948106396509186e-22
5949710470809944e-22
5939967041355297e-22
5948910395680454e-22
5948917536554144e-22
5950664482166319e-22
5944263673997046e-22
5948943278769309e-22
5955459860394205e-22
5938693826766528e-22
5948702430510731e-22
5944016375061593e-22
5954318389605085e-22
594344431544249e-21
5949393380824049e-22
5946795923925054e-22
5946700378978178e-22
5946025175812882e-22
5946823756909776e-22
5946425977685115e-22
5957017587510786e-22
5948924835180308e-22
595039522377005e-21
5954436337582609e-22
5954006066307215e-22
5956043672275573e-22
5955355937508742e-22
5960635200531026e-22
5957953809493134e-22
5955809628775073e-22
5948503580526732e-22
5957057310706432e-22
5952206960985873e-22
5952044397571354e-22
5953477659319373e-22
595410003305843e-21
5953808260378505e-22
59554700362078e-20
5958107048697755e-22
5948842625402111e-22
5952124775148323e-22
5953401076519232e-22
5954390121628518e-22
5952963197030534e-22
5955313902262595e-22
5959935231449789e-22
5953117199779967e-22
5945178129430223e-22
5949964869009813e-22
5956297780351566e-22
5952515478401903e-22
595482004442848e-21
5952815498021608e-22
5955217766007438e-22
5953325113350606e-22
5951313255684825e-22
5955935210397999e-22
5954721342167568e-22
5948882762599874e-22
5951725962803047e-22
5955888900267902e-22
5951121615895527e-22
5954348378921316e-22
5945076421336757e-22
5956806098578138e-22
5954057104031999e-22
5954834552514991e-22
5959218646816492e-22
595050130727015e-21
5949823478555699e-22
5955521430330556e-22
5948430547378473e-22
5941614271101096e-22
5948699297965428e-22
5950349093992068e-22
5954446906529539e-22
595535214069167e-21
5951068642079122e-22
595742504751015e-21
5933984025544819e-22
5959264885929181e-22
5947149721967863e-22
594793109800045e-21
5953447367487495e-22
5949907784059166e-22
5950450758776531e-22
5949593422869e-19
595117442507849e-21
595364988722544e-21
5952773105077798e-22
5951963939241051e-22
5951810749574032e-22
5954310288909805e-22
5961206169847839e-22
5944452838032956e-22
5956513917093452e-22
5943345680491723e-22
5955877210588893e-22
5951211236319321e-22
5951697036781532e-22
5953754334559853e-22
5954045335826188e-22
5953418783912672e-22
5952352966667463e-22
5954023025937905e-22
5951797214661969e-22
5954189699275185e-22
5956901323745429e-22
5948560315738707e-22
5952446825907923e-22
5948237883647494e-22
5950907340297569e-22
596328874672502e-21
5953691039283045e-22
5953532697141343e-22
5952484816291977e-22
5952367197558642e-22
595525647797549e-21
5954305671119688e-22
5953528304980868e-22
5959629655447047e-22
5951723735551999e-22
5952619049318757e-22
5946187954493898e-22
5956757195192586e-22
5954623100403371e-22
5954125395144915e-22
5952691714329675e-22
5952989248640376e-22
5951993324926563e-22
5953532404730314e-22
5952390189260657e-22
5956907955195481e-22
5935366224262797e-22
5957189173482568e-22
594783666746249e-21
5955140153358924e-22
5953982681325018e-22
5955176485774929e-22
5953020318705587e-22
5955616171331889e-22
5951759498066196e-22
5954062952046303e-22
5955488414259258e-22
595925573180774e-21
59540000941566e-20
594831638017246e-21
5956693862222217e-22
5957526049490558e-22
5958401288439855e-22
5959641849913362e-22
5959468778540823e-22
5958904996662517e-22
5962233208277581e-22
5959917226065388e-22
5952480710344941e-22
5950470493788031e-22
5951344512236135e-22
5950546770298995e-22
5936502456379745e-22
593094891352872e-21
5952586454120784e-22
5957855392566743e-22
594037258085497e-21
5941392857561074e-22
5950187337506705e-22
5963128023019851e-22
5955982113169962e-22
5947980461966632e-22
5955120165221545e-22
5947265849659678e-22
5952913997930543e-22
5955394287239902e-22
595458414315402e-21
5954760936921987e-22
5945008543812307e-22
595380522702607e-21
5948378417819746e-22
5949048351003822e-22
5946843198819396e-22
5947717658607052e-22
5948394541803945e-22
5961711390538719e-22
5948787025597865e-22
595491050689812e-21
5959611088582172e-22
5953325826372418e-22
595696101614637e-21
5955550154584009e-22
5952651529190058e-22
5955485466123824e-22
5951796267401927e-22
5953422404302554e-22
5951314779898103e-22
595367683777417e-21
5953829813473075e-22
5954945327541024e-22
5954642470961842e-22
5951096403545871e-22
5954004917491188e-22
5955763209767946e-22
5948750788779724e-22
5954811821857199e-22
5953969653368886e-22
5953444106657512e-22
5954314907745983e-22
5955963627811114e-22
595419964052455e-21
5952065094457176e-22
5956073893899514e-22
