0.014
0.019
0.014666666666666666
0.02033333333333333
0.020666666666666667
0.02
0.009
0.013666666666666667
0.019333333333333334
0.014
0.019333333333333334
0.019333333333333334
0.009
0.019
0.02033333333333333
0.013666666666666667
0.014
0.019
0.013666666666666667
0.009
0.014333333333333333
0.02033333333333333
0.014333333333333333
0.019333333333333334
0.019
0.013666666666666667
0.020666666666666667
0.024666666666666667
0.019
0.009
0.013666666666666667
0.014333333333333333
0.019
0.019333333333333334
0.019
0.013666666666666667
0.011
0.014
0.02033333333333333
0.02
0.014666666666666666
0.014666666666666666
0.019333333333333334
0.22366666666666668
0.014
0.019666666666666666
0.014
0.02033333333333333
0.009
0.014666666666666666
0.014
0.02
0.02033333333333333
0.014333333333333333
0.014
0.014666666666666666
0.014666666666666666
0.013666666666666667
0.014
0.009
0.014
0.013666666666666667
0.014333333333333333
0.249
0.013666666666666667
0.014333333333333333
0.015
0.009
0.014
0.014333333333333333
0.018333333333333333
0.013666666666666667
0.011333333333333334
0.014333333333333333
0.02
0.014666666666666666
0.014333333333333333
0.26466666666666666
0.02
0.019
0.019
0.019666666666666666
0.013666666666666667
0.013333333333333334
0.019
0.015
0.013666666666666667
0.014
0.015
0.013666666666666667
0.009
0.014
0.143
0.011666666666666667
0.019333333333333334
0.019
0.013666666666666667
0.020666666666666667
0.019
0.019333333333333334
0.023666666666666666
0.019
0.011333333333333334
0.019
0.019666666666666666
0.013666666666666667
0.013666666666666667
0.01633333333333333
0.014333333333333333
0.13433333333333333
0.025666666666666667
0.02
0.014666666666666666
0.014666666666666666
0.014666666666666666
0.019666666666666666
0.02033333333333333
0.014666666666666666
0.019666666666666666
0.014666666666666666
0.014666666666666666
0.019333333333333334
0.014333333333333333
0.014666666666666666
0.009
0.02
0.015333333333333332
0.031
0.014666666666666666
0.014666666666666666
0.014666666666666666
0.014666666666666666
0.02033333333333333
0.019
0.014333333333333333
0.02
0.014666666666666666
0.014666666666666666
0.02033333333333333
0.026
0.015
0.012
0.02033333333333333
0.02033333333333333
0.021666666666666667
0.03166666666666667
0.022333333333333334
0.02033333333333333
0.014333333333333333
0.02033333333333333
0.009
0.019
0.02
0.020666666666666667
0.02
0.02033333333333333
0.015
0.009
0.009
0.015
0.014333333333333333
0.02033333333333333
0.02033333333333333
0.02033333333333333
0.014666666666666666
0.021
0.019
0.14966666666666667
0.02
0.014333333333333333
0.02033333333333333
0.02033333333333333
0.014333333333333333
0.014666666666666666
0.017666666666666667
0.015
0.198
0.019333333333333334
0.02033333333333333
0.014333333333333333
0.019666666666666666
0.02
0.009
0.019
0.009
0.02033333333333333
0.02033333333333333
0.02033333333333333
0.015
0.009
0.014333333333333333
0.014333333333333333
0.014
0.014333333333333333
0.014666666666666666
0.02
0.014666666666666666
0.019333333333333334
0.020666666666666667
0.014666666666666666
0.019333333333333334
0.014666666666666666
0.020666666666666667
0.02
0.02
0.014666666666666666
0.018
0.014666666666666666
0.014666666666666666
0.020666666666666667
0.020666666666666667
0.02
0.014333333333333333
0.009
0.02
0.014666666666666666
0.014333333333333333
0.025666666666666667
0.020666666666666667
0.015
0.009
0.009
0.02
0.009
0.02
0.02
0.018666666666666668
0.014
0.019333333333333334
0.02033333333333333
0.015333333333333332
0.02
0.014333333333333333
0.02
0.014333333333333333
0.014333333333333333
0.013666666666666667
0.017333333333333333
0.014333333333333333
0.147
0.014333333333333333
0.14133333333333334
0.214
0.009
0.019
0.20266666666666666
0.199
0.23033333333333333
0.009
0.20566666666666666
0.009
0.411
0.13833333333333334
0.019333333333333334
0.18066666666666667
0.014666666666666666
0.013666666666666667
0.48233333333333334
0.45866666666666667
0.02033333333333333
0.2623333333333333
0.23966666666666667
0.014333333333333333
0.014333333333333333
0.137
0.018666666666666668
0.009
0.006333333333333333
0.019
0.019333333333333334
0.019333333333333334
0.02033333333333333
0.009
0.019333333333333334
0.02033333333333333
0.019
0.019666666666666666
0.019
0.013666666666666667
0.009
0.02033333333333333
0.019
0.014333333333333333
0.019
0.019666666666666666
0.013666666666666667
0.025
0.024666666666666667
0.019
0.015
0.02
0.014666666666666666
0.019
0.019333333333333334
0.02
0.014666666666666666
0.011
0.019
0.019
0.019
0.009
0.019
0.019333333333333334
0.020666666666666667
0.019
0.019333333333333334
0.015
0.009
0.014333333333333333
0.019
0.014333333333333333
0.019
0.018666666666666668
0.013666666666666667
0.019
0.025333333333333333
0.02033333333333333
0.014333333333333333
0.02
0.014333333333333333
0.019333333333333334
0.019
0.019666666666666666
0.013666666666666667
0.016666666666666666
0.019333333333333334
0.019
0.009
0.019
0.019666666666666666
0.019
0.02033333333333333
0.019333333333333334
0.014
0.009
0.019666666666666666
0.019
0.014333333333333333
0.02
0.013666666666666667
0.014333333333333333
0.02033333333333333
0.025
0.019
0.014666666666666666
0.019
0.014333333333333333
0.019333333333333334
0.019
0.166
0.014666666666666666
0.011333333333333334
0.02033333333333333
0.009
0.02
0.018666666666666668
0.02
0.02033333333333333
0.019666666666666666
0.013666666666666667
0.014666666666666666
0.02
0.013666666666666667
0.019
0.014333333333333333
0.018666666666666668
0.019
0.014666666666666666
0.019
0.019
0.014666666666666666
0.015
0.014333333333333333
0.019333333333333334
0.02
0.014333333333333333
0.013666666666666667
0.016666666666666666
0.009
0.019333333333333334
0.014666666666666666
0.019333333333333334
0.021666666666666667
0.02033333333333333
0.014333333333333333
0.009
0.02033333333333333
0.02
0.02
0.02033333333333333
0.02
0.019333333333333334
0.014666666666666666
0.019
0.02033333333333333
0.014333333333333333
0.019666666666666666
0.014666666666666666
0.013666666666666667
0.019
0.019333333333333334
0.014666666666666666
0.016666666666666666
0.009
0.009
0.009
0.009
0.009
0.009
0.009
0.009
0.009
0.009
0.009
0.009
0.009
0.009
0.009
0.009
0.009
0.009
0.009
0.009
0.009
0.009
0.009
0.006333333333333333
0.019333333333333334
0.019333333333333334
0.014333333333333333
0.019333333333333334
0.013666666666666667
0.009
0.019666666666666666
0.02
0.014333333333333333
0.019666666666666666
0.019666666666666666
0.019333333333333334
0.014666666666666666
0.019333333333333334
0.02
0.015
0.013666666666666667
0.014666666666666666
0.019333333333333334
0.019333333333333334
0.02
0.014
0.01633333333333333
0.020666666666666667
0.019666666666666666
0.019666666666666666
0.014666666666666666
0.009
0.014666666666666666
0.019666666666666666
0.009
0.019666666666666666
0.014666666666666666
0.009
0.02
0.02
0.023333333333333334
0.019666666666666666
0.014666666666666666
0.014333333333333333
0.014333333333333333
0.02033333333333333
0.009
0.015
0.017666666666666667
0.019666666666666666
0.019
0.013666666666666667
0.009
0.02
0.14866666666666667
0.014333333333333333
0.019
0.019
0.019
0.02
0.019666666666666666
0.019
0.020666666666666667
0.013666666666666667
0.014333333333333333
0.013666666666666667
0.013666666666666667
0.020666666666666667
0.015
0.011
0.019333333333333334
0.014
0.009
0.014
0.019333333333333334
0.014666666666666666
0.023666666666666666
0.019
0.014333333333333333
0.015
0.02
0.025
0.014
0.02
0.014333333333333333
0.019333333333333334
0.019
0.014
0.009
0.011333333333333334
0.013666666666666667
0.009
0.014333333333333333
0.019
0.014333333333333333
0.018666666666666668
0.019
0.013666666666666667
0.019666666666666666
0.043333333333333335
0.019
0.014666666666666666
0.019333333333333334
0.014666666666666666
0.013666666666666667
0.019333333333333334
0.019
0.013666666666666667
0.01633333333333333
0.009
0.009
0.009
0.009
0.014666666666666666
0.013666666666666667
0.013666666666666667
0.014
0.009
0.015
0.014
0.013666666666666667
0.009
0.013666666666666667
0.013666666666666667
0.014
0.009
0.011
0.009
0.009
0.009
0.009
0.009
0.009
0.014666666666666666
0.009
0.009
0.009
0.014333333333333333
0.009
0.009
0.009
0.009
0.009
0.006333333333333333
0.014666666666666666
0.014333333333333333
0.02
0.02
0.009
0.022
0.013666666666666667
0.346
0.009
0.02
0.014333333333333333
0.014333333333333333
0.014
0.02
0.009
0.011666666666666667
0.014333333333333333
0.02033333333333333
0.019
0.019666666666666666
0.014333333333333333
0.019333333333333334
0.02033333333333333
0.014666666666666666
0.019
0.014333333333333333
0.16333333333333333
0.02033333333333333
0.013666666666666667
0.013666666666666667
0.017666666666666667
0.009
0.014333333333333333
0.009
0.009
0.02
0.020666666666666667
0.009
0.019333333333333334
0.014333333333333333
0.014333333333333333
0.014
0.014333333333333333
0.013666666666666667
0.011666666666666667
0.02033333333333333
0.018666666666666668
0.025666666666666667
0.019
0.013666666666666667
0.014
0.014
0.014666666666666666
0.019333333333333334
0.019666666666666666
0.019333333333333334
0.082
0.016666666666666666
0.019666666666666666
0.015
0.019666666666666666
0.019
0.015
0.019
0.014333333333333333
0.019
0.019
0.019
0.013666666666666667
0.01633333333333333
0.019
0.02
0.019333333333333334
0.01633333333333333
0.014
0.014333333333333333
0.019
0.013666666666666667
0.014
0.013666666666666667
0.011
0.014666666666666666
0.013666666666666667
0.009
0.014
0.014666666666666666
0.026
0.019666666666666666
0.02
0.022
0.018
0.02033333333333333
0.014
0.013666666666666667
0.014666666666666666
0.024666666666666667
0.019333333333333334
0.025
0.014
0.022
0.019333333333333334
0.019333333333333334
0.009
0.019
0.015
0.018666666666666668
0.018666666666666668
0.01633333333333333
0.014666666666666666
0.009
0.009
0.014
0.014666666666666666
0.04466666666666667
0.006333333333333333
0.014666666666666666
0.019
0.014
0.019
0.013666666666666667
0.011
0.014333333333333333
0.014333333333333333
0.014666666666666666
0.009
0.011666666666666667
0.019
0.019333333333333334
0.013666666666666667
0.01633333333333333
0.019
0.015
0.016666666666666666
0.009
0.01633333333333333
0.011
