0.9046491343746647
1.7049566943179943
1.71685564231057
1.1390750590937542
2.5558914475779533
1.1097518971847642
3.593867980274335
1.0936327361489384
1.1159709704270488
0.788080540179085
1.0995098460454802
1.0698032044566688
0.7975922822228644
0.8227382501354911
1.045356082329103
1.0994482301473756
1.1407971190577313
0.8163205486441553
1.1184502629845952
0.5195631088184107
2.12370136055307
1.1132886109380684
1.421907427992137
0.8192104272825075
0.7939538297378296
1.1284075477847186
1.0560542686174237
1.4089333837409328
1.0786863441088264
1.0611522738142452
1.1055412727407614
1.1033843884595733
0.7998140536335585
0.8088387743344297
1.1277905727196498
0.8161427116307236
1.4022203573051464
