-1.2193913984956453
-6.576361474057194
-80.32109358446905
-49.70895289545297
-37.44488229916897
-78.24528889139765
-81.78055548173143
-106.7228891026607
-96.51450181523978
-126.71347723394865
-133.0939288244408
-148.0808367910795
-145.7908553649322
-159.1899882942671
-146.9946334940323
-160.59138202737086
-186.99602834900725
-196.2813805747719
-170.21602712965978
-166.15716451246408
-162.81323328726285
-158.72532822530775
-166.39509081047436
-191.69931238655408
-186.1477378877462
-122.61807406081061
-117.08654289547121
-184.85846590453002
-151.81858834715968
-113.48708183481358
-155.75953970658884
-130.1881361680862
-124.93805004110618
-132.76372819427343
-138.1402216067945
-223.6379354733799
-127.66451076763042
-137.45978139762883
-163.90678783896146
-148.64333732462546
-136.73367718199734
-139.82588235160802
-147.19087196954933
-204.4573520059057
-172.6063570119295
-209.35406686620263
-203.96411393479502
-198.61216155969305
-193.2993771894253
-188.0240717145207
-182.78321669218712
-163.47546605978278
-155.25771369760332
-157.07607122996706
-154.6023537723231
-155.5530116779264
-153.98543988614983
-152.43358246411663
-150.88972065228154
-145.961878985574
-150.82976601665723
-149.21920240933832
-147.675718192535
-147.12652284634532
-144.04605633633037
-153.089606502268
-162.0462150493404
-169.5139135599602
-179.67273048878997
-187.20573662353854
-206.71588606925798
-203.95835303263448
-201.87839281414927
-199.81911623146152
-197.77592119005567
-218.58229016145924
-196.36095594256767
-164.82876130146906
-217.8413342055137
-232.8296899463603
-219.94279198186996
-244.00011070123583
-242.30174535988772
-235.0959608348785
-234.324506478064
-237.61233500394155
-235.74028226955852
-237.35888272924058
-234.4212235344021
-232.71033974747115
-233.89848168632307
-239.41272681351984
-245.0948290542001
-254.61226417020953
-249.5789413551247
-222.70984352460073
-237.75319517104072
-197.94658578099916
-184.53482197705307
-168.24329504081106
-152.66896460045245
-2.150711293274071
-4.229846371454187
-0.8773548429162474
-1.8821119311469374
-8.401894178270595
-123.04417980367725
-121.2603011009196
-14.769983484453405
-12.751841505611083
-0.49983220017747954
-0.23832537471025717
-117.00200065503304
-115.68663318012841
-114.19812808062125
-124.05035469232826
-121.73638077413489
-118.73169897145999
-115.64895412320038
-103.21918312925845
-106.57026384782512
-109.25229889118054
-108.63635449226422
-105.89484180584259
-103.06620381576067
-101.44553182109667
-100.88205815642141
-98.76626762200613
-96.32299755750864
-78.25318795298517
-88.39320741972188
-93.87333164906886
-92.85921386140399
-74.41005219198996
-85.07108791563951
-90.74002684737206
-90.303281345492
-80.15512559385388
-93.43483992591791
-92.75540501187788
-90.58185600677098
-87.44953337227344
-76.889010276107
-76.43240313135902
-82.19639019294118
-73.57900637600687
-81.82312669238308
-74.16870234362432
-79.21520173677709
-75.34151316800853
-73.38011455634842
-72.16790731111541
-70.93004133088107
-71.40925524159684
-76.04051527722913
-76.24329580801714
-76.32117562358326
-75.66093720572826
-73.68308594361588
-70.97959795403585
-71.6026892085647
-70.76249156658014
-69.92103372584097
-69.0791193080513
-68.23580019522342
-59.65490743383998
-66.56516490205831
-64.24187051138142
-62.54791269155976
-61.41546677504084
-62.18498596378777
-63.074004164809594
-65.79068581847241
-64.75864581449423
-73.0507751062978
-63.93387706730573
-62.40874187377631
-63.10817527947074
-55.487128602311714
-55.18006503437937
-54.51686529228755
-53.87232270975073
-53.20976637490094
-52.54008184240956
-51.975238932223874
-51.25364621919289
-51.154653358476935
-50.24206285743276
-48.94453565299045
-49.641897770619835
-49.01429431262659
-48.56040900562948
-47.924215082399314
-47.217581213029916
-46.83834897332417
-46.28876141058572
-45.74015714072448
-45.02932571034762
-44.49957998258469
-41.91207557536836
-43.53344271259266
-42.98064171147416
-40.07534469064558
-38.963742788662785
-38.258367618502234
-37.56542096774501
-36.88462641322985
-36.35359515094024
-35.84922395013564
-38.79233566419862
-34.85890446564008
-34.375708232139004
-37.39795622845122
-33.473846667053294
-32.98779576848028
-35.9303490507009
-32.03423242991266
-31.67944177337631
-31.327615070564207
-30.97876743663801
-30.63292060716776
-30.29010405522422
-29.9503612343251
-29.613771836287924
-29.280626632156782
-28.850983486889163
-28.42729221742775
-28.009300509176683
-30.982205176333082
-27.189693141757743
-26.78784003437613
-29.768945464122226
-25.999617118257447
-25.61311010728241
-28.602037318705698
-28.223066838880186
-24.483264881986543
-27.479793949401937
-27.11540204862831
-26.755805829074234
-26.401033628135337
-26.05112097512756
-25.705973381962394
-25.365470175165683
-25.029513326619053
-24.6980084861425
-24.37086531451496
-24.048019513997133
-23.72957243595738
-23.41552412195597
-23.10576315932849
-22.800201783451485
-22.498762859991984
-22.20136646289029
-21.90795013627212
-21.61846108728787
-21.332848675112473
-21.051068787957774
-20.77307817322435
-20.498834918660577
-20.22830344416434
-19.961480078156455
-19.69843547081109
-19.439126927492907
-19.18332534961519
-18.93091599221225
-15.361646193123306
-15.119452739672852
-14.880299962809659
-17.956089730738313
-14.410967369287391
-16.98280795516621
-16.795779231193592
-16.615135682208347
-17.264371858458617
-16.04206056073599
-13.605302562544239
-15.545580102596432
-15.390146721387282
-15.271675690746633
-15.16273084115528
-15.054397743981099
-14.938695173943415
-14.826898555780645
-14.723934723428101
-14.62266995543905
-14.511165224103024
-14.386775481048971
-14.244486604438862
-14.110920158229419
-13.980709734532866
-12.705391880648676
-13.48898156467476
-14.278805770416511
0
0
0
0
0
0
