11.185471377364593
35.94871305637935
27.121109772415366
33.54859447554918
47.275052644326934
55.30951094599732
57.50296949321637
62.12496299360646
76.81413818837609
83.85838262437028
85.54431047184335
56.70927283697529
57.43078664410859
89.80631658040511
77.64270228693204
50.094410335848806
50.27193174457352
50.33130151493242
50.41172236223065
50.5508296097978
50.68090042876429
65.68218850817357
64.40341366891516
50.98090549018525
53.57681493164273
52.45552221662365
52.060869956651004
49.50693078423501
38.807339069840964
18.88866110748495
100.32247208578337
100.93309024217888
114.14970443001948
112.502732776411
113.26305992160633
104.29757590501686
111.52088756256853
116.59780889630201
104.55604451571708
124.0111871768604
107.67374155551079
109.92986964865122
128.2093858737062
146.37505564912863
135.22081985643308
135.22963221283862
135.2343545552867
135.23464724974474
135.23123069509165
135.22531376066036
135.21805879089516
134.66039971196733
135.53677429155505
135.563207349609
136.46975360366923
136.5979907325236
136.64293007228116
136.68909740789968
136.29664954224427
137.50519646759494
1.4674367319239536
1.8238477968843654
1.9670877294120146
1.9943831989658065
139.44149809071678
0.21273563386057504
0.1512510302127339
5.613432634898345
0.04269572284829337
0.3550158473663032
218.2304442136665
205.25422267842805
203.2624497367069
201.29050758096855
199.3425951806712
201.33408780671016
207.71682593156584
27.862183947407175
216.653488732205
237.35550597653491
239.4355662009766
243.95607676049985
2.3537375336163677
6.18569449147617
6.389402353743208
240.4172688662802
1.9984620513569098
0.18130061803094577
2.1296262344549177
3.1994490298675373
1.9741049923031824
235.63042773673078
4.804496698954608
247.82980018714443
245.4856968926033
9.22651454732113
194.67092805923312
198.10245266572747
180.86384813653422
167.9509338256903
152.5259960283729
137.08301484292315
136.91847161769692
133.87933450672426
140.51377670513466
132.64227277772443
123.03201706914115
122.34572339765145
120.54650993733958
120.21082352471421
119.24454279086785
118.07734369199898
115.64244592144678
115.45929506927496
113.75898330679047
112.12213104602415
107.37156982673332
105.06075243660598
102.46199801801413
101.01575175819744
99.67391718032013
98.00458796229213
96.28394239219779
94.50365199652151
92.93523292106693
91.32295758514374
89.54845311843383
88.01153473112208
86.65235965976899
95.86706233110453
84.47198824306543
84.42098682190408
83.05111761149601
92.74160604512144
81.29723213579564
80.93334419332677
79.52643055004592
80.33652949651878
80.3402503967227
77.06999471700692
75.36942376849765
73.64211538694508
72.0812211096054
69.549695417154
77.44343499987735
83.66030522927758
77.57701362237276
83.18114614710794
80.33422139144386
80.54047956783324
79.31270843319362
77.9344895779941
77.3883309912635
78.11011559709732
75.58691809163429
75.69938470152556
75.68926748992817
74.94540720147779
71.50314889178844
72.92061455936346
71.39462481986266
70.4879858392087
2.887605286829057
2.860876233316958
2.8295291875401745
9.52612095362565
2.758831451443257
1.341429813124705
64.44136451379745
64.1201540712209
61.74457105151669
62.616854295833036
62.89101640153967
61.61481166690646
58.69191633342416
62.063484255282674
60.66460965728038
60.519831325509585
1.6137347127951216
55.95986157693551
55.23976147182111
54.52786984987324
53.8238445550669
53.12745777514647
52.43859118093678
51.75733522228256
51.1161103809427
50.481837084909785
49.86123728964594
49.223628630817984
48.593650788709056
47.80523766030092
47.163920000370126
46.79011760542926
46.06753756439139
45.51279733834963
44.95898246161232
44.59295923006721
44.06102477555396
43.65233443022589
43.09070080597303
42.535900509144994
41.98783904836455
41.446426956914365
40.911585031368304
40.38324167423707
39.86132829419512
39.34577550306858
38.836511416040594
38.3334624550771
37.836555266418145
37.342822586680995
36.78597690012248
36.29023811551451
35.800844173223595
35.317718880891334
34.91959001595387
34.56088156066835
34.205227077545715
33.852646722007194
33.503169267525664
33.156840775875025
32.8137509674998
32.474122164203436
32.06574359553633
31.634523337343126
31.20886203655391
30.788554858692805
30.37356902353349
29.96386950899614
29.559410630099592
29.16014129971154
28.766008019883884
28.376956908847205
27.992935215195757
27.61389129004965
27.239775170673965
26.870540200325195
26.506147604741273
26.146578775224043
25.791882977850037
25.44220074787154
25.097275011226884
24.756824706550105
24.42078376869904
24.089133266941644
23.761890311012394
23.439146463773795
23.120868986690766
22.80683050767402
22.496967061262694
22.19126221658371
21.88965331694635
21.592074455227703
21.298471658621565
21.00879930103838
20.723017272699508
20.441083056357456
20.162952781436616
19.88857904128963
19.617913277077605
19.35091729358828
19.08760017057648
18.827863760350738
18.57152178270917
18.3185323675134
18.074232570827007
17.826865872193594
17.582583785129827
17.341385543186334
17.103144834341947
16.867546368550393
16.7062505796639
16.54664958914509
16.15473422933428
16.161906166089466
16.01495486688509
15.792694768417277
15.65024249345879
15.514748608606169
15.381808011530666
15.24984933360247
15.119047492131358
14.989547965742531
14.86140209165751
14.734571386157768
14.60899280711601
14.48420577509387
14.36110229890619
14.239812945976155
14.120011908365996
14.00163851128309
13.884645205689594
13.76900563860545
0
0
0
0
0
0
