494.5563925704308
489.6876379905131
488.8004584531215
478.7464763745984
474.2233949461641
469.5047933264276
464.8331425772769
460.2079755297466
455.62882966327624
451.09524705946563
446.60677435627304
442.37673530545186
437.97501324367033
433.61708904819596
429.30252692297444
425.03089540819883
420.8017673371574
416.6147197935188
412.7781470559282
408.6709358680212
404.6045921142598
400.5787091568843
396.5928844042377
392.6467192705298
388.7398191359547
384.8717933072435
381.04225497859005
377.2508211929721
373.4971128038486
369.8528900956113
366.17279235081827
362.5293121904071
358.9220852633231
355.3507508438699
351.81495179562285
348.3143345357379
344.8485489995692
341.4172486056753
338.02009022115715
334.65673412734543
331.32684398582774
328.030086804815
324.76613290584254
321.5346558907995
318.3353326092922
315.1678431263257
312.03187069031276
308.9271017013958
305.8532256800892
302.80993523622897
299.79692603823486
296.81389678267584
293.86054916414054
290.93658784540696
288.04172042790367
285.17565742248183
282.33811222044767
279.52880106491847
276.74744302243636
273.9937599548798
271.267476491649
268.5683200021234
265.89602056840545
263.2503109583253
260.63092659871717
258.0376055489609
255.47008847479225
252.92811862236323
250.41144179257043
247.91980631563456
245.4529630259295
243.0106652370718
240.59266871724762
238.19873166478993
235.82861468399793
233.48208076119855
231.15889524104446
228.85882580304516
226.5816424383469
224.3271174267088
222.095025313753
219.8851428884083
217.69724916059056
215.53112533910385
213.3865548097609
211.26332311372124
209.16121792604673
207.08002903446626
205.01954831835602
202.97956972792755
200.95988926362276
198.96030495571048
196.9806168440951
195.0206269583148
193.08013929774765
191.15895981201166
189.25689638155572
187.37375879845297
185.509358747375
183.6635097867634
181.83602733018364
186.2305699651115
184.3775448329815
194.18562982903765
192.2534505287264
190.34049673367986
188.44657714692323
186.571502374921
184.71508490863295
182.87713910476515
181.05748116720645
179.3507434838973
177.69110602855517
175.92304998228667
174.17258638761956
172.60582901949667
171.07372538355136
169.5723231028942
168.10220862991488
166.66419373460565
165.0058572988956
163.63671457901881
162.30155192422444
161.00111466671166
159.736725833575
158.51063806529572
157.32687727626563
156.19053881156333
155.109740760278
154.09745055121016
153.17125593380067
152.3527006378116
151.65708674779557
151.07638776346244
150.57988700449064
150.13749785341582
149.7214846303297
149.29276259153679
148.23590315205996
147.68229163778915
147.04317618271767
146.3191885076867
145.51553236397768
144.63987709333713
143.70304928235572
142.7159718939966
141.68927410702827
140.4622090281593
139.1613531690201
137.82834190033083
136.48474357575856
135.14179583408333
133.8053731074167
132.47854260098964
131.16289041519028
129.8592152127835
128.56789397855093
127.28907639993331
126.022788968745
124.76899115615664
123.52760725975547
122.29853787334737
121.08167700186384
119.87689418576582
118.68409915898413
117.50317264102196
116.33399653824348
115.17645393206433
114.03042906725895
112.89582305252753
111.77250056157276
110.66035164360808
109.55926652924494
108.46913599235067
107.38985005614272
106.3213031944322
105.26338855164246
104.2160003354278
103.17903380609341
102.15238526612262
101.13595204980558
100.12963251297381
99.13332602283505
98.14693294790989
97.17035464806895
96.20349346466841
95.24625271078413
94.29853666154312
93.36025054455055
92.43130053041293
91.5115937233547
90.60103815192876
89.6995427598191
88.80701739673536
87.92337280939726
87.0485206326099
86.18237338042644
85.32484443739993
84.47584804992142
83.63529931764468
82.80311418499603
81.97920943276867
81.16350266980086
80.35591232473648
79.5563576378681
78.76475865306064
77.98103620975608
77.20511193505682
76.43690823588894
75.67634829124228
74.92335604448856
74.1778561957756
73.43977419449735
72.70903623183852
71.98556923339399
71.26930085186088
70.56015945980434
69.85807414249406
69.1629746908133
68.47479159423763
67.79345603388391
67.1188998756283
66.45105566329289
65.78985661189978
65.13523660099301
64.48713016802584
63.84547250181496
63.21019943605897
62.58124744292194
61.958553626680406
61.34205571743385
60.73169206487759
60.127401632137726
59.52912398966745
58.936799309203835
58.35036835778534
57.769772491828085
57.19495365126168
56.62585435372299
56.06241768880809
55.5045873123808
54.95230744093883
54.40552284603467
53.86417884875316
53.32822131424352
52.797596646305664
52.27225178203052
51.75213418649401
51.23719184750302
50.72737327039461
50.22262747288616
49.72290397997735
49.228152818902394
48.73832451413299
48.25337008243032
47.77324102794724
47.29788933737811
46.82726747515775
46.36132837870775
45.90002545373016
45.443312569548155
44.991144054492615
44.543474691335305
44.10025971276677
43.66145479691986
43.22701606293733
42.796900066583774
42.37106379590098
41.94946466690717
41.53206051933803
41.11880961243102
40.709670620751005
40.304602630057936
39.903565133215125
39.506518026138764
39.11342160378719
38.724236556190625
38.338923964519964
37.95744529719499
37.57976240603104
37.20583752242427
36.83563325357471
36.469112578746966
36.10623884556813
35.74697576636248
35.39128741452272
35.03913822091724
34.69049297033323
34.34531679795509
34.00357518587796
33.66523395965581
33.33025928488408
32.998617663816134
32.670275932013524
0
0
0
0
0
0
