0
0
0
0
0
0
0
0
0
0
0
0
0
0
0
0
0
0
0
0
0.662527792157685
0.7341938311727436
0.7402865783209278
0.744941845507629
0.7483413647688586
0.7506484272992048
0.7520073005381926
0.7525440847987946
0.7523689072191828
0.7515758283080703
0.7502460129105238
0.7484351328604583
0.7461437301330498
0.7435942922380806
0.7409054216837208
0.7380181513882833
0.734975796499992
0.7318308643756344
0.7286343137995416
0.7254347882657214
0.7222788353725191
0.7192105233390805
0.7162728986715655
0.7135272140500881
0.7110020224379754
0.7078779147640318
0.704800141737213
0.701924237277512
0.69930152391521
0.6969402733512453
0.6948204710468164
0.6929113941709469
0.691181624912684
0.6896034052881939
0.6881539311019086
0.6868152193880728
0.6855732291633104
0.6844168762878128
0.6833368153650732
0.6823236922990883
0.6813643959823251
0.6804432800980026
0.6796008915805918
0.6789117663734934
0.678282899959628
0.6775046626356634
0.6767382291094853
0.676506182127653
0.6769799543392541
0.677659748263123
0.6784432750337793
0.6793407416064928
0.6800418133543644
0.6804239849593323
0.6807016710938717
0.6811916027509296
0.6821442729939531
0.6831980979488916
0.6839533346551679
0.6846578009872145
0.6857961040555299
0.6882654792395354
0.6946177162119616
0.7124918228466554
0.7351190830905402
0.744555642811156
0.7660918860183658
0.7928164497214668
0.7983640348722809
0.7802014807731955
0.7534138053450512
0.7260876583936948
0.7038321459298191
0.6849177338407919
0.6682991180994574
0.6531326893610018
0.6388138697275553
0.6324017690085362
0.6322728218676515
0.6307475910579197
0.630263595567348
0.6375506325420188
0.6511564473790943
0.6651477627497593
0.6765813386304603
0.6854062715540005
0.692271105077665
0.6987871396419537
0.7080826716247485
0.7174868102084864
0.7212498800944513
0.7199154011209652
0.7140002114736443
0.708088940664125
0.7045153784674679
0.7027756096979909
0.7009436506725109
0.6988716497650282
0.6959700068123625
0.6929717036566024
0.6890198733588782
0.6853208456862403
0.6818085538579566
0.6786579382788338
0.6765939582913127
0.679943840491048
0.6820205426214693
0.68078384080768
0.6786971553091986
0.677129779018828
0.6750940961310462
0.6732309006100023
0.6708450585023334
0.6685600686393395
0.6665180310644678
0.66775594652699
0.6667627105960688
0.6621549455786332
0.6598181134136843
0.6586354192211452
0.6585084467412039
0.6581155288482182
0.6579546456701184
0.6585692749226846
0.6600395044690699
0.6560231375121928
0.6520841877462791
0.6513144636604207
0.6515659804425639
0.6533492245015643
0.6510872611653973
0.6492634060868135
0.6503948932958242
0.6415574236464239
0.6262236032268742
0.6160006533194451
0.6119987210383726
0.6087810035648812
0.6078949612429523
0.6102031364450333
0.6048587348545958
0.6047784935432671
0.6090099725465559
0.6114007026102092
0.6119928303091342
0.6122315717589638
0.618999658059568
0.6289457291476142
0.6358464005084129
0.6418702198689752
0.6466200090463137
0.6499879553410409
0.6537188993504772
0.6595528941842727
0.6685088021857627
0.6738704758864533
0.6767129275794725
0.6826281287497843
0.6918701241193392
0.7068238878034727
0.7166229233976801
0.7257698963668396
0.7295477023930208
0.7248597784771904
0.7166002579353231
0.7080875710355644
0.7016411888772384
0.6969061391959319
0.6930670669256421
0.6891855216903187
0.6860569070040617
0.6850118799531646
0.6848777175809251
0.6837343239221744
0.6826959249007275
0.6839329877571783
0.6842460892655078
0.6832103360489777
0.6817937891732984
0.6804230730136468
0.6792592143430748
0.6783423785186421
0.677660322730666
0.6771811447394105
0.676868703880173
0.6766893349010589
0.6766141910585327
0.6766195760577876
0.6766864647497006
0.6767997636083067
0.676947627580623
0.6771208708294474
0.6773124819612281
0.6775171585979423
0.677730930733963
0.6779508320490452
0.6781746402260411
0.6784006781112454
0.6786276871723388
0.6788547369387519
0.6790811563142173
0.6793065090489371
0.6795306128906096
0.6797535944409645
0.6799778331363826
0.6802114334412046
0.6804547294483424
0.6807002015932144
0.6809423749433602
0.6811783926141868
0.6814069635425685
0.6816276722395676
0.6818405798046151
0.6820460277395907
0.6822444866001554
0.6824365014880313
0.6826226086176883
0.6828032687483769
0.6829786181127724
0.6831477961409976
0.6833084585284304
0.6834656433512851
0.6836288802331495
0.6837962607728281
0.6839634629382968
0.6841278316406956
0.6842880337849322
0.6844439080867066
0.6845963424696616
0.6847444499396721
0.6848864375103202
0.6850221868472749
0.6851521472283956
0.6852758366614055
0.6853924803881272
0.6855018424060745
0.6856042522383887
0.6857003390528106
0.6857907975818638
0.6858762334428026
0.6859570142463185
0.68603297236362
0.6861034951173597
0.6861691977198016
0.6862309825935048
0.6862888904424763
0.6863419179549851
0.6863875935683711
0.6864226413350211
0.6864463167403712
0.6864529473565217
0.6864157587184971
0.6862973530416089
0.6861769023012881
0.6861067637616203
0.685919128194617
0.6855775837785594
0.6850335468305013
0.6842138188859698
0.6832414381609858
0.682293052362295
0.6814543546008489
0.6807629465207737
0.6802306567887406
0.6798534281971103
0.6796170528900436
0.6795142101833679
0.6796247323367693
0.6796905971297057
0.6797740932280216
0.6798989080804085
0.6800544799524211
0.6802305351600113
0.68042014433495
0.6806180384191779
0.6808187564694834
0.6805783647485875
0.6786566842236658
0.6758228328122889
0.6709787635882614
