3048.0889776780264
3085.5989138092186
3113.8463289946776
3116.2112461061492
3094.9213894469885
3093.981974346596
3025.594990390309
2953.6470813990263
2886.212021774147
2819.9205480299825
2773.780989314708
2727.921897425697
2688.333886248912
2672.1507249192086
2681.330014416106
2689.455869453712
2696.667880384161
2706.8604594299127
2695.3747197771
2666.1605559716954
2631.045333117471
2582.7892849053655
2528.6531978937196
2474.895919972748
2422.2129863711625
2354.623419175332
2307.2713821167795
2378.1899975305914
2298.4638813923375
2247.172407515382
2212.522171692013
2216.6147526903937
2188.0897232656494
2160.6242853938406
2146.4305244239167
2116.7360137646506
2160.4381385083066
2207.416701256449
2272.654285160576
2363.4601014657555
2390.8553760115433
2390.3924062617966
2385.7443698288716
2391.2294338912957
2432.9830104528946
2444.4997967479762
2452.7108200025828
2460.911182770689
2469.0573895525367
2477.1203202502966
2485.0924412860104
2492.9799582081178
2494.3358154133025
2507.660911490492
2522.7771279324134
2547.0462466093218
2558.639156241448
2570.0821200848422
2582.0822866469766
2594.2097495511284
2609.924918949402
2620.9304515516023
2631.9047208692336
2642.4444580804015
2651.0424221762732
2677.3926255664305
2703.960535096969
2724.55144352787
2744.1022617386975
2761.751588928749
2773.1286726528056
2781.6336792852176
2792.76939769588
2803.2605860989834
2813.225288418419
2822.5559070162785
2857.3493214721184
2903.61589728342
2937.6167774005576
2961.6019113671528
3003.4718336953074
3014.548622149558
3026.034533695226
3033.616002153126
3034.9200406438613
3031.2308237570955
3028.4063612456425
3010.6094998543867
2988.089832207754
2963.04954545168
2940.6659973574247
2912.210832205797
2872.444184297169
2820.3475334756704
2763.9723387280847
2731.9371640459663
2698.353779994373
2667.632996841679
2636.312086123333
2605.053806288711
2562.6811745861046
2511.377977289445
2465.9603190627786
2441.765928150404
2403.7011456804257
2365.5316226043
2325.178751591147
2303.1958305436333
2284.1501329958096
2267.946822995623
2249.225148635229
2240.7988339503586
2233.3203649112525
2237.199870929045
2243.686676668948
2250.0974684745506
2264.279161180647
2256.774448352512
2249.803933117189
2241.5768117012544
2234.6797870514342
2228.6172103646895
2221.572866954924
2215.6657304842283
2211.83461655931
2204.776411019707
2196.646021273637
2190.172387883519
2183.7658928931155
2177.2381317595305
2171.9122506046774
2184.364228542032
2176.994447400364
2170.229502787291
2165.7519065647025
2177.94330556875
2169.0013136851053
2159.041169687604
2171.7780165234494
2164.3485267892265
2157.6679288574455
2149.928594895825
2138.251533604394
2125.000705119764
2111.98109208805
2105.4613443239587
2102.9269993233142
2106.0979037827938
2085.92044037749
2078.2605630115763
2070.7231976436233
2064.16478193136
2058.081052841941
2036.640784524065
2015.8952902075541
1995.913940089494
1976.7452716429405
1967.2235045401942
1959.5735973218711
1954.9927089062394
1949.0349394064776
1943.1810690922964
1936.6737923432252
1929.218015375143
1922.968030786782
1917.693923917628
1913.27741424844
1909.120052385418
1905.481381302001
1905.772002008213
1910.3646446851233
1920.21992445758
1926.4252542793479
1914.692938754396
1902.840435020583
1891.1632681181202
1879.2462306652933
1866.1932244279176
1863.8184296500451
1851.6639315436437
1839.2436563848664
1826.7707586201295
1814.4886664092264
1803.081127892579
1792.432817410785
1782.038646282357
1772.3283592104663
1763.8839031100792
1756.6342371023024
1748.7331468370646
1740.159024143167
1731.400038048672
1720.4246713577954
1710.6554612506593
1704.3158113460556
1697.3067720145973
1689.293231540421
1681.7377642906947
1674.350368298934
1668.3742119463975
1661.904910706816
1655.4926350966603
1649.1080551057498
1642.7494095800562
1636.4158248933381
1630.1070049278803
1623.8232391542308
1617.5654314631902
1611.3350249047828
1605.133795060019
1598.0286202907587
1591.6204686315969
1584.0906433582823
1575.98749875749
1567.8871235733252
1559.8426538561164
1551.8450772941217
1544.9340080629656
1537.5912249996695
1528.482200633914
1519.4437245373506
1510.477209775951
1501.5836968147848
1492.763313581247
1484.0144823319679
1473.2423398694777
1462.5764747838466
1452.019870504173
1441.5716830122722
1433.0248404991146
1422.780908184938
1412.6436316263805
1404.3747402690506
1394.4408796334917
1384.613595502492
1375.4250868653671
1367.531928278349
1358.0133202973157
1349.6230267667556
1339.5752312282368
1329.6188103798042
1321.4075278225216
1311.6207246737622
1301.9566073516958
1294.0465687403835
1284.621883847481
1275.3221053727018
1267.7379410450735
1258.7036824170411
1249.8015082582106
1242.458907782565
1233.6877674044817
1225.04054091265
1217.9880003491162
1209.5767753466262
1201.284709447439
1193.1100595168928
1186.4579075547044
1178.5066151590836
1170.6688532012677
1164.2974305727967
1156.6703645220757
1149.1309314497057
1142.9838684119395
1135.6267271974157
1128.3484956972354
1122.4262755973068
1115.5875493253286
1109.1183636723251
1102.6482806115332
1097.4356819127613
1091.0959327608007
1086.6724258880538
1082.3469579086113
1078.0668140680523
1072.5757396553902
1068.7614562702056
1063.4203536025097
1060.0113142234459
1056.7726542909427
1053.629687826544
1050.6234518968317
1047.7638386573472
1045.0310795783853
1042.4453470884637
1040.0413074826981
1037.756043753451
1035.5122793816108
1033.5176725054623
1031.5987709424114
1029.7308454558242
1027.9179358707859
1026.1700927613724
1024.481993859883
0.6806180384191779
0.6808187564694834
0.6805783647485875
0.6786566842236658
0.6758228328122889
0.6709787635882614
