0.03741407973461269
0.21642490049898866
0.38134748729387535
0.5337248541372166
0.7267098612272014
0.9444098100480172
1.155476361760729
1.3504381826988368
1.5661862970937928
1.8057598698731767
2.0707757525866852
2.3625798708104053
2.6854955034759698
3.0350709362833355
3.415735279358693
3.846256170380223
4.294180035481383
4.340816936718313
4.332800595735408
4.313866067541867
4.284878783398459
4.246697021922898
4.200156958668472
4.146062229066909
4.085176942580197
4.01822118063903
3.9458684706355878
3.8687447101946786
3.7874282118659712
3.702450527893857
3.614298427999396
3.523415489416049
3.430203969569675
3.3350327874983914
3.238232533170317
3.1400956586749325
3.0408869567522387
2.9408439365440495
2.840178880181578
2.7390808185440036
2.6377176734623045
2.536238272855194
2.4347742717824565
2.333441759675592
2.232341054256973
2.1315753814312495
2.0312174129888296
1.9313337457286703
1.8319821789474051
1.7332141493446478
1.6350759259440089
1.537608922156874
1.4408499682384703
1.3448317037073625
1.2495830540854476
1.1551297283801394
1.061494698211131
0.968698648000585
0.8767603879861045
0.785697257723677
0.6955255337307551
0.6062587123146053
0.5179027549120093
0.43047758978169925
0.34401233848905954
0.25851660598336357
0.17399289162421075
0.09044806363609874
0.15893080538633353
0.24308102366095236
0.32783360088488345
0.41318197749573693
0.4991245527036444
0.5856522640180745
0.6727502922468405
0.7604059411019026
0.8486259807021099
0.9374269672365468
1.0267422155435273
1.1164871189506371
1.2066295602683592
1.29715321586937
1.3880359900217605
1.4792494486292214
1.5707637858073042
1.66254577554248
1.7545721794217244
1.8468256508671517
1.9392884217138349
2.031938481457055
2.1247540843369634
2.217722369471985
2.3108411153073924
2.320860032912817
2.4142921949274108
2.507863451567732
2.601580016899362
2.695525273707441
2.7897882096290827
2.884441663496917
2.979525762482564
3.075088985548316
3.1712067492522023
0.09668184946850639
0.19385354036739458
0.29140495803719324
0.3892355660728381
0.48725120188341065
0.5853476465894333
0.683444039256622
0.7815247907269008
0.8795416654690982
0.9774559234060202
1.0752567640179869
1.1729250072987296
1.270406077597388
1.3676564476139108
1.4646451983435838
1.5613584165038283
1.6577911556278335
1.7539333358860973
1.8497895276506495
1.9453513489101832
2.0406075568971063
2.135554957973305
2.230229661836451
2.3245977036471146
2.418611614973656
2.512242899612254
2.6054785109927776
2.698288609861709
2.790653355875381
2.882559651199581
2.9739902713478945
3.0649243361811433
3.155343971718071
3.245222725905514
3.334506083092089
3.4231734905757856
3.511225699539223
3.5986589074490913
3.6854694776631574
3.771675034384626
3.8572651153285826
3.942234179966933
4.026562684676668
4.110225709470829
4.193188475291958
4.275430532079109
4.356919951262533
4.437634850059075
4.5175735026196655
4.596708769602285
4.675024592270006
4.752547290179493
4.829302845718304
4.905354413031471
4.980729291197867
5.055440161620579
5.129494898590591
5.200718987593481
5.271381241371776
5.341246535042131
5.410659077187296
5.479145270539426
5.546799714188198
5.613705115889458
5.679884628534404
5.745338858652997
5.810110173078224
5.874210512225189
5.937714139196057
6.000665743679585
6.063106686971287
6.124947777592328
6.186154782865223
6.246740741026454
6.3067188082316346
6.36611291289307
6.424951253839027
6.483292510128785
6.541121766775472
6.59849669600662
6.655485204981457
6.712134797106618
6.768478015187846
6.824532065775908
6.8803094104716225
6.935825798483265
6.991111112096032
7.046193213010404
7.101096445755537
7.155839102115894
7.21043319423894
7.264885635356474
7.319196999732191
7.373365906539001
7.42738795012438
7.481256563529281
7.534970308648303
7.588539514391157
7.641982130759705
7.695312749968652
7.748537582649946
7.801656352340743
7.854666219324964
7.907565257214833
7.96035417541571
8.013035699905911
8.065612808326959
8.118087903600165
8.170463562146407
8.222743766305571
8.274934279708013
8.327041719735345
8.379072023261644
8.431029147510387
8.4829143548517
8.534725809784954
8.586457887729042
8.638099191133858
8.6896262692216
8.740982582989972
8.792016396141657
8.842593507914767
8.892951492636106
8.943208259298265
8.993369833822396
9.043432101717075
9.093390153795648
9.143238767533683
9.192972409189872
9.24258515121952
9.292070359551392
9.3414201641773
9.390624432339758
9.439668701427252
9.488529125985767
9.537157345501074
9.585432120689362
9.633168133105002
9.680513843426624
9.727640668898301
9.774560263733868
9.821257238662497
9.867699042942673
9.9137980003768
9.959451513116873
10.004736164945907
10.04967368981857
10.094244979840989
10.138463985748853
10.182352553970484
10.225915553419966
10.269147101192562
10.312037119922609
10.354574008873454
10.396746933818722
10.438546902621992
10.479960796388616
10.520942159871304
10.561345905560312
10.601183633435399
10.640678546908802
10.679868071280703
10.718730505910905
10.757208830262654
10.795191377712904
10.832640321937976
10.86968526495531
10.906376052877045
10.942704457487388
10.97865278399198
11.014200154194487
11.049320527405676
11.083975082557549
11.118099604796857
11.151585937291266
11.184357539761415
11.216379536267544
11.247448289003836
11.277459679629827
11.30646098091906
11.334358319671011
11.361027485403495
11.386456926101758
11.410875788732925
11.434448585200412
11.45727170246937
11.479344501225068
11.50066202665279
11.521196460825443
11.540978195142909
11.560112635650988
0
0
0
0
0
0
