529.5561382610689
540.9184492316966
546.0364214206064
555.5192741403331
561.9254232373207
576.3067801035448
578.6726302940707
577.7753146971878
572.0994157673963
567.8103634545452
565.9758080055745
561.491073207987
559.1003535148049
557.3089764225803
553.9758225705348
550.1032816899416
545.9976728366448
541.9568744733022
537.175976353785
531.8966976091825
525.0839039762269
515.4622900370714
504.9493189953891
494.4728429312163
483.8913709488119
470.9128220504886
460.2121204490127
465.59612872644743
453.9719483072208
442.5336391177036
430.7766674202071
427.56326644105377
416.02333080884154
404.11959384611237
398.03143559092405
390.2551622110942
400.1561368889436
408.23966783852956
418.14493346361724
434.5584262596657
439.8575251714881
446.1228062926298
453.8238219956053
457.7465914044419
467.7820697615525
475.287482325567
482.72270059113714
490.04136424489303
497.2418702816782
504.2744316737102
511.19023987031983
517.9936067481634
521.7326217484126
525.9276926382498
532.382952337737
539.9136169334739
544.7990584387695
549.636588175027
554.5634058848245
559.4903237812254
563.1215546632649
567.8886785267351
572.6622969688668
577.4095563538002
582.7725577766038
584.0560214157654
585.4224059121773
586.6760378738302
588.106747224431
589.2003134004365
590.9454529352245
595.7803746430866
600.7597839418124
605.7746671883752
610.6601004092579
615.3979506944191
620.9932848867267
597.444104397673
602.3038767666072
606.8221735172203
616.913465299699
620.0985645704033
624.4429898918853
628.1498273462922
630.842091906816
632.5851300140436
633.6635209697909
632.7639212832762
630.9526689859803
628.6020831440892
625.905884883236
622.6717113412044
615.6127791255152
606.6527357959369
595.987650195134
585.3672776885305
575.9078825610173
560.1873218747783
545.0276006311254
530.6321627588014
515.1227082462506
499.02503245356525
487.6273145027409
475.9135694332332
466.87502383778883
458.81291069117816
450.0326768935769
442.18855512190555
434.4727947084132
428.8241002839946
425.62708062503884
424.83054123015944
424.46949638753006
425.0259882958638
425.68451602371823
426.763531007755
428.58910047982744
427.44156634267836
426.27430971545414
424.821315132074
423.6682955773085
422.5369261598441
421.37725848013395
420.3667970995808
419.6124281722783
418.69937061521375
417.7981421779291
416.9791669473669
416.0071002751662
414.9710683316034
414.1217849859559
415.3574793510608
413.9582608633233
412.67218365300386
411.70071299785167
412.9251004396817
411.36919078902554
409.45544552950776
409.76723290075637
408.0668071782621
406.33532701467686
404.5464662548734
402.48137782605625
400.4285286098204
398.4080506433687
396.58926778469174
395.4332183677693
394.9977390144756
392.6588500814212
391.3672600473469
390.0384497684274
388.5595563492467
387.29078940846136
384.8771086453828
382.57248947035174
380.4042729916663
378.3139252656951
376.7489838189813
375.8743016298304
374.9096762793544
373.5510998785124
372.21867027029305
370.48750459778284
368.5669490393236
366.79317141207844
365.1561520799896
363.7165069289749
362.49235749826266
361.71464344843264
361.73074255254744
362.512336245004
362.7726806373719
362.50529761668895
359.9085309259839
357.2935012356015
354.7509123812997
352.2087521097974
349.60255860827147
347.53618504758845
344.8416903758715
342.16688078225945
339.45606129199257
336.69352704454343
333.8097036588804
330.90061403426233
328.0280194423045
325.2421064291585
322.5505806114138
319.97166922310583
317.39202612604913
314.8366600442209
312.2777444108489
309.54292524430446
307.00316736453243
304.8492376596369
302.61723031376863
300.3095687974627
298.0615616206299
295.8498793385139
293.72026246954204
291.60675318467474
289.47912166593767
287.33028361349704
285.15385740968253
282.97083029413363
280.8079348285913
278.6649954974967
276.541892903055
274.43856230537546
272.3549712006791
270.27028203516574
268.2260221491314
266.1988938692373
264.11044270050695
262.03667954649336
259.98324668927876
257.9470113746232
255.9870314765399
254.04616482481734
252.12427862643221
250.22121269420026
248.3367674269381
246.470663725243
244.62241331272807
242.79102200244608
240.92688761074777
239.08239060256918
237.25802575222946
235.45345344178267
233.66514643580726
231.8989955556243
230.15160073641837
228.41942069837086
226.70860611250475
225.01568960839427
223.33109566614667
221.65775131606114
219.97599911113974
218.2633924220666
216.5362987810607
214.82367228255015
213.147963081741
211.46222004557717
209.7940509227794
208.16780489135607
206.53449262375113
204.91836771197075
203.34319599927142
201.76217170535728
200.1982184044949
198.67313720726375
197.14162167861446
195.62612360959525
194.14812641575358
192.66417376270158
191.19569914622153
189.7424572156408
188.32469048920248
186.90119180124168
185.49235902493203
184.11752549114155
182.73668854791467
181.36710009727437
180.02800544999587
178.6855645710978
177.35851821157905
176.06435045233243
174.78984196169066
173.54564891233463
172.31595467339875
171.11437795822332
169.90692427668762
168.78256003349236
167.67076717189863
166.56737901998525
165.4158586528006
164.36663573820942
163.2740880961882
162.27237424401247
161.2871546195424
160.31433269920254
159.35753027114103
158.41759204354034
157.49281251279302
156.5850858607445
155.69775334747644
154.82952265625886
153.97282282163275
153.132227610589
152.22515496271816
151.1154454942381
150.0146548315813
148.92278387620487
147.84013567444373
0
0
0.1542961917844612
0
0
0
