6011.17222400928
6041.5348887472355
6092.79428045948
6080.571480847315
6026.896363430766
6019.973394274839
5878.69641789554
5731.381380757249
5599.352857600624
5475.885554825625
5384.853584461807
5298.6683535071315
5214.447660140587
5188.430093015012
5218.861881963263
5245.357044747464
5268.806025077701
5292.265014348092
5274.444315762079
5227.353241592536
5162.786774590779
5080.141246509372
4981.030824823925
4885.063374886155
4791.6110301397475
4665.288363656526
4572.42288302713
4713.314862755774
4554.396997342419
4451.992618522697
4382.527387074454
4390.204638242896
4332.631585022785
4277.1568386043255
4248.205267356715
4188.232858435406
4275.035034044974
4368.3721337281895
4498.496203163984
4679.735660239087
4734.135126538109
4732.801704619976
4723.08471678698
4733.624390561341
4816.701986421466
4839.261824441605
4855.168676169302
4871.0359784058555
4886.7832508300635
4902.358062356456
4917.748606607092
4932.968658346653
4935.124409670325
4962.75458626239
4992.428426256843
5040.406290382776
5063.029694395005
5085.350909480215
5108.783882727158
5132.4681236864635
5164.4299832465285
5185.855053367413
5207.1921789066355
5228.434883136092
5246.598039535835
5298.559511148238
5351.170157941821
5391.485291995024
5429.44947519142
5463.896885467516
5484.0007114517475
5501.778788018468
5525.272201281632
5550.621614338635
5569.803167732738
5587.758113900359
5656.691928161852
5748.6249822830605
5819.709105319529
5870.633918355552
5953.814682327369
5977.262756120543
5999.7149656293805
6014.369079331082
6016.203372377707
6007.976258457981
6001.720001026851
5965.4657946221905
5919.615664712067
5866.74602323962
5816.45351650981
5756.338510812346
5678.107749297491
5573.615297682314
5460.570669337507
5396.217747459928
5328.783231320844
5266.687460346478
5203.396724663386
5140.25154931721
5053.8928950240925
4948.514140255952
4856.43122982318
4807.822567766273
4731.8286694806875
4655.577767883171
4572.064552510705
4527.264241776061
4487.848375328238
4456.513908076024
4420.621977731876
4404.170174522018
4389.2690599994185
4396.886035864787
4409.629688951675
4422.381982089773
4450.440765651453
4434.9091126189505
4420.446274654434
4403.4705110597815
4389.1556156657
4376.648642810369
4362.507903535223
4350.704125843736
4343.178977685283
4329.314873755354
4313.5385199943885
4300.739912300994
4287.825541811071
4274.697238409079
4263.968216229364
4288.719291343734
4273.751727046637
4259.983332215862
4250.784926903339
4275.587781847947
4258.680128606756
4239.607939551791
4265.191752142892
4249.9713831669515
4236.2905591751805
4220.707476723317
4197.16634994159
4170.5330198069
4146.727156468083
4134.987362391537
4129.090285157426
4134.408633837735
4093.6383736345274
4078.0529832910092
4063.0502451732664
4049.9967373225704
4037.8774223622095
3995.0391707851722
3953.5886107712076
3913.639771629755
3875.3077463863265
3856.273045334006
3840.8226973415667
3831.677621949472
3819.849632052115
3808.3064534534224
3795.4986216796933
3780.8835012880777
3768.7895948947107
3758.8198225940732
3750.6034417182823
3742.972452990771
3736.3876933410256
3737.6258133683127
3746.5574079668772
3766.0328781899343
3778.2283637297564
3754.5623471441286
3730.6680782033486
3707.1392820931082
3683.1355106334995
3656.854932697208
3651.929513805173
3627.445936213708
3602.4454920314197
3577.3460793416803
3552.638490446481
3529.687015421879
3508.247535992536
3487.3032856687137
3467.7115032595584
3450.639853254826
3436.3876341827126
3421.6686059513504
3405.59378929169
3389.139236097499
3368.244902758219
3349.525358583269
3337.258085171326
3323.6448199488736
3308.0194495351884
3293.3070173292963
3278.9258239801406
3267.3614358473983
3254.8048280450457
3242.356371182462
3229.9575846752878
3217.605192252244
3205.2977107825836
3193.0348044426896
3180.8172891155355
3168.647186142128
3156.5275718333
3144.4621663389307
3130.5848770355697
3118.6219930621005
3106.024406775387
3090.2656748760346
3074.507920253728
3058.857502970447
3043.296461560422
3029.904070501486
3016.60176660468
3003.3926271307123
2987.5391134160463
2969.9454214583575
2952.4941324164442
2935.1854190068148
2918.0158934140654
2896.795350142349
2875.782852502871
2854.984826617932
2834.39999051902
2817.614436703349
2797.4314235782267
2777.45850867658
2761.2191816447985
2741.6467423457166
2722.2842763514323
2704.1961637390177
2688.695526972983
2669.94073355715
2653.5264817155544
2633.7997120665746
2614.2516042242264
2598.1895542754687
2578.972027208546
2559.9954090922156
2544.5226464957386
2526.0164204982334
2507.7558862599917
2492.9223919282426
2475.184275587932
2457.7057754694506
2443.342002723819
2426.1168249053453
2409.135184136502
2395.338656147471
2378.8205306747823
2362.53651958531
2346.483149131834
2333.4705907805055
2317.8555686120717
2302.4634229446283
2289.999770938798
2275.0206429823866
2260.212562709576
2248.184974104388
2233.7330688802213
2219.434962571712
2207.844932050871
2194.3788936678366
2181.6233216338305
2168.860061146089
2158.6127280439277
2146.114062437267
2137.4498866898343
2128.9822702656043
2120.604150674437
2109.800875152536
2102.345135190443
2091.826505324783
2085.1576796934824
2078.8117028648035
2072.6366603908195
2066.7052518202327
2061.036946823396
2055.598755158336
2050.428057915281
2045.5872082158146
2040.9499025328382
2036.3765253403071
2032.2925781895033
2028.358418588093
2024.52500458539
2020.7991662027107
2017.1986073109301
2013.713732058025
0.6941900241326038
0.6943653098513713
0.6943242539326733
0.6934701829280321
0.6921542822838267
0.6896740484071429
