0.1269855550223209
0
0
0
0
0.10165621795847013
0.8383400204413882
0.841797006287317
0.8498862496354476
0.8528435819463408
0.8487621486759984
0.8397343313861461
0.8281820959192854
0.8158169789349601
0.8036311530398654
0.7921147668993789
0.7814557927571819
0.7716781551939356
0.7627269761408173
0.7545172354197405
0.7469596581646831
0.7399731594435877
0.7334895603536529
0.7274540886566006
0.7218231616709558
0.71656127885106
0.7116387944401968
0.7070330753000587
0.7027350118659534
0.6986844704138928
0.6948676996002346
0.6912821329881713
0.6879628566722884
0.6848097590428615
0.6817299491566975
0.6787680855537848
0.6759365029286779
0.673242221491801
0.6706873320622164
0.6682751207966708
0.6660088394516951
0.6638916279091434
0.6619285614146175
0.6601367631774901
0.6585220307146611
0.6566974593750019
0.6549491336564484
0.6533416143408322
0.6518920706351206
0.650597972838387
0.6494446332242854
0.6484141283962375
0.6474901242522169
0.6466591386094755
0.645910348204195
0.6452351105876963
0.6446266200197415
0.6440800748052333
0.6435930792954037
0.6431672144750955
0.6428133729546004
0.6425686313617307
0.642494299081211
0.6425853475820387
0.6428103195706547
0.643118936166045
0.6434536197293306
0.6439101550688409
0.6445832250382111
0.6453450218034251
0.6461317726579674
0.6469415764602382
0.6476806155291247
0.6482898898466115
0.6488692653084182
0.6496256103287656
0.6507020369911487
0.6519990660003216
0.6534389105501437
0.6552126495598687
0.6577420851089499
0.662031513427721
0.6711059315969847
0.6946005310882541
0.7256019103313327
0.7413290621427948
0.7705040955150588
0.8066133084335148
0.8206068616922768
0.8082041289099196
0.7839351203565625
0.7568243303421229
0.7341919540570641
0.7160098847297536
0.7017211763586406
0.6917567956109116
0.6845650649922841
0.6796218288144276
0.6772602747037637
0.6766880953933874
0.6767850294672328
0.6783880185089042
0.6816072408188623
0.6827064747112721
0.6823301083521938
0.6821476820151129
0.683778657310132
0.690613996221392
0.7109925757249913
0.739050595226467
0.747415225221262
0.7362347089315069
0.7197018696373814
0.7052491249557891
0.6938943763510252
0.6855602956867979
0.6780442216727489
0.6718813304378646
0.6669895755417232
0.662824294909139
0.6589136412527474
0.6563234469460411
0.6544465029323954
0.6530068213734941
0.6518771806494761
0.6506627112870667
0.6501399189670098
0.6496850261303888
0.6492261343023853
0.649646805653461
0.6497048824326921
0.649440697274486
0.6493711777680011
0.6495223066687283
0.6492413806640904
0.6489742212556515
0.6482384592861234
0.6467934317656162
0.6476930945559922
0.6489300700850875
0.6498719778597306
0.6512103332445807
0.6529088154984668
0.6534004968086227
0.6541625153560182
0.6542621464137
0.6541896934599412
0.654089795645354
0.6544198190448403
0.6549872830480719
0.6546185430732065
0.653602797390409
0.6530632106107515
0.6508087037811272
0.6476690272676623
0.6456861618995758
0.6451067118310857
0.6450036759026361
0.6453073241090261
0.6470741454414974
0.6461287706585517
0.6456880347151217
0.6464031848229101
0.6472959132237577
0.6480640655770824
0.6488393831428985
0.6509464868879067
0.6523579993048334
0.6530060841335249
0.6523322429269807
0.6523447726459319
0.6534830297110683
0.6557086180798444
0.6566259383070894
0.6576309428679505
0.6584567425426147
0.6587402972940493
0.6600536577729099
0.6631561025115995
0.6681507239878282
0.6723860574083385
0.6764836158719167
0.679232166116186
0.6797861644040526
0.6793133005412699
0.6785526523514962
0.6775875909430096
0.676801756565456
0.6763748917606304
0.6761730022922263
0.6762305466280283
0.6767858692010376
0.6775207522178328
0.6779585565269552
0.6783835130361149
0.6793922919584234
0.6800770928281485
0.6803201603395059
0.680399457700922
0.6804423083134914
0.680501783997236
0.6805963371660861
0.6807285502909566
0.6808942142679764
0.6810869219110027
0.6813002184768957
0.6815284711410763
0.6817671368151057
0.6820126780584379
0.6822624356540652
0.6825144514879999
0.6827673135438772
0.6830200539807396
0.6832720320076058
0.6835228133905658
0.6837721431974173
0.6840198084350275
0.6842656743621127
0.6845096234383199
0.6847515633256602
0.6849913577602855
0.685228788175019
0.6854633738708547
0.685693668767815
0.6859175359832292
0.6861388788606497
0.6863619606795952
0.6865856881814532
0.6868086190402645
0.6870299366592745
0.6872492240079033
0.6874662782059584
0.6876809851334125
0.6878933241477725
0.6881032854204285
0.6883108518342196
0.6885159484636665
0.6887183485735382
0.6889173397333093
0.6891107582213125
0.689293709005919
0.689468182531918
0.6896437074356124
0.689821465015529
0.6899996596847225
0.6901769505615245
0.6903524012398319
0.6905251625538671
0.6906950817167282
0.6908620764628681
0.6910258298140044
0.6911874460294094
0.6913485428193442
0.6915099929389464
0.6916717834683918
0.6918337691878585
0.6919959907472979
0.6921584139249353
0.6923209340850243
0.6924832937893104
0.6926450566224849
0.6928054738846252
0.6929639366788112
0.6931207710668781
0.6932760548304786
0.6934295371634613
0.6935797575529556
0.6937252188216858
0.6938643382543097
0.6939990073553248
0.6941289077302093
0.6942468207542318
0.6943422562219215
0.6944373538006221
0.6944433254500526
0.6938922075788134
0.6932673791040644
0.6928175994775487
0.6923672961663707
0.6919499134701157
0.691679404314951
0.6915448980549377
0.6915157715542875
0.69156587748185
0.691677536401516
0.6918424800694678
0.6921287041807633
0.6930806250954014
0.6933455443027448
0.6934338022454545
0.6935515155007643
0.693692972011114
0.6938497732878712
0.6940167935126051
0.6941900241326038
0.6943653098513713
0.6943242539326733
0.6934701829280321
0.6921542822838267
0.6896740484071429
