10.380672506860021
10.277383089621326
10.175121419256104
10.073877269512105
9.973640515889983
9.874401134630842
9.776149201713864
9.678874891863872
9.582568477568818
9.487220328107036
9.392820908584094
9.299360778979393
9.206830593202081
9.115221098156475
9.024523132816729
8.934727627310721
8.845825602013079
8.757808166647184
8.67066651939615
8.584391946022636
8.498975818997408
8.414409596636583
8.330684822247456
8.247793123282808
8.165726210503676
8.084475877150389
8.004033998121903
7.924392529163279
7.845543506061253
7.767479043847809
7.690191336011669
7.613672653717645
7.537915345033742
7.4629118341659595
7.3886546207007076
7.315136278854757
7.24234945673266
7.1702868755915485
7.098941329113254
7.0283056826836745
6.9583728726793055
6.889135905760867
6.820587858173967
6.752721875056734
6.68553116975429
6.619009023140116
6.553148782944115
6.4879438630873825
6.423387743023602
6.359473967086959
6.296196143846606
6.233547945467484
6.171523107077551
6.11011542614128
6.0493187618394
5.989127034454821
5.929534224764643
5.870534373438238
5.812121580441305
5.754290004445865
5.697033862246128
5.64034742818016
5.584225033557315
5.52866106609136
5.473649969339251
5.419186242145463
5.365264438091895
5.311879164953206
5.259025084157589
5.206696910252927
5.154889410378217
5.1035974037403005
5.052815761095771
5.0025394042380436
4.952763305489538
4.903482487198897
4.854692021243224
4.806387028535267
4.758562678535498
4.711214188769066
4.664336824347536
4.6179258974954
4.571976767081298
4.526484838153898
4.481445561482398
4.436854433101595
4.392706993861492
4.348998828981381
4.30572556760834
4.262882882380179
4.220466488992671
4.1784721457711305
4.1368956532462375
4.095732853734091
4.054979630920443
4.014631909449048
3.9746856545141354
3.9351368714569226
3.8959816053661482
3.8572159406825715
3.8188360008074205
3.7808379484359147
3.7432179829955365
3.7059723427611138
3.6690973018296544
3.6325891753483996
3.596444311902675
3.5606590976838355
3.525229955295584
3.49015334367094
3.4554257581568306
3.4210437308612875
3.387003831411668
3.3533026683546137
3.3199368915551197
3.2869029675418777
3.2541979606418185
3.2218181499203133
3.1897605236986593
3.1580218761875165
3.1265990334956864
3.0954888533127143
3.064688224594655
3.0341940672529715
3.004003331846516
2.9741129992765907
2.9445200804850273
2.915221616155289
2.8862146764165235
2.8574963605505883
2.8290637967019636
2.800914411668912
2.773044847618455
2.7454525903636395
2.718134880655745
2.6910893705544594
2.6643125839215953
2.6378022307673925
2.611556208964455
2.5855707905118663
2.559843931292979
2.5343730586004303
2.5091556253257266
2.4841898563112608
2.4594728363287777
2.43500223597705
2.410775810078708
2.3867914214721746
2.3630470741139953
2.3395409589449665
2.3162715171971318
2.2932375274550205
2.270438224965137
2.247873464584034
2.2255439425894004
2.203451497637341
2.181599517801639
2.159993489350784
2.13864173431133
2.117556398702732
2.096754772588122
2.076261048006024
2.056108652991249
2.036343341221629
2.017027269798244
1.9982443653481383
1.9801073648463001
1.96276702701951
1.9432371687890146
1.9270255094400068
1.9120433056856958
1.8986284676856628
1.8872252592268757
1.878415988290386
1.8708803384344326
1.860909021275969
1.8486951600801362
1.8344141360905417
1.818064031381662
1.7999739920147566
1.7820639515470371
1.7643321189595285
1.7467767210541991
1.729396002276626
1.7121882245404496
1.6951516670535551
1.6782846261459978
1.6805975416866594
1.688255370710141
1.671456949097715
1.6548256745730845
1.6383598839949376
1.622057930770494
1.6059181846908472
1.5899390317679392
1.574118874073161
1.558456129577561
1.5429492319936362
1.5275966306187057
1.5123967901798392
1.4973481906803245
1.4824493272476733
1.4676987099831245
1.4530948638126613
1.4386363283394956
1.4243216576980309
1.4101494204092753
1.396118199237688
1.3822265910494613
1.3684732066721983
1.354856670756001
1.3413756216359298
1.3280287111958395
1.3148146047335625
1.3017319808274421
1.288779531204184
1.2759559606080335
1.263259986671243
1.250690339785841
1.238245762976662
1.2259250117756562
1.2137268540974349
1.201650070116067
1.1896934521430875
1.1778558045067378
1.166135943432388
1.1545326969241654
1.1430449046477484
1.131671417814337
1.1204110990657694
1.1092628223607879
1.0982254728624312
1.0872979468265513
1.0764791514914391
1.0657680049685445
1.0551634361342903
1.0446643845229548
1.0342698002206285
1.0239786437602187
1.0137898860175034
1.0037025081082165
0.9937155012861631
0.9838278668423365
0.9740386160050543
0.9643467698410735
0.9547513591577022
0.9452514244058751
0.9358460155842014
0.9265341921439592
0.9173150228950471
0.9081875859128552
0.8991509684460808
0.8902042668254457
0.8813465863733327
0.8725770413143146
0.8638947546865781
0.8552988582542254
0.8467884924204488
0.8383628061415743
0.8300209568419514
0.8217621103296996
0.8135854407132839
0.8054901303189308
0.7974753696088532
0.7895403571003015
0.781684299285412
0.7739064105518574
0.7662059131042815
0.7585820368865237
0.7510340195046079
0.7435611061505066
0.7361625495266564
0.72883760977123
0.7215855543841471
0.7144056581538262
0.7072972030846605
0.7002594783252198
0.6932917800971629
0.6863934116248611
0.6795636830657178
0.6728019114411864
0.6661074205684692
0.6594795409929
0.6529176099209985
0.6464209711541885
0.6399889750231802
0.6336209783229998
0.6273163442486713
0.6210744423315328
0.6148946483761915
0.6087763443981014
0.6027189185617666
0.5967217651195553
0.5907842843511256
0
0
0
0
0
0
