128.80039473684207
128.80039473684207
128.80039473684204
128.80039473684212
128.80039473684207
128.80039473684207
128.8003947368421
128.80039473684207
128.80039473684207
128.80039473684207
128.8003947368421
128.8003947368421
128.80039473684207
128.80039473684212
128.8003947368421
128.80039473684207
128.80039473684207
128.80039473684207
128.8003947368421
128.80039473684212
128.80039473684212
128.8003947368421
128.80039473684207
128.8003947368421
128.80039473684204
128.80039473684198
128.80039473684212
128.80039473684204
128.80039473684207
126.80811834302509
114.76434620417513
111.77026087419372
97.00012059508764
81.65169461101091
75.1353009059356
67.16062903205369
67.021447368421
67.021447368421
67.02144736842101
67.02144736842102
67.02144736842102
67.02144736842098
67.02144736842102
67.02144736842101
67.02144736842101
67.02144736842101
67.02144736842101
67.02144736842101
67.02144736842101
67.02144736842101
67.02144736842101
67.02144736842101
67.02144736842101
67.02144736842102
67.02144736842101
67.02144736842102
67.02144736842101
67.021447368421
67.02144736842104
67.02144736842097
67.02144736842101
67.02144736842101
67.02144736842102
67.02144736842104
67.021447368421
67.02144736842102
67.02144736842098
67.02144736842102
67.02144736842101
66.56373160398147
65.90141140825602
65.24568140858936
64.59647603143505
63.95373035571431
63.317380106324045
62.68736164770893
62.063611977498155
61.44606872020487
60.83467012098874
60.22935503948033
59.63006294366707
59.03673390383995
58.44930858660057
57.86772824892767
57.291934732302835
56.721870456894536
56.15747841580024
55.59870216934551
55.04548583943993
54.49777410398966
53.95551219136463
53.418645874921715
52.88712146758187
52.360885816461426
51.83988629755675
51.32407081048181
50.813387773257986
50.30778611715602
49.80721528158899
49.31162520905617
48.82096634013727
48.33518960853659
47.85424643617611
47.37808872833782
46.90666886885413
46.439939715346284
45.9778545945099
45.52036729744791
45.06743207504933
44.61900363341448
44.17503712932546
43.73548816576195
43.30031278746126
42.86946747652291
42.44290914805688
42.020595145874715
41.60248323822432
41.188531613566504
40.77869887639381
40.372944043090996
39.97122653783669
39.57350618854547
39.17974322285106
38.78989826412873
38.40393232755776
38.021806816222806
37.64348351725434
37.26892459800715
36.898092602277224
36.53095044655592
36.16746141632173
35.80758916236873
35.45129769717161
35.09855139128699
34.74931496979024
34.40355350874826
34.06123243172677
33.72231750633279
33.38677484079142
33.05457088055639
32.725672404954906
32.400046523865285
32.07766067442808
31.75848261726357
31.44248043534764
31.129622527677373
30.81987760820135
30.513214702169474
30.209603143035533
29.90901256939068
29.61141292192702
29.31677444043183
29.025067660811374
28.736263412144663
28.450332813766142
28.167247272377658
27.886978479189196
27.60949840708791
27.3347793078353
27.06279370929252
26.793514412673098
26.526914489822946
26.262967280527594
26.001646389846186
25.742925685471864
25.4867792951186
25.233181603933925
24.982107251937354
24.733531131484447
24.487428384756065
24.24377440127238
24.002544815432067
23.763715504075478
23.527262584072446
23.29316240993395
23.061391571447484
22.831926891336046
22.604745422940407
22.379824447924413
22.157141474003133
21.9366742326936
21.718400677087967
21.502298979648742
21.28834753002615
21.076524932896902
20.86681000582478
20.659181777142294
20.453619483853583
20.250102569557978
20.048610682394468
19.849123673006442
19.651621592526713
19.456084690582617
19.262493413321064
19.070828401452964
18.881070488317423
18.693200697964972
18.507200243260073
18.323050524002195
18.140733125065974
17.96022981455959
17.781522542001582
17.604593436515735
17.429424805044107
17.255999130577553
17.084299070404093
16.91430745437464
16.74600728318592
16.579381726680577
16.4144141221641
16.25108797273856
16.08938694565291
15.929294870669713
15.770795738448019
15.61387369894255
15.458513059818575
15.304698284882722
15.152413992529318
15.001644954202217
14.852376092871959
14.704592481528
14.558279341686063
14.41342204191024
14.270006096349821
14.128017163290757
13.987441043721404
13.848263679912666
13.710471154012176
13.574049686652518
13.438985635573268
13.30526549425678
13.172875890577467
13.041803585464645
12.912035471578577
12.783558571999729
12.656360038931087
12.530427152413331
12.405747319052884
12.282308070762488
12.160097063514472
12.039102076106248
11.919311008938257
11.800711882803947
11.683292837691882
11.567042131599692
11.451948139359896
11.337999351477357
11.225184372978337
11.113491922270958
11.00291083001709
10.893430038015339
10.785038598095277
10.67772567102259
10.571480525415138
10.466292536669823
10.36215118590012
10.259046058884161
10.156966845023321
10.055903336311152
9.955845426312557
9.856783109153167
9.758706478518699
9.661605726664366
9.565471143434065
9.470293115289362
9.37606212434812
9.282768747432733
9.19040365512775
9.098957610846979
9.008421469909772
8.91878617862661
8.830042773393647
8.742182379796427
8.655196211722355
8.569075570482147
8.483811843939908
8.399396505651932
8.315821114014035
8.233077311417418
8.15115682341286
8.070051457883299
7.989753104224594
7.910253732534457
7.831545392809477
7.753620214150082
7.6764704039734815
7.600088247234351
7.52446610565338
7.449596416953375
7.37547169410309
7.302084524568458
7.229427569571374
7.15749356335579
7.086275312461142
0
0
0
0
0
0
