1037.0292535259207
1038.4603404518616
1024.0333062869554
1001.2421785029563
987.7385903966658
944.7504442754116
920.5833838181325
898.7613395616768
876.6586926993621
848.7760582849271
834.5884194216186
819.7386692884456
801.4279986637788
792.9796567790006
800.279827755033
810.2578148493357
813.8439890972602
816.4034525167731
817.5294643345078
820.6096040672498
824.278133729672
827.5740921212116
829.7429516720736
832.0064902863406
834.6244785485575
827.3076823923706
832.7181941327033
842.8313408990745
827.1617678956816
825.8001855290149
832.8008824340643
840.5465605737114
847.7273245110924
855.958409132975
860.881574001888
861.6789171916125
871.7970890100466
884.4680117226147
901.221876315668
935.9180821976993
940.3442255060125
938.2288317479807
934.6442230837066
937.4995726336682
950.5909153979238
949.1734392529723
948.5399516892275
947.8633663404913
947.1420372849218
946.3753237581026
945.5656609585026
944.7173823305432
943.2970104481868
941.7981699524073
943.1773024822136
948.2489109701085
947.1186556597806
945.9356776057925
945.0116854639691
944.1495479948679
943.2214135771546
941.8055963027938
940.3771631553723
938.8989955978737
936.6946874081597
942.9173456157174
947.1003463123147
950.4386236288082
953.676219886962
956.3598221201667
956.7271092293385
954.1173523466023
953.2547390444523
952.5775460366394
951.7480345717963
950.7335985913509
963.0332562016555
988.4677017790665
989.6840389723532
987.0595713599118
995.9913356728366
990.5124358695283
991.9053095358304
993.0585059514387
993.815621001134
994.4570840418779
998.6566584053247
999.2470880877787
999.8289111003085
1000.256373928755
1002.3396228462959
1002.3300503641029
993.5516964498489
987.2723687774298
989.0634423942633
1003.9329099165548
1000.734860568266
1012.1587307898473
1024.786239494448
1035.3867123333628
1039.707957695336
1045.0587286573764
1029.6878511928878
1033.511324991634
1019.7056429366138
999.9841955476388
978.8429009244999
964.6288698915448
949.9182002011797
937.1888924822692
921.8591303657421
911.1841913407668
901.3557510028083
894.2530852058502
888.6375239894505
885.3220671793053
885.658740964238
882.4397357547023
879.1258227696469
875.4415945730916
871.6888517025254
868.7289859325332
865.1674280589837
861.3445749668479
857.1522575855805
851.7670371227646
846.2204889052985
841.6100185176954
836.6736935233574
831.021307218521
825.3992799554288
822.880266262613
817.085588509027
811.694755773634
807.1480247214555
805.1541109131117
799.8088654816279
794.5493386621088
793.8314928908957
790.3066582676347
787.0795721158144
783.3909107267293
779.2024635225785
775.2751915468561
773.998675216822
774.3110580033324
776.5838206047066
773.3529908883094
770.7330336851533
773.8644525579814
776.9266095541808
776.8475439597312
777.0383943484978
769.8339619285007
762.8748925590911
756.1493730246154
749.7826736711678
748.8445828160397
750.2216051629977
756.0182116009523
756.3935479867096
756.5484967356626
756.3324023396394
754.9069769498997
753.6440945134308
752.2203529145178
750.0158171590009
746.7148996546881
742.5537574526388
737.9358017308385
732.896586004379
725.2716982739327
718.6820514475418
714.8578727240837
711.1505008414684
707.4917431934988
703.8330280107907
700.0174181044944
700.0532245713507
695.8064960891624
691.2463822486156
686.7597490009374
682.3301920272363
677.9768197737889
673.7410102714487
669.5845542745701
665.8035324946853
660.4230080494743
655.9902298177398
651.065970809797
646.186390951054
641.234838552984
635.8115163552659
632.0699894916565
628.5518202877371
625.0266577405176
621.5322622697762
618.071528215753
614.6350985988081
611.5564808850174
606.4724034995315
601.4301051933462
596.4020300025238
591.3868284378243
586.383697574494
581.3922821696759
576.4125818583025
571.4448680571337
566.4896152052833
561.5474555801912
559.0256099385573
554.1069747326012
549.2008244127794
546.8469527976613
541.9581408631418
537.088384815487
534.6744799911509
531.883322582825
529.1131491308049
526.3650733158814
523.6402305754558
520.9397740866873
518.2648721399047
515.6167446395798
512.9972754668232
508.3673411447109
503.7729620316081
499.21389644418025
494.6910293455009
492.6030457645401
488.15168317564365
483.739463562924
481.7540532916162
477.41929815344156
473.1265112259121
469.8887371077825
468.05452550951225
463.8886432379877
462.1333108010291
458.05430610742206
454.0210617294782
452.3888388456744
448.4501413383099
444.5616085111919
443.05724226376583
439.26734070505245
435.52976572566945
434.15333865066
430.5249917002513
426.95155825415037
425.69803651025273
422.22935970961424
418.81419597888765
417.684991924384
414.3721044377786
411.11113877117805
407.90168684330007
406.93370196951815
403.82332488760454
400.7632045025448
399.90749521983946
396.9426567727618
394.02580911086966
393.27399669708103
390.42812033772867
387.58822140445125
386.86555108760336
384.1058141270531
381.47955697018807
378.7971605421326
378.18801151805593
375.57811012019766
374.8722952336079
374.2096815171983
373.56849883463735
372.6062528943569
372.1091427155814
369.8910572558105
369.46047392835055
369.107165993185
368.7638101344641
368.34581308464413
367.95138890328434
367.579751481099
367.2296570371526
366.8996016231098
366.55360840402204
366.19491561711726
365.94815402348354
365.72309635567086
365.51902726399186
365.3111990605841
365.119604560187
364.9481918290769
0
0
0
0
0
0
