0
0
0
0
0
0
0
0
0
0
0
0
0
0
0
0
0
0
0
0
0
0
0
0
0
0
0
0
0
0
0
0
0
0
0
0
0
0
0
0
0
0
0
0
0
0
0
0
0
0
0
0
0
0
0
0
0
0
0
0
0
0
0
0
0
0
0
0
0
0
0
0
0
0
0
0
0
0
0
0
0
0
0
0
0
0
0
0
0
0
0
0
0
0
0
0
0
0.032541189282975
0.07032583982566909
0.09448463783905411
0.10745851775313406
0.11389070151697155
0.11907152931849432
0.12300891327017237
0.12164361033346223
0.13388524065964752
0.17137738482641907
0.22159591649444055
0.33675586824069265
0.48529216413295473
0.4931563678644225
0.4650485058211184
0.4952191135318968
0.5544494300203426
0.628640238625122
0.7001663740866524
0.7660733345980831
0.8202031436661541
0.8637752681811774
0.8840057584805551
0.881162150782
0.8897115846461019
0.8878342791274639
0.8740329271691661
0.8486062403706198
0.7979689043694284
0.733884621334946
0.708639973204539
0.6583743103146577
0.5869239197076493
0.5426661853393344
0.5123274956509328
0.3936578853829254
0.2968933005684343
0.21134344485842504
0.15508886238242434
0.10343812929427532
0.04420838053333753
0
0.019413267608570095
0.0027847651842272114
0
0
0
0
0
0
0
0
0
0
0
0
0
0
0
0
0
0
0
0
0
0
0
0
0
0
0
0
0
0
0
0
0
0
0
0
0
0
0
0
0
0
0
0
0
0
0
0
0
0
0
0
0
0
0
0
0
0
0
0
0
0
0
0
0
0
0
0
0
0
0
0
0
0
0
0
0
0
0
0
0
0
0
0
0
0
0
0
0
0
0
0
0
0
0
0
0
0
0
0
0
0
0
0
0
0
0
0
0
0
0
0
0
0
0
0
0
0
0
0
0
0
0
0
0
0
0
0
0
0
0
0
0
0
0
0
0
0
0
0
0
0
0
0
0
0
0
0
0
0
0
0
0
0
0
0
0
0
0
