3596.009465404842
3559.55176848351
3539.62794996383
3522.5522083176293
3476.2932940228675
3437.895498375967
3385.4022081264407
3334.2750036593807
3289.4799586136455
3247.6075705137896
3215.0148010922953
3189.26847081362
3160.296676387083
3159.87799105793
3178.186209857561
3197.4010054516816
3213.2232843176644
3241.8194110690165
3267.5133120738587
3261.121418321858
3238.3034537410736
3191.7218894364973
3139.166009705788
3088.398976742361
3029.8579405873647
2967.4075126918106
2910.4610103189593
2984.550855037564
2913.478068540986
2874.3572970006844
2842.6476008992777
2868.546805899296
2837.8661659405093
2809.330056875646
2786.9820709238584
2736.7292316497505
2786.078501046275
2833.929657805227
2895.671252949795
3017.6510474376405
3040.359932077035
3034.5939871977266
3021.551503207849
3034.856278933475
3083.6116321498434
3091.677118862717
3095.332714738358
3098.9174720650844
3102.390871449954
3105.7278783455863
3108.924472655479
3111.9893348195155
3110.4481336684585
3125.856643052027
3137.9626400414745
3157.888816530025
3163.4714744093326
3168.314030972965
3173.2648958534464
3178.302097658405
3189.4204704839053
3190.7958555159576
3191.986243564627
3192.9205053280275
3191.231289661774
3214.8431333908393
3239.3503893289444
3261.713169024979
3282.6128405316995
3298.977603187209
3314.2798408972953
3307.2985257820583
3303.8675477867714
3301.470040213184
3298.5546722761965
3295.000452808953
3322.3908502461572
3396.909410230583
3422.356191761
3438.289526954414
3465.5676937252315
3470.0506676807963
3469.661050273618
3466.615103549217
3459.0374768305583
3448.2154111595737
3440.0359970252475
3422.1515984781354
3399.9881528539704
3375.946511883803
3356.4471272152036
3330.827781010711
3302.0056905065426
3263.1254270766517
3218.0251280834095
3199.1154827728583
3176.17736080832
3154.8884052952117
3134.8239830985976
3102.1725600119753
3057.6187578399818
3007.7989690525646
2968.7136742444554
2966.5542857315327
2934.930578046182
2898.069475394113
2855.8057248694304
2834.2456562449497
2814.3201915793998
2796.8120943771896
2770.7144923027918
2754.5225107844917
2737.95566945761
2733.386054028323
2732.978204367181
2737.405699627173
2753.622412937544
2740.2968805590917
2726.9656557187877
2711.898280425396
2700.379723442912
2687.429421222171
2673.9172408380064
2660.5404013178236
2648.096260128214
2632.343531684769
2615.919636305082
2601.535797347761
2586.437288249831
2570.5531185473355
2556.033368120613
2564.4631759549125
2547.187173796775
2530.924245141567
2517.531042020103
2527.049554403162
2510.289599197615
2493.7104990961816
2509.800732164726
2497.7749401811984
2486.442642734322
2474.094198117555
2458.6700358409807
2443.9133880879244
2437.369737324604
2433.3992045589366
2435.9320634695473
2451.9435640625934
2435.282344580285
2435.812543800779
2435.8600519903334
2431.5615741583397
2429.217024302744
2408.557951422372
2388.599191927717
2369.3266782032583
2350.7568496715353
2342.839811560899
2339.7018687862724
2347.2412973509104
2344.5848941653408
2341.808023476818
2338.4619022240377
2334.958908939868
2332.1935378518497
2329.4035735670113
2325.802875268235
2320.5481990775047
2313.0100988697723
2308.6763709110774
2306.215413575248
2307.949085860493
2306.8936731402573
2294.21130215815
2281.6508205501495
2269.4846810238514
2257.773291921318
2245.7533652433917
2247.0552154955117
2230.464407526092
2213.692060230833
2196.620633583134
2178.562395722699
2160.767139077073
2143.2724366102298
2125.9987186450267
2110.163451113797
2097.1515823254085
2085.3712193951583
2074.5539967334385
2063.858617942139
2053.213916340424
2038.4296253281047
2023.184993293104
2008.6881652018737
1994.2333954619335
1979.8336622517943
1965.5775416398433
1951.4232025998022
1938.9618677289523
1927.880778192758
1916.9197135498782
1906.0057765561871
1895.1365240416994
1884.3107514100861
1873.528223167908
1862.789403624859
1852.0952293237842
1841.4469477674477
1830.8460389433487
1817.846746578149
1807.3478935160997
1796.900110592566
1784.2155297709237
1773.8359918387405
1763.5161404875528
1750.9508866647775
1739.4989376586402
1728.114530824293
1716.7996695080296
1705.556397411929
1694.3868195079394
1683.2931846777205
1672.2781829571838
1661.3459107555636
1651.7435987800022
1642.231356180731
1632.8086291754696
1623.4753050243914
1612.0304481973699
1602.8827327840495
1593.829217899027
1582.6865347772396
1573.827971078443
1565.0681144690366
1555.3623972506675
1544.6427690131932
1536.1925698758675
1525.6897142245036
1517.4509280333614
1509.3202539022475
1499.145977283488
1491.2428512424628
1483.451693233609
1473.6094404716719
1466.0460355909124
1458.598055044044
1449.087534761305
1441.8903746078643
1434.8149150748181
1425.6311961219121
1418.795800148256
1412.0785058181925
1403.2180933550092
1396.734662660999
1390.365945216821
1384.1113456292203
1375.6685878109008
1369.6424916792464
1363.7286926943943
1355.5861672074213
1349.8968191158128
1344.3183394066689
1336.4615603272164
1331.0669682701648
1325.718584268485
1318.033781373512
1312.8776021219023
1308.1908656870908
1303.2146487641903
1295.8443547889829
1291.0380392662303
1284.778833568764
1278.6356818920465
1272.5716650455204
1265.2575235346608
1259.418017058585
1255.1527774022293
1249.5061928822595
1243.972228324855
1238.4989668463465
1233.0836077900055
1227.7266212813602
1222.4289593523295
1217.1897719761087
1212.0052702880052
1206.7686285752452
1201.482854827547
1196.5153630514455
1191.6092105433022
1186.7612037617507
1181.9700602249764
1177.2345182629888
1172.553758186171
0
0
0
0
0
0
