1083.6415751527522
1142.678114208663
1134.5835153746098
1104.0871187343832
1079.401449269257
1026.9067556193959
1006.5208582682858
988.00728515844
971.3014033194427
948.4025737549889
936.4431403033609
925.5307773862255
916.2814653752325
907.2648035932341
910.0652171894847
906.8508688421739
904.5867575920136
904.8027125575684
903.9476899642387
899.5093034115383
894.9805675486309
890.0235100051622
884.7706526237264
879.3389654448583
874.0073441306774
873.3593528398326
868.291541188347
875.6695912629948
879.1872679612395
884.6374764045072
889.4106567222987
901.6332275191933
905.7942505980467
911.3843674520238
912.5565519050247
897.5615125978493
909.4760240842712
919.9347215099417
919.290077300589
948.4957040781323
965.5949029317056
971.1801105275816
973.0729583457912
995.2274308514939
1011.2945497162721
1012.9899977082194
1013.1281073550681
1012.7061123517623
1012.2101280479898
1011.6339881742689
1010.9775891028751
1010.2447066228447
1010.4170412147455
1008.784633094198
1013.5764045450009
1021.7217044204867
1023.0081201138144
1024.1507912127493
1025.4279333787745
1026.663175569459
1028.2142970007105
1029.1802482900223
1030.0135832435337
1030.7078202163402
1028.8043515372763
1051.77963010113
1068.2517274558788
1084.4336403781722
1100.401018393314
1115.2978348786378
1130.6561656667964
1128.8254895871821
1129.2476679216604
1129.9325431641357
1130.3897252485372
1130.5728553360682
1150.980357988848
1209.4329679069178
1224.0173954017455
1230.4856426692595
1238.7660976884702
1239.8755199406994
1243.1439457138622
1246.0831797042688
1249.120621927337
1252.6638429568184
1262.2903892172162
1267.8091069693858
1273.8833739248685
1280.3202948224277
1288.9773804509746
1295.026612135172
1300.3522005599405
1294.0577922462762
1288.9349386516624
1276.189275093096
1268.699780419689
1256.1234984877897
1244.055576573698
1231.2650147366658
1213.0196003098856
1191.2802632588282
1192.977803775795
1178.876791770688
1171.067480005589
1158.5764823974698
1147.41436440079
1139.591149100903
1131.4457448608434
1125.8323597911224
1114.9496546858813
1107.5138078767159
1100.3523621694933
1100.5419754069567
1103.1660091870945
1100.540559464297
1099.9358594305427
1088.3749313759172
1077.1733961711177
1067.277561819028
1058.6710602406642
1049.371145612498
1039.4127614867139
1029.193900908749
1018.8449001039369
1008.4739295156328
998.2188998993086
988.1690948895367
978.0847501837443
968.0146199185922
958.370003941761
957.0842330033702
947.2723230098687
937.6660571422198
928.981198128877
928.3847924984598
919.4223356097424
910.7033108951108
911.9647336184861
902.8691351015509
894.0308728017209
885.35146124078
877.1892255914308
869.5403955717974
864.1756252603632
858.42057994282
854.1130758855052
858.3402688600938
849.4839157879879
843.8990125966018
838.4453378664549
834.1249030490927
829.9715346718086
815.2308420787713
800.7487022476805
786.544495930449
772.6021606621343
765.8099668388538
760.3041636433426
759.8873888451701
754.9541923831541
750.0540986630792
745.2365173937009
741.5621113951684
737.840336112919
733.865548065451
729.622153135835
725.2016702146718
720.3187678660167
717.1387138284322
714.5018604855761
713.6615119148414
714.1845690648103
709.5216626576707
705.0917465409243
700.8927288071616
696.9701269629802
693.3950404729458
690.2172465567542
685.5599789273319
680.3332290683107
675.1777459625819
670.0498070073481
665.0458197717219
660.1987731007088
655.4491937506843
651.6470789185526
648.4367027693712
646.1571211067783
643.8598948330061
641.6064296387091
639.3445705722897
635.3736079587071
631.8648946061325
628.6148405692846
625.3579704335978
622.0996008682214
618.8868055106012
615.6964922287618
613.7082255799228
611.0969417035019
608.5369410408941
605.9635622804518
603.3747464549169
600.7693842044856
598.1471261473023
595.5081959811343
592.8532275539337
590.1831403106532
587.499069165822
584.201023886098
581.4972510265532
578.782679087496
575.5079580020194
572.7539697467424
569.9956354768025
566.7608680800622
564.6746748892714
562.5893312640995
560.5064859871819
558.4278048725363
556.3549647519357
554.2896445662608
552.2335329567754
550.189190879037
547.477562194412
544.7873024273194
542.1180126993925
539.469995221825
536.5032480909616
533.9056333557206
531.3334115257775
528.4695668420204
525.9557634028375
523.4713000745841
521.1004160382784
518.389742400047
516.0060950054065
513.3780149838703
511.06646995202294
508.7911942201931
506.2897296911477
504.0994577251804
501.9508337140439
499.5825927460482
497.52284550081345
495.5081667917291
493.2752458424287
491.3694959577592
489.5151119901247
487.41864712665364
485.66663647386196
482.9642435839885
480.80669518098216
477.88422189691073
475.02288479243384
472.22219787262406
470.2867190554059
467.607448252047
464.9873147911004
463.20794313563675
460.7041477091699
458.2566152183984
456.6217169716268
454.25222783314473
451.87098918691424
450.26318618510777
447.97413818560295
445.9155277688377
443.71050552499617
442.24653818351845
440.12675807097537
439.6817493288054
439.28593030272316
438.9189417248287
437.5929775185361
437.3326858685554
435.6477518117922
435.466739503029
435.34756397925725
435.2440170031072
435.15408934822733
435.0787385440437
435.0179147009485
434.97058090344626
434.93486987560635
434.85924790082686
434.7471199135588
434.780368968296
434.83149538806106
434.8983430988334
434.9798468406113
435.07542210977374
435.18515248515536
0
0
0.10640756933239766
0
0.027398468087371397
0.026507218954947773
