0.9959470318470107
1.3896160743526078
1.6729455473113142
1.8768969814829128
2.0823767485012215
2.0725657587911175
2.0518029656220125
2.0354978757196145
2.0233791535714936
2.0150537676759295
2.0102937734967012
2.0090360792359943
2.0113408877383323
2.0173548344567793
2.0272874125125195
2.0413999869352257
2.0600043426534613
2.08346748540196
2.3183615080088154
2.568026754881075
2.83143494881719
3.108708046339146
3.4000035534285153
3.705490245487738
4.025323771584357
4.359617728942479
4.708419051230475
5.071704852355317
5.449405097269474
5.841416772342603
6.247628664006626
6.667956374066899
7.102386061623577
7.55092846201368
8.013503648022887
8.489920694171369
8.97984691159443
5.033660685826159
5.549199448484911
6.076762921048751
6.615813920741946
7.165775643063961
7.726000462261498
8.295768113172427
8.874318292417943
9.460905857543011
10.054828929728963
10.655446041832892
11.262163776827228
11.874410188857215
12.491610917814475
13.113181225927962
13.738535307270489
11.012314120732071
11.64356080193047
12.276990989257083
12.912154211479201
13.548640338602786
14.186070964467442
14.824082495410691
13.045714484230206
13.683631775126178
14.320997123909551
14.957755913814609
15.593818113689004
16.228991012588434
16.863030543828177
17.49563744192951
18.12654679111757
18.75558641089432
19.382570193801914
20.007274438594585
20.62947025006416
21.248903330354242
21.86525008703701
22.478201830615806
23.087591373904278
23.69329748803727
18.711388062265677
13.932831940418207
14.526748334686836
12.303922521441637
12.889542166435092
13.472359625203111
14.054101155458959
14.63541580856318
15.217612088536345
15.801661009910749
16.387599573097965
16.975208649572455
17.56425783379973
18.15471773802546
15.21283997206828
15.513873586458976
16.11031184840278
16.709187871352405
17.311161142502502
17.81724447868062
18.42746168422851
19.04364200602344
19.67196267673019
20.31720259623538
18.89692967662817
19.417919386851548
18.346766217192023
17.608842254705078
18.284254155108044
18.952502783619707
19.611008464161294
20.25745312669256
20.890949862200593
21.51088511827944
22.117190673420204
22.71036892768057
23.291241052017384
23.86049843042785
24.418633627235053
24.966162499543202
25.503548890342017
26.031176813101503
26.549332336362937
27.05821312045495
27.557936166191205
28.04855132116175
28.530037041851166
29.002415921317848
29.465540001453125
29.919173313390996
30.36310216303115
30.79701705096887
31.22052231937466
31.633178508772133
32.034547961896386
32.42430938397491
32.80233634613787
33.168631510856464
33.523331326699626
33.86671235460882
34.199156678255484
34.52110964134136
34.83303346317608
35.13543390070689
35.42877177642716
35.713476700899236
35.98996506257451
36.25863096324542
36.519844129375784
36.773935134827866
37.021243403619586
37.26210062341672
37.49680971935753
37.7256677037673
37.948978530308004
38.167033321349116
38.38008965657211
38.58841804986093
38.79229753492598
38.99197527004811
39.18765625529651
39.3795129845759
39.56768218059487
39.752332628209764
39.933670435086086
40.11192511429678
40.28731598303626
40.46001032002892
40.63017766143661
40.79795383352199
40.96345461101005
41.126764276156656
41.28798742020423
41.44725765212925
41.60467561019462
41.76030667665377
41.91417193912828
42.06632892859804
42.21687881722261
42.36593179132397
42.51360043288959
42.659978020437215
42.80515670987875
42.94920171062564
43.09217415882949
43.23414411738582
43.37517879333755
43.51533882086868
43.65467532432622
43.79324128903156
43.93109103704858
44.06827201664557
44.20483477832592
44.34082735463447
44.476290561948005
44.61125715141151
44.74575234759689
44.879793116756495
45.01339044390185
45.14655018580177
45.279275417096216
45.41157576823653
45.54347583440435
45.67500925994483
45.806204047952846
45.93707610720547
46.067632058236015
46.197874637948814
46.327807397917866
46.4574369932534
46.58677233256067
46.71582223163473
46.8445943505898
46.973096237857824
47.10133699965619
47.22932781134327
47.35708068587139
47.48460644509446
47.61191301488148
47.7390045100925
47.86588073489228
47.99253629655178
48.118957994481576
48.245116490168584
48.37093834647849
48.496223452343585
48.620795652011424
48.74497413006691
48.868917553731826
48.9926350928721
49.1161222561845
49.23937336715187
49.3623822183297
49.485142097583925
49.60764571196887
49.72988481148884
49.85184951963024
49.973526986781025
50.09489864878539
50.21593351597259
50.33656810653278
50.45664235557904
50.57591220739812
50.69457877152104
50.812871390031766
50.93080549866903
51.048360496103065
51.16549320967138
51.28208794435923
51.398011181718765
51.51336824334188
51.62818980140529
51.74245215507341
51.85617555022059
51.96939010653409
52.0821029419781
52.19430689903395
52.30598947562823
52.41713643391837
52.527734855338096
52.63777458215465
52.74724035801566
52.856073331436384
52.964085529866814
53.07130054989982
53.17802045631671
53.28429680586877
53.39010226397546
53.495362751918336
53.599931939323724
53.703762563118545
53.807030097614486
53.90980287189912
54.012071562696924
54.113814187467156
54.21500421862493
54.31560766003759
54.41557291220114
54.514812560429306
54.61317617102009
54.710547788244256
54.806876148456126
54.90190082721955
54.99550028867674
55.08775085216185
55.17853868191621
55.26771207901069
55.35527388532942
55.44154883067149
55.52677491328596
55.611082557450636
55.69447238332181
55.77693992350254
55.85844988443361
55.93904436839051
56.01886454341942
0
0
0
0
0
0
