0
0
0
0
0
0
0
0
0
0
0
0
0
0
0
0
0
0
0
0
0
0
0
0
0
0
0
0
0
0
0
0
0
0
0
0
0
0
0
0
0
0
0
0
0
0
0
0
0
0
0
0
0
0.0009603820888937123
0.0009062595185252484
0.0008544911738447886
0.0008049396024217982
0.0007574780361374364
0.0007119850531992071
0.0006683372684673028
0.0006263929253833068
0.0005859537970576249
0.0005467051037483684
0.0005079221370537999
0.00046836001415529463
0
0
0.0026514874415402004
0
0
0
0
0
0
0
0
8055712128058446e-20
0.008277491529572576
0.004148977131346327
0.008553710976164848
0.004722395864081358
0.00873721292782293
0.008746094920873066
0.008715775246736055
0.008642106457093773
0.008532654473534445
0.004647902990302781
0.008387866748928809
0.008361003644660506
0.008371446723926495
0.00844436475225101
0.008566583525076495
0.005171541017918127
0.008868015259084167
0.009003563055479374
0.006127798909373224
0.009237225391535058
0.006558905952915668
0.003753209009094157
0.0006966725769043089
0
0
0
0.0010799538636721343
0
0
0
0
0
0.0006961749923573054
0.0006847584750302476
0.0006675428495372993
0.0006491325396218496
0.0006352150451804985
0.0006223447441366977
0.0006071630243165197
0.0005912910158067987
0.0005753907986383345
0.0005597077559327311
0.0005442435856184464
0.0005289972259170438
0.0005144653336963731
0.0005005108988642762
0.0004871288831243039
0.00047458473276918323
0.0004624764909710912
0.00044899471683069
0.00043658525006984674
0.00042456666368262765
0.00041201073663788283
0.0004026662679512715
0.00039404275930521727
0.0003847043259175338
0.00037414539514224823
0.0003637926196287147
0.00035517476633329124
0.0003467435331017158
0.00033843366079700226
0
0
0
0
0
0
0
0
0
0
0
0
0
0
0
0
0
0
0
0
0
0
0
0
0
0
0
0
0
0
0
0
0
0
0
0
0
0
0
0
0
0
0
0
0
0
0
0
0
0
0
0
0
0
0
0
0
0
0
0
0
0
0
0
0
0
0
0
0
0
0
0
0
0
0
0
0
0
0
0
0
0
0
0
0
0
0
0
0
0
0
0
0
0
0
0
0
0
0
0
0
0
0
0
0
0
0
0
0
0
0
0
0
0
0
0
0
0
0
0
0
0
0
0
0
0
0
0
0
0
0
0
0
0
0
0
0
0
0
0
0
0
0
0
0
0
0
0
0
0
0
0
0
0
0
0
0.0016855588253410908
0.0016332198632843659
0.0015820072794870547
0.001532182717482039
0.0014840159007756953
0.001437718673893279
