0.03628300745817379
0.05086082191699549
0.06653733053797767
0.06888320166449366
0.0663890433092528
0.06322967233114814
0.05944026210778489
0.05502136368333187
0.0499705838416931
0.04429350282268895
0.038004779343740046
0.031126240602405958
0.023684629268964256
0.015709766205203708
0.007233222266969162
0.005813534922958387
0.0061655459530403365
0.00650695801197278
0.00683759141215247
0.00715733981229237
0.0074661539251799774
0.007764030360173019
0.008051003893587292
0.008327141611363267
0.008592538520753708
0.008847314014558287
0.009091608717148696
0.009325581909675317
0.009549408860634826
0.009763279027365544
0.009967394492365394
0.0101619670313706
0.01034721569812428
0.010523365857535525
0.010690652931108822
0.010849315459262746
0.010999593747568922
0.011141729180378446
0.01127596352864501
0.011402538050684441
0.011521692757845838
0.011633665848184212
0.011738693242684445
0.011837008614375085
0.011928845860115557
0.01201441602986028
0.012093919111028114
0.012167564547281165
0.012235560352235582
0.012298111770125294
0.012355419874108249
0.01240768062074872
0.012455084398111807
0.012497815910043397
0.012536054283723081
0.01256997329936668
0.01259974165688478
0.0126255234526082
0.012647478725188649
0.012665764974373179
0.012680539125809284
0.012691972150965508
0.012700263162624037
0.012705627522903946
0.012708254604344573
0.012708315256733068
0.01270595084484891
0.012701272356662286
0.01269439325417429
0.012685427800042582
0.012674471346327553
0.012661611840031109
0.012646932303373088
0.012630504225070166
0.01261239704456396
0.012592700740740615
0.012571519026350859
0.012548937205938136
0.012525002904862434
0.01249974040865718
0.012473168886774652
0.01244531425741213
0.012416234683137359
0.012386016335958138
0.012354725104329398
0.012322427067680755
0.012289158451211946
0.012254908003880884
0.012219697204603744
0.012183636413463435
0.01214693074958528
0.01210998206632316
0.012073425001432983
0.01203794635138235
0.012004068142796302
0.011972385001294265
0.011943478110276943
0.011917512765402396
0.011894394246208593
0.011874393525390863
0.011857873609462243
0.011844486531853984
0.011833236444932912
0.011822381649061738
0.011810355230832398
0.011796211641203756
0.011779460909243223
0.011759881898378212
0.011737319787998572
0.011711654490280412
0.011682849199359142
0.011650952088497337
0.011616044164785106
0.011577986367063515
0.01153669914370443
0.011492386463599276
0.011445195587640592
0.011395320366156534
0.011343113480773364
0.011288926004469412
0.011232345969303661
0.011173977841197533
0.011114653247522515
0.011054677153641966
0.010994189463438827
0.010933163372356596
0.010871388253565413
0.01080889137107784
0.010745643215032331
0.01068153108683553
0.01061634433278741
0.010549800188731778
0.01048173349118851
0.010411892701419685
0.01034028390998982
0.01026690380248558
0.010191264080700582
0.010110998542058944
0.010027055700299568
0.009942324861672255
0.009857789786618523
0.009773650393121234
0.009689731870819058
0.009605297537802612
0.009520213594287091
0.009434404652845297
0.00934733846217533
0.009258412502114965
0.009167392012645489
0.00907481580843201
0.008980350995281057
0.008884680982965684
0.008788695460378578
0.00869256516788603
0.008596496530549814
0.008501465645087965
0.0084087380498541
0.00831742512777802
0.00822544602146778
0.008130812516232218
0.008033024419580446
0.007934541124039251
0.007838999747852014
0.00774946168208542
0.0076660799294340325
0.0075854179661916064
0.007508393038277988
0.0074346007206080944
0.007361858196539905
0.007289255587174798
0.007216710472488504
0.007144383906243358
0.007071943843988399
0.006999266354282131
0.006924752492842366
0.0068502517919873775
0.006780073369689329
0.006715575916102704
0.006656817337214803
0.006602546289650523
0.006551442712852819
0.006502359623258353
0.00645444100583883
0.006408276087702661
0.006364299868282862
0.006322551552512818
0.0062828589444898575
0.006245024535462962
0.00620916947952826
0.0061756981059870415
0.006144877182710987
0.006116522620701541
0.006090120072432324
0.006065106009674743
0.0060409429505787985
0.006017052066672184
0.005992960266347345
0.0059683104482377534
0.005942958876321355
0.005917528116739162
0.005893333868927714
0.005871193454914444
0.00585069534311033
0.005830885722290925
0.005811040204377194
0.005790880762132489
0.00577051644756659
0.005750242721857599
0.005730280359523618
0.005710651651665561
0.0056912886800207455
0.005672209647552267
0.0056535715642026755
0.0056355735749582326
0.00561831141820283
0.005601710304141965
0.005585551579020819
0.00556953813604571
0.005553329266281613
0.005536508732955007
0.005518441637331612
0.005497798965509027
0.005470924707136194
0.00542729443761463
0.005368953269755388
0.005337164804267709
0.005318501436120945
0.005300496672416342
0.005282014156699484
0.005262957005566986
0.005243282636439718
0.005222951363307993
0.00520191870092022
0.00518011086442039
0.005157399874520235
0.00513354616368831
0.005108081267715525
0.005079977219035256
0.00504653676659097
0.004999736677613186
0.004932637181903823
0.004882338589692748
0.004851096034905045
0.004821050389684287
0.004789202497361276
0.0047536839168824015
0.00470847448248698
0.004652127689186986
0.004604557021645051
0.004559530322315244
0.0045125267684973484
0.0044672278186877416
0.004424477284293287
0.004382375104047678
0.004339743958698398
0.004296148177307248
0.004251450982443861
0.004205768367790958
0.004159333706158849
0.004111721185328025
0.00405928877914733
0.003991245744829268
0.003925191174260069
0.0038843919237063714
0.0038480226971475346
0.0038095224950915967
0.003765009167807706
0.0037084809324043574
0.0036482120169516134
0.0036027491952797465
0.0035631417026302176
0.0035229131472159303
0.0034810077429342444
0.003437045627999382
0.0033903948152220298
0.0033395529614297444
0.0032815195567906168
0.0032110130562644445
0.003131180470122697
0.0030474323235016258
0.002942251323565509
0.002827235403459119
0.0027188495443845133
0.002601233220001145
0.0024712239116943193
0.002341683626024196
0.0022393666949045645
0.0021566806377443185
0.0020853374827758896
0.0020142550621741967
0.0019428942331692288
0.0018686816719153067
0.0017980653845546476
0.0017392816671199462
0.0016855588253410908
0.0016332198632843659
0.0015820072794870547
0.001532182717482039
0.0014840159007756953
0.001437718673893279
