0.06717755493266514
0.2952761274563325
0.4889284400311831
0.7023786617471919
0.9217467844516467
1.2003742254136565
1.5072830195924505
1.8094832256519022
2.1363950661126685
2.3848633847457315
2.4370261494299545
2.4914827841792664
2.5490205671267216
2.610111591856893
2.6750002774164887
2.743775412867707
2.816421922103094
2.892855956343648
2.972948272240887
3.0565399372551094
3.143453197941786
3.2334992942398686
3.326484338833773
3.422213856521148
3.520496339584244
3.6211460021793536
3.7239848892731127
4.026030425989453
4.341106478880132
4.660409801065159
4.9835321563826716
5.310088800295715
5.639720117449997
5.972084566073934
6.306858843459814
6.6437435599136805
6.9824600145644276
7.322748739291231
7.664367968035952
8.007091756537532
8.350706614480501
7.807027086707032
7.938948144694527
8.282742472016873
5.6565532094910855
5.997286688717554
6.338324885325469
6.679542513160103
7.020824899757645
7.362068208480092
7.703179270540449
8.044074996510245
8.384681579556027
8.724933641724242
9.064773398973886
9.404149864105804
9.743018069315662
10.081338266434253
10.419074985111234
10.756195605325498
11.092667105157172
11.4284471463686
11.76347705954037
12.097700633181432
12.431071974009244
12.76355125494022
13.095112289802147
13.425732742101415
13.755381857622616
14.084031945699904
14.411664860773875
14.738263485416999
15.063813469778918
15.38831005451371
15.711749720633943
16.03411946592926
16.35540734755379
16.675618281912165
16.994762354653563
17.31283740164432
17.62982867529578
17.945701854966327
18.260382170974435
18.573757935214672
18.88569636515108
19.19604416483753
19.504660061523296
19.811430534351608
20.116257271457133
20.419054882097132
20.719761648113487
21.018322983894546
21.31467693954089
21.608822475061608
21.900726299647523
22.190200970861376
22.477015220243345
22.761064223978615
23.04213329255863
23.318567042873934
23.58785834719171
23.851407243204903
24.1101609826288
24.086993930169765
24.334705007240984
24.577218240604942
24.815267625751115
25.049525831405017
25.280557923719147
25.50624095700134
25.72636806535026
25.94453863843806
26.161008303236933
26.376053677497055
26.58988722573694
26.802714575452804
27.01472571960977
27.22606303832838
27.436757980602454
27.64572412857742
27.85444591563863
27.25123705610331
27.207891945259686
27.416604374226164
27.624689316062284
27.828312327462168
28.03221870740571
28.236801736756693
28.43917204676473
28.640162793712776
28.84106343241742
29.039573843448476
29.236056477782675
29.43245136943142
29.625330999301056
29.816377598722458
30.000364581522398
30.178738587286787
30.355670401537026
30.53267334556655
30.707106965240442
30.87109450594445
31.026102073014528
31.18012287491299
31.33041848697734
31.47745990708633
31.62552068188126
31.774628670990186
31.092870325285393
31.2426996837234
31.386292957907152
30.911789292791006
30.863846832695806
30.997888909087088
31.129131855564452
31.255270922286496
31.379217405671806
30.812119019042765
30.91028557209995
31.000441371376063
31.081971399325347
31.150239336487065
31.208810363897474
31.2653311130847
31.313370889852784
31.347774300259502
31.36685599633518
31.37268100057811
31.37758608935555
31.378838017534598
31.380562516500774
31.38257110645908
31.381625405078477
31.38108693408481
31.38098206660087
31.381250630389204
31.38190480936484
31.382906050454473
31.379292800736273
31.376267039620725
31.373759159814522
31.37173549960133
31.370109385178317
31.368757372096724
31.367588523585734
31.366573479569507
31.15460308230835
31.154022822635618
31.153697159739114
31.15359646808998
31.153720590122994
31.154093019103527
31.15472847680767
30.838577819522257
30.579556165846732
30.34569411115003
30.129654180143206
29.888888074544234
29.641423270013156
28.959705123559317
28.86111208786983
28.760934020806815
28.65921012696774
28.555965331424876
28.451205479806266
28.344924564885684
28.23711407847569
28.12776964097715
28.016892639120858
27.904487423357757
27.909099089672594
27.793649340467915
27.67668572571924
27.68183002076325
27.561881794112477
27.44047288949834
27.446140442631705
26.82255592683639
26.20095355761721
25.581209903258358
24.963169553857156
24.34662057878466
23.73121663299634
23.1162201702983
22.49998817228669
22.362974030342645
22.224472735351448
22.08468770076744
21.94365370355659
21.950256652327486
21.806784730994778
21.662123145512453
21.66901730051687
21.522034029038913
21.37391652058135
21.38103245953756
21.388198839014184
21.236726686985158
21.243902420659992
21.089955218209127
20.934392254055233
20.940972578232763
20.782528389350276
20.623168448702533
20.629833238116188
20.468690938363903
20.306547566020186
20.312924742532847
20.148366763685594
19.982753515549017
19.988847734063295
19.82122752791426
19.652682083261407
19.658592685951753
19.488350408122464
19.317281735582867
19.145388395630807
19.15105568844175
18.977520969092655
18.80317230451494
18.808562274008757
18.632343021415213
18.45495170210049
18.459861372773293
18.281077765785977
18.101830047065263
18.106747178282003
17.926226950018226
17.93079740467563
17.748548738396707
17.75304474330933
17.569718512825162
16.835880617554277
16.09711147576923
15.353921359031215
15.358023755946764
14.55608095918843
14.368326589277299
13.550378880049646
12.695182877056212
11.839402879828942
10.983510172880154
10.126376675645169
9.266464221137758
8.403253594280903
7.5371890672340145
6.6685792291826465
5.797563572189782
4.923021404216005
4.041286933609583
3.1539162778439884
2.2612293489444926
1.363592145140402
0.46116506413752384
0
0
0
0
0
0
