-61.77894736842427
-61.77894736842427
-61.77894736843882
-61.77894736840972
-61.77894736842427
-61.77894736842427
-61.77894736842427
-61.77894736842427
-61.77894736842427
-61.77894736842427
-61.77894736842427
-61.77894736842427
-61.77894736842427
-61.77894736842427
-61.77894736842427
-61.77894736842427
-61.77894736842427
-61.77894736842427
-61.77894736842427
-61.77894736842427
-61.77894736842427
-61.77894736842427
-61.77894736842427
-61.77894736842427
-61.77894736842427
-61.77894736842427
-61.77894736842427
-61.77894736842427
-61.77894736842427
-61.77894736842427
-61.77894736842427
-61.77894736842427
-61.77894736842427
-61.77894736842427
-61.77894736842427
-61.77894736842427
-61.77894736842427
-61.77894736842427
-61.77894736842427
-61.77894736842427
-61.77894736842427
-61.77894736842427
-61.77894736842427
-61.77894736842427
-61.77894736842427
-61.77894736842427
-61.77894736842427
-61.77894736842427
-61.77894736842427
-61.56243674160214
-60.949880261207
-60.34341881964065
-59.742991770239314
-59.14853906980716
-58.56000127257721
-57.977319524259656
-57.400435556221055
-56.82929167956172
-56.263830779425916
-55.703996309268405
-55.149732285150094
-54.60098328022286
-54.057694419127074
-53.51981137252005
-52.987280351662776
-53.52372627315344
-52.694317054891144
-51.421269552141894
-51.12309798646311
-50.4030601947743
-49.90154136628553
-49.40501273350674
-48.91342464319314
-48.42672793607926
-47.94487394214957
-57.783879160444485
-57.20891995617421
-46.52788877369312
-46.06492854510725
-45.606574847741285
-45.15278184588533
-44.7035041598283
-44.258696861434146
-43.81831546961621
-43.382315945855225
-42.95065468984831
-42.52328853511426
-42.100174744657124
-41.6812710067461
-41.26653543069551
-40.85592654257198
-40.44940328113444
-36.69901835489145
-48.26515296251455
-44.54479564614303
-24.89524184729089
-24.647530052054208
-46.372649245429784
-45.911233675986296
-40.77594785862311
-39.45216211126535
-31.593324176967144
-31.000399933211156
-22.981204696479836
-9.829771270640776
-19.055444910394726
-0.7505878314259462
-10.866942949272925
-10.397470668598544
-5.294610108467168
-0.07264108135132119
-0.024515656317817047
-0.024271721456898376
-0.024030213797232136
-0.023791109168087132
-0.02355438367521856
-0.023320013642660342
-0.023087975627277046
-0.0228582464333158
-0.022630803083302453
-0.022405622818041593
-0.02218268315482419
-0.021961961771012284
-0.021743436591350473
-0.021527085787965916
-0.021312887707608752
-0.021100820929859765
-0.020890864267130382
-0.0206829966919031
-0.020477197438594885
-0.020273445901693776
-0.0200717217521742
-0.019872004791977815
-0.019674275041325018
-0.01947851272416301
-0.019284698282717727
-0.019092812333838083
-0.01890283568354789
-0.018714749327045865
-0.018528534448705614
-0.018344172451179475
-0.01816164488263894
-0.017980933509534225
-0.017802020214730874
-0.01762488717213273
-0.0174495166138513
-0.017275891004828736
-0.017103993028285913
-0.016933805440203287
-0.0167653112730477
-0.01659849364659749
-0.016433335855253972
-0.016269821440801024
-0.016107934003230184
-0.015947657389915548
-0.01578897555009462
-0.015631872607627884
-0.01547633289010264
-0.015322340812417679
-0.015169880964094773
-0.015018938123830594
-0.014869497186737135
-0.014721543222549371
-0.014575061431969516
-0.014430037146667019
-0.014286455872934312
-0.01414430326258298
-0.014003565098391846
-0.013864227279555053
-0.013726275923545472
-0.013589697206043638
-0.013454477448249236
-0.013320603160536848
-0.013188060955144465
-0.013056837546173483
-0.012926919851452112
-0.012798294832464308
-0.012670949668972753
-0.012544871613499708
-0.012420048064086586
-0.012296466520638205
-0.012174114628578536
-0.012052980178850703
-0.011933051006053574
-0.011814315163064748
-0.011696760775521398
-0.011580376056372188
-0.011465149393188767
-0.011351069246302359
-0.01123812422156334
-0.011126303026685491
-0.011015594456694089
-0.010905987466685474
-0.010797471069963649
-0.010690034439903684
-0.01058366680808831
-0.010478357580723241
-0.01037409616401419
-0.0102708721824456
-0.01016867530415766
-0.010067495299153961
-0.009967322053853422
-0.00986814554198645
-0.009769955853698775
-0.009672743166447617
-0.009576497759553604
-0.00948121001420077
-0.00938687039888464
-0.009293469483964145
-0.00920099789800588
-0.009109446458751336
-0.009018805940286256
-0.008929067334975116
-0.008840221620630473
-0.008752259935135953
-0.008665173503686674
-0.008578953595133498
-0.008493591580190696
-0.008409078916884027
-0.008325407194206491
-0.008242568015703
-0.008160553086781874
-0.00807935421471484
-0.00799896330863703
-0.007919372292235494
-0.007840573220164515
-0.007762558205286041
-0.007685319476877339
-0.007608849264215678
-0.007533139956649393
-0.007458183943526819
-0.007383973774267361
-0.007310502012842335
-0.0072377612959826365
-0.007165744376834482
-0.007094444037647918
-0.007023853133432567
-0.006953964621061459
-0.0068847715301672
-0.006816266890382394
-0.006748443920514546
-0.006681295781163499
-0.006614815778448246
-0.006548997247591615
-0.006483833640231751
-0.006419318408006802
-0.006355445133522153
-0.006292207399383187
-0.006229598875506781
-0.006167613333673216
-0.006106244560214691
-0.006045486414222978
-0.005985332827549428
-0.00592577776114922
-0.005866815292392857
-0.005808439498650841
-0.005750644573708996
-0.00569342469680123
-0.005636774163576774
-0.0055806873278925195
-0.005525158572709188
-0.005470182310091332
-0.005415753097622655
-0.005361865449231118
-0.00530851399526
-0.0052556934097083285
-0.0052033983811270446
-0.0051516236999304965
-0.005100364185636863
-0.005049614715971984
-0.004999370212317444
-0.004949625654262491
-0.004900376050500199
-0.004851616482483223
-0.004803342089871876
-0.004755548055982217
-0.004708229564130306
-0.004661381884943694
-0.004615000361809507
-0.004569080338114873
-0.004523617230006494
-0.004478606497286819
-0.004434043599758297
-0.004389924128190614
-0.004346243673353456
-0.004302997826016508
-0.004260182264260948
-0.0042177927534794435
-0.004175825015408918
-0.004134274859097786
-0.004093138137250207
-0.004052410731674172
-0.004012088567833416
-0.003972167614847422
0
0
0
0
0
0
