0.03628300745817379
0.05086082191699549
0.06653733053797767
0.08064303765187399
0.09540495200193161
0.09195686790841584
0.08788161731313864
0.08317972267599334
0.07784876248102701
0.07189428894979107
0.06533093306022385
0.05818049454641494
0.050469688888438134
0.04222831002842537
0.033487902170419796
0.024280847940487505
0.014639756498555465
0.006506958028639449
0.006837591428819136
0.007157339828959036
0.007466153941846643
0.007764030376839686
0.008051003910253955
0.008327141628029932
0.00859253853742037
0.008847314031224953
0.009091608733815364
0.009325581926341983
0.009549408877301494
0.00976327904403221
0.00996739450903206
0.01016196704803726
0.010347215714790945
0.010523365874202191
0.01069065294777549
0.010849315475929414
0.010999593764235586
0.011141729197045121
0.011275963545311683
0.011402538067351116
0.011521692774512505
0.011633665864850882
0.011738693259351117
0.011837008631041762
0.01192884587678223
0.012014416046526954
0.012093919127694787
0.012167564563947839
0.01223556036890226
0.012298111786791965
0.012355419890774925
0.012407680637415387
0.012455084414778475
0.012497815926710065
0.012536054300389747
0.01256997331603335
0.01259974166481474
0.012625523376851982
0.012647478474640027
0.012665764360670136
0.01268053914247595
0.012691972162572918
0.01270026309854385
0.01270562730483048
0.01270825462101124
0.012708315273399733
0.012705950861515576
0.01270127237332895
0.012694393270840952
0.01268542781670925
0.012674471362994223
0.012661611856697777
0.012646932320039756
0.012630504241736833
0.012612397061230627
0.012592700757407281
0.012571519043017523
0.012548937222604804
0.012525002921529103
0.012499740425323843
0.012473168903441316
0.012445314274078795
0.01241623469980402
0.012386016352624802
0.012354725120996063
0.012322427084347427
0.012289158467878612
0.01225490802054755
0.012219697221270408
0.012183636430130098
0.012146930766251946
0.012109982082989823
0.012073425018099647
0.012037946368049019
0.012004068159462972
0.011972385017960935
0.011943478126943609
0.01191751278206906
0.011894394262875257
0.011874393542057533
0.01185787362612891
0.011844486548520649
0.011833236461599577
0.011822381665728403
0.011810355247499064
0.011796211657870424
0.011779460925909887
0.011759881915044878
0.011737319804665238
0.011711654506947082
0.011682849216025809
0.011650952105164
0.011616044181451776
0.011577986383730183
0.011536699160371094
0.01149238648026594
0.011445195604307255
0.011395320382823199
0.011343113497440027
0.011288926021136078
0.01123234598597033
0.0111739778578642
0.011114653264189181
0.011054677170308634
0.010994189480105493
0.010933163389023259
0.01087138827023208
0.010808891387744506
0.010745643231698998
0.010681531103502196
0.010616344349454078
0.010549800205398441
0.010481733507855173
0.010411892718086353
0.010340283926656486
0.010266903819152252
0.010191264097367245
0.010110998558725612
0.010027055716966233
0.009942324878338921
0.00985778980328519
0.009773650409787903
0.009689731887485724
0.00960529755446928
0.009520213610953758
0.009434404669511964
0.009347338478841996
0.009258412518781633
0.009167392029312155
0.009074815825098675
0.008980351011947723
0.00888468099963235
0.008788695477045244
0.008692565184552697
0.008596496547216483
0.008501465661754632
0.008408738066520765
0.008317425144444685
0.008225446038134448
0.008130812532898886
0.008033024436247113
0.007934541140705917
0.007838999764518679
0.0077494616987520875
0.0076660799461007
0.007585417982858272
0.007508393054944654
0.007434600737274762
0.007361858213206572
0.007289255603841464
0.007216710489155169
0.007144383922910024
0.007071943860655066
0.006999266370948796
0.006924752509509034
0.006850251808654045
0.006780073386355994
0.00671557593276937
0.006656817353881469
0.00660254630631719
0.006551442729519484
0.006502359639925021
0.006454441022505495
0.0064082761043693275
0.006364299884949527
0.006322551569179484
0.006282858961156524
0.006245024552129628
0.006209169496194925
0.006175698122653707
0.006144877199377653
0.006116522637368207
0.00609012008909899
0.006065106026341408
0.006040942967245465
0.006017052083338849
0.005992960283014013
0.005968310464904419
0.005942958892988019
0.005917528133405829
0.0058933338855943805
0.005871193471581111
0.005850695359776996
0.005830885738957591
0.00581104022104386
0.005790880778799155
0.0057705164642332584
0.005750242738524266
0.005730280376190285
0.005710651668332227
0.005691288696687412
0.005672209664218933
0.005653571580869341
0.005635573591624899
0.005618311434869496
0.0056017103208086325
0.005585551595687486
0.005569538152712376
0.005553329282948278
0.005536508749621674
0.005518441653998277
0.005497798982175693
0.00547092472380286
0.005427294454281299
0.005368953286422055
0.0053371648209343744
0.005318501452787609
0.005300496689083008
0.005282014173366149
0.005262957022233651
0.005243282653106383
0.005222951379974659
0.005201918717586885
0.005180110881087057
0.005157399891186901
0.005133546180354977
0.005108081284382191
0.0050799772357019235
0.005046536783257636
0.004999736694279851
0.004932637198570489
0.004882338606359411
0.0048510960515717105
0.004821050406350955
0.004789202514027944
0.004753683933549069
0.004708474499153647
0.004652127705853651
0.004604557038311716
0.004559530338981911
0.004512526785164013
0.004467227835354409
0.004424477300959954
0.004382375120714341
0.004339743975365065
0.004296148193973913
0.004251450999110527
0.0042057683844576215
0.004159333722825515
0.004111721201994692
0.0040592887958139975
0.003991245761495936
0.003925191190926736
0.0038843919403730386
0.0038480227138142017
0.0038095225117582635
0.0037650091844743726
0.0037084809490710233
0.0036482120336182797
0.0036027492119464137
0.003563141719296885
0.003522913163882597
0.003481007759600911
0.003437045644666049
0.003390394831888696
0.0033395529780964107
0.003281519573457284
0.003211013072931111
0.003131180486789363
0.0030474323401682925
0.0029422513402321757
0.0028272354201257857
0.00271884956105118
0.0026012332366678118
0.0024712239283609856
0.002341683642690862
0.0022393667115712316
0.0021566806544109853
0.0020853374994425564
0.0020142550788408635
0.0019428942498358954
0.0018686816885819732
0.0017980654012213146
0.001739281683786613
0.0016855588253410908
0.0016332198632843656
0.0015820072794870547
0.001532182717482039
0.0014840159007756953
0.001437718673893279
