3047.8220483015793
3085.1145693667468
3111.023036527991
3112.7546442869825
3092.680264295819
3091.8644959299636
3023.240616430648
2950.8604786200685
2882.180768490178
2814.7270782016376
2767.989675392724
2721.51903472836
2678.793239058798
2661.322819150735
2669.895612791048
2677.540737610823
2684.4171704403984
2690.060512960898
2672.9196778309847
2642.58610735667
2606.01579472163
2554.3007798358544
2498.3534411482105
2444.164365635262
2391.230905271913
2323.3659325400495
2275.4610123676075
2345.816648131315
2265.5159155752754
2214.0227850872234
2179.157474107022
2182.629468054437
2153.4712561347055
2125.357308554725
2110.5004076061055
2080.1287125235162
2123.140115471779
2169.4149801161907
2234.283852096234
2324.7033434261766
2351.6968114541487
2350.819045072136
2345.746218436834
2350.800538253585
2392.129318356795
2403.1727098148654
2410.865774610167
2418.531457676852
2426.1335204366487
2433.6491665613908
2441.0741078099177
2448.4155643288254
2449.226299740332
2463.873024614112
2478.443890021753
2502.1664748115813
2513.211087303011
2524.103456629828
2535.550109984459
2547.1201373969466
2563.6161918688417
2574.045298637477
2584.41156515513
2594.7004963166137
2603.423559407989
2629.0291718121284
2654.953736875755
2674.732928421658
2693.3388490527436
2710.1781603144846
2719.836380350324
2728.3305844011393
2739.6859176323096
2751.9835318812184
2762.2570049426618
2771.8997822209917
2806.105809591164
2851.81568865846
2888.021024831972
2914.1143857585216
2955.4572678446248
2967.3974448761815
2978.3869638742635
2985.4832534488737
2986.111557543135
2981.699802101435
2978.3398120799734
2959.9784429660613
2936.792693631585
2909.3648025019907
2884.014296270105
2853.8041207817687
2815.689542603109
2763.2947325191385
2706.6224842565007
2674.2967575388902
2640.4324928425153
2608.9564177314755
2576.8750244562257
2544.8606196274636
2501.236763419434
2448.103178893727
2401.8524115760115
2377.1119476022564
2339.3851342169814
2301.442673953675
2258.2714157236014
2235.403646416422
2215.00667211521
2199.879533029648
2182.7466656962097
2174.6696555662265
2167.0796237591107
2170.7419630276027
2176.962117612348
2183.182490159872
2197.00884466718
2188.984137733092
2181.4914486189223
2172.7407658099983
2165.3201916111593
2158.8035746174155
2151.4699995824844
2145.3866289254925
2141.6017511944888
2134.559242787955
2126.507311708116
2119.9516050315574
2113.3559564348434
2106.70917329243
2101.2634862767873
2113.5092597936855
2105.8408678215023
2098.7732628135172
2093.990242571146
2106.2073553791533
2097.56905722846
2087.850517891495
2100.462199023534
2092.6733107994237
2085.654133244314
2077.6847137445147
2065.7418544467046
2052.2582470735847
2040.1897495523472
2034.1546958578144
2031.0412260564121
2033.5353821522665
2012.9848895034702
2005.0279421701218
1997.3644809707775
1990.678202771095
1984.4611580818332
1962.885969504857
1942.005217783359
1921.8742731088153
1902.5504826871024
1892.8746709976542
1884.9917795065912
1880.2670533242388
1874.2064572307945
1868.2904251941256
1861.7431668545148
1854.2924434569454
1848.1015321506966
1842.9738545041473
1838.7253320035281
1834.7744014161103
1831.350691908122
1831.8629193730387
1836.6841308718915
1846.7776619201072
1853.232173062313
1841.7589753338123
1830.1752276441578
1818.7755705078484
1807.1383010897118
1794.3630121614638
1792.2669882809607
1780.39651279174
1768.2709549820597
1756.0986945181594
1744.1231539333403
1733.0226758509243
1722.672740125695
1712.5644455973427
1703.127437595345
1694.9463071209705
1688.2076319934743
1681.3020594175946
1673.715059705483
1665.935599722629
1655.9342903211907
1646.9017120222197
1640.8927647372366
1634.5126564209072
1628.030961265237
1620.8257433359415
1613.7383752746791
1608.0575712285681
1601.8787896758547
1595.752243398155
1589.6487580611542
1583.5667820055157
1577.5056672361768
1571.4653381667688
1565.4462894084097
1559.4496107597756
1553.47691157855
1547.530115667945
1540.676233907275
1534.7784625638756
1528.565262041026
1520.8435861364042
1513.1207855054731
1505.4500749107738
1497.8224967167919
1491.277703272489
1484.7764208597798
1478.320191459259
1470.5402440885907
1461.8886692913336
1453.3067398474648
1444.7944997003874
1436.350140906049
1425.8783230009885
1415.508514434026
1405.244149152421
1395.0847828764252
1386.8235755990338
1376.862217381449
1367.0045177586614
1359.012234900911
1349.35202132733
1339.7954151457852
1330.8745958624552
1323.2461098782705
1313.9891227325184
1305.9445675718125
1296.245200720684
1286.6333256054606
1278.7625757490935
1269.3120730218886
1259.9799920075611
1252.3978819138824
1243.2971455550646
1234.3173830767475
1227.0492336898753
1218.3267430848655
1209.731968055218
1202.6925272214582
1194.2203986742031
1185.8680677722632
1179.1063350629854
1170.9818581145266
1162.9725034087446
1155.0765388845766
1148.6990529589336
1141.0184072058396
1133.447270253896
1127.3384495084522
1119.9699570380192
1112.6850384382521
1106.7883993091616
1099.6776787959388
1092.6420032477852
1086.9585467391223
1080.3157406578616
1074.014009197812
1067.7056314225924
1062.655834531982
1056.4819724093302
1052.2264462945661
1048.0695846067806
1043.9571793047794
1038.6311310577514
1034.9758885411052
1029.7843378546288
1026.5103915439927
1023.38886623412
1020.34259478697
1017.4033348956509
1014.5807309614372
1011.8615979240602
1009.2631567536396
1006.813087039266
1004.4479256582613
1002.1048677495467
1000.0028501390262
997.975233218347
995.9975206089075
994.0724964341276
992.2078109046563
990.3991874347079
0
0
0
0
0
0
