10582.530871472612
10506.11949093875
10446.035249550525
10404.358283229903
10240.273148080356
10169.035264725171
9997.23322759736
9821.772066151256
9670.600054379267
9531.860128873552
9445.197580663102
9358.882410751583
9283.30022469674
9273.903861243214
9316.362215236753
9362.852574640412
9382.956566162053
9432.305960583073
9461.48206021611
9382.29275922792
9304.698199508644
9161.785878310275
8958.344419607341
8761.549738057938
8570.010176548336
8317.91489379838
8147.212481367004
8361.336307322323
8088.892823152553
7896.460989740739
7727.2245775290185
7732.337347409965
7595.549343598304
7467.986868077147
7399.760308427569
7269.870617781982
7418.051437281583
7556.165428285685
7792.113231793143
8096.874919212696
8210.073319995474
8192.610715646837
8147.802909494002
8166.088889846691
8297.012294898326
8337.846443327533
8358.749633011426
8379.48187689789
8399.895244039632
8419.896175123287
8439.463131896038
8458.619035295867
8463.026088134473
8517.831003840427
8565.603434640781
8641.215194439987
8676.204918485731
8710.472694677825
8746.181529126892
8781.999111448627
8840.370817929472
8873.40814990848
8905.75259096443
8937.624151217946
8961.358637747937
9041.82937179523
9127.006196168384
9198.397923456398
9264.053569481419
9324.057881967265
9358.855100140456
9379.951778907447
9405.628299398573
9426.054091150992
9440.785400127836
9451.899248037707
9557.586308556538
9832.211049356849
9923.08628981004
9989.834564020108
10088.500111236617
10110.024191454762
10125.442798591213
10130.520811124032
10120.74809444861
10100.154832224318
10081.99740853775
10021.440653857342
9943.637930498076
9857.284866909431
9763.096206080276
9649.504913124209
9517.370131816135
9335.8625382845
9118.291665553108
8993.366129608256
8887.284907819134
8766.691950905702
8649.432120470003
8519.43487293638
8362.42083408888
8180.30279919833
8037.664817588138
7987.5094832595005
7883.962897349222
7774.931135173059
7652.062770464374
7589.277414158358
7532.813005272778
7493.80692736876
7438.550497639217
7417.534378687666
7399.149788997622
7414.2755917170825
7438.416103486386
7474.90765025243
7541.8401589783725
7520.557405936617
7499.504865576961
7473.658613091427
7455.366211355711
7436.854960030186
7415.724471819925
7396.020624883525
7379.905837869075
7354.44218843367
7327.980508252254
7306.215320077726
7282.348271388082
7256.892957461738
7236.593402401709
7284.321008440667
7254.310800206031
7227.257921145482
7197.740897202217
7236.429218560866
7195.784703880567
7154.162091992738
7208.997273190443
7180.112174607454
7152.616681931051
7122.034212714298
7081.947294876569
7043.550419921448
7022.444203119001
7017.693172521707
7024.879713101682
7077.756497102122
7023.342411511423
7020.462359544219
7015.304601125326
7002.480041002635
6995.495170714468
6932.683083688469
6872.042582856655
6813.66702068188
6757.244646280265
6734.6377792366275
6722.686601245668
6738.241428479179
6732.2420447524
6725.024202864717
6715.785084323445
6704.897475936547
6695.954706800572
6687.5093196412945
6676.676957762898
6660.458543077006
6636.670645994733
6624.309954979266
6617.928813234372
6626.481264734748
6627.360687802935
6588.133407685369
6549.772658465597
6512.53175813758
6476.508353406898
6439.82096926356
6445.188539077401
6397.431212782504
6348.729635668789
6300.384980969849
6252.414286880305
6205.93070473592
6160.928867334614
6116.601561689397
6075.83992543506
6041.219046520821
6010.850328813819
5982.455350501179
5954.298553442643
5924.07313480236
5879.7100826912865
5837.68557651679
5801.159110598647
5764.240364165832
5727.293103301618
5691.2021911134225
5655.505935724309
5624.926647143622
5593.7897030976665
5562.975052909682
5532.246873884835
5501.5964331076475
5471.019511658973
5440.515261058471
5410.08549047887
5379.734094933997
5349.466518179436
5319.289260367428
5287.159558692485
5257.175863137908
5227.270953951891
5193.95135022501
5162.788597381348
5131.811484994865
5098.377221834891
5067.620937439515
5037.054031559554
5006.682468987928
4976.512084947246
4946.54855158731
4916.797286618063
4887.263252652594
4857.951621485282
4829.077335283126
4800.482641586155
4772.17115089125
4744.141846423874
4713.7926289916295
4686.327779304824
4659.151937590745
4629.664636527812
4603.069241829298
4576.77091047379
4549.1256066727
4520.829800882275
4495.436964427747
4466.891661485923
4440.941646720886
4415.018979721981
4387.323987462881
4361.986485448987
4336.994154510834
4310.24307090929
4285.942452294617
4261.996393590807
4236.228043722991
4213.049983429638
4190.246992017532
4165.460921690898
4143.372501271432
4121.640276632602
4097.799542638991
4076.7617555037773
4056.067958490797
4034.7840003444326
4012.375488799169
3989.7744661704
3967.5182244814246
3945.9930910336147
3924.3889208491155
3903.0605930080214
3882.2615319565634
3861.497391798165
3840.9697069144913
3820.8681603377304
3801.508319823381
3783.3494774659384
3764.9877843409004
3746.793602268503
3728.86592271546
3713.7287752816096
3698.9173054853195
3684.2623500178006
3665.4823009765523
3652.1847276921817
3637.049794245863
3624.890990560614
3613.2008064955053
3601.750762399046
3590.630528901581
3579.8670799000647
3569.4222969136035
3559.344134090157
3549.7089988917737
3540.279308153525
3530.8787572162364
3522.32329898385
3513.9988537591043
3505.8377366090085
3497.8475748788724
3490.0497140405796
3480.627698612881
0.062343580997053394
0.06041378479180359
0
1.075679780668315
0
0
