253.35423650553116
253.74790554803673
254.03123502099544
248.9926864551672
249.19816622318535
249.18835523347525
249.16759244030618
249.15128735040372
249.13916862825562
249.13084324236007
249.12608324818086
249.12482555392012
249.12713036242246
249.1331443091409
249.14307688719668
249.157189461619
249.17579381733765
249.19925696008613
249.43415098269304
249.6838162295653
249.94722442350138
250.2244975210233
250.51579302811268
250.8212797201719
251.14111324626856
251.47540720362667
251.82420852591457
252.18749432703947
252.56519457195373
252.9572062470267
253.3634181386908
253.78374584875104
254.21817553630768
254.6667179366978
255.12929312270705
255.60571016885564
256.0956363862785
256.5986239086063
257.1141626712652
257.64172614382886
258.18077714352205
258.7307388658443
259.2909636850415
259.8607313359527
260.43928151519816
261.02586908032333
261.6197921525093
262.22040926461324
262.8271269996075
263.4393734116372
264.0565741405948
264.67814444870817
265.30349853005066
265.9320671767092
266.5633138579076
267.1967440452341
267.83190726745624
268.46839339457995
269.10582402044446
269.7438355513877
270.38203305633834
271.0199503472343
271.6573156960178
272.29407448592264
272.9301366857971
273.56530958469665
274.19934911593634
274.8319560140376
275.46286536322555
274.33445428028756
272.41838583770516
270.5253416494362
268.6548410433308
266.80638044981356
264.97938948503275
263.17331512368355
261.38774827395315
259.62232820934133
257.36123989086417
255.03972289037387
253.2345856354791
251.1140459500997
249.32346516460643
247.55372578221602
245.80631880299774
244.08166036151988
242.38082836257198
240.704565515956
239.05268278902298
237.4247372692537
235.82027699380754
234.23905322215649
231.93588845636197
230.30950353724165
228.7686895712329
227.25157938121822
225.75862085400726
216.96463553353377
203.94409878061452
190.27624924125482
175.47807367788667
162.1627418612223
160.09962175554534
158.89283654080853
157.6607396190803
156.51882782391417
155.77324422832373
155.0734545479579
154.3764964359052
151.83031869512297
150.44889748373865
149.77970962187655
149.10971904841776
148.43930053274306
147.7691488850802
147.09983038600592
146.43171374122366
145.76519218163145
145.10060814416426
144.43822544424756
143.7782111483687
143.12064509889257
142.4655276509774
141.81279316720173
141.1623057681331
140.51397484857486
139.86754037850446
139.22265543227607
138.5789964630486
137.9361452117285
137.2935983429755
136.65080979121095
136.00723635381638
135.3624522408592
134.71622756805428
134.06846257185572
133.41919229397087
132.76859289749572
132.11694706723057
131.46460173704205
130.81192169559841
130.1593162386565
129.5071506873246
128.85576010003442
128.20546725690616
127.55657357983958
126.90935703857592
126.26405736324966
125.62092403806135
124.98019970577528
124.34209913263959
123.70683204928577
123.07461599614814
122.44565654219616
121.82012656498037
121.198212719055
120.58011101321472
119.96598640693576
119.3559625193756
118.75013127327962
118.14854962189467
117.55130737433399
116.95853244834205
116.37037694507347
115.78698354006572
115.20844363298339
114.6348516359381
114.06626899863836
113.50273785931459
112.94426959642504
112.39089662281586
111.84268108725712
111.29965287884521
110.76180733463347
110.2290961940042
109.70150832972502
109.17907693890349
108.6618449091726
108.14985819346528
107.64314410421261
107.1417294876152
106.64561489321466
106.1547974406702
105.66928381335872
105.18907846944164
104.71417991858326
104.24457777876007
103.78026414092211
103.32123303867054
102.8674722316908
102.41897317581558
101.97572539692072
101.53771178686317
101.10490774863
100.67728172925669
100.25479448240515
99.83740133982295
99.42505305877063
99.0176981626328
98.61529227339756
98.2178065151769
97.82522159329238
97.4375130985674
97.05464504901833
96.67657269073946
96.30324789738033
95.93462386335807
95.57065738768796
95.21130801895688
94.85653570408175
94.50629972055239
94.16055971559105
93.81927737083096
93.48241690892839
93.149943857321
92.82182301488653
92.49801674245414
92.17848404322369
91.86318005856839
91.55205517736972
91.2450524206291
90.94209910702688
90.6430788878901
90.34774916758965
90.0558917285398
89.76778411201464
89.4835437562829
89.2031390124924
88.92652497677486
88.65365596215969
88.38448614885998
88.11896960654825
87.85706021431298
87.59871128053764
87.34387486958812
87.09250045142642
86.84453215639742
86.59990206052667
86.3585101152035
86.12016005258569
85.88457197423001
85.65191150357894
85.42237284972
85.19593666497504
84.97254791069768
84.7521293195664
84.53453144115419
84.31958733747466
84.10736924310854
83.89787507244411
83.69104869280375
83.4868782409197
83.28536204682979
83.08647575516184
82.89018104822372
82.696434573819
82.50519155094536
82.31640882178642
82.13004629024506
81.94605905949584
81.76435893250893
81.58472888318212
81.40716374364396
81.23193710042223
81.05907231537853
80.88851413958591
80.72016085773268
80.55383877783974
80.38947354748207
80.2272138211619
80.06710137501956
79.90910059703879
79.7531634775147
79.59923772067337
79.44726381859071
79.29716491381792
79.14882858504463
79.0020796407648
78.85677761378955
78.71284697290649
78.57000326757905
78.42810117491297
78.2871934638906
78.14714298273162
78.00777494848342
77.86906934869657
77.73132828624087
77.59476735757808
77.45949480809992
77.32548929976045
77.192724625448
77.06114396820271
76.93076812106055
76.80171715485886
0
0
0
0
0
0
