6007.7182890568765
6034.808957177456
6083.144887983156
6070.1949910854155
6016.646054977839
6009.572091050843
5868.022757975668
5720.900194933867
5589.002513528844
5465.656104122607
5374.755365292019
5288.717072109923
5202.24986699591
5176.453129333998
5208.306224743561
5234.9917952161895
5258.5777989809
5276.113951861858
5254.612265303223
5207.225749153173
5142.369903510969
5059.4397615098405
4960.048316195385
4863.802382286267
4770.073161310137
4643.462284555389
4549.983945940811
4690.254297042549
4530.70529367215
4428.045570174446
4358.314948203087
4365.258936108869
4306.942512269414
4250.71461710945
4221.000815212212
4160.257425047035
4246.280230943575
4338.829960232385
4468.5677041924755
4649.4066868523705
4703.393622908292
4701.638090144268
4691.492436873668
4701.601076507186
4784.258636713587
4806.3454196297325
4821.731549220327
4837.062915353698
4852.2670408723025
4867.2983331217865
4882.148215618849
4896.831128656653
4898.45259948064
4927.746049228213
4956.887780043512
5004.332949623169
5026.422174606031
5048.206913259661
5071.100219968924
5094.240274792889
5127.232383737677
5148.090597273949
5168.823130310259
5189.400992633241
5206.847118815968
5258.058343628822
5309.907473756079
5349.465856843325
5386.677698110056
5420.356320630589
5439.672760701641
5456.661168805227
5479.371835267573
5503.967063765418
5524.514009887342
5543.79956444677
5612.2116191833475
5703.6313773179245
5776.04204966394
5828.228771517045
5910.914535689187
5934.794889752345
5956.773927749608
5970.9665068967515
5972.223115085266
5963.39960420287
5956.679624162036
5919.956885934208
5873.585387265247
5818.729605006134
5768.028592540215
5707.608241563535
5631.379085206215
5526.589465038278
5413.244968513014
5348.593515075591
5280.86498568288
5217.912835462947
5153.750048912456
5089.721239254938
5002.473526838873
4896.206357787443
4803.704823149866
4754.223895204513
4678.770268433921
4602.885347907348
4516.542831447209
4470.807292832838
4430.0133442304095
4399.759066059295
4365.4933313924175
4349.339311132465
4334.15924751868
4341.483926056693
4353.924235225697
4366.364980319728
4394.017689334355
4377.968275466186
4362.982897237849
4345.481531620001
4330.640383222321
4317.607149236333
4302.939999164975
4290.773257850987
4283.203502391139
4269.118485575909
4253.014623416233
4239.903210064117
4226.711912868692
4213.418346583861
4202.526972552577
4227.018519587368
4211.681735643503
4197.546525626036
4187.980485141293
4212.4147107588005
4195.1381144564175
4175.7010357829895
4200.924398047337
4185.346621599358
4171.30826649021
4155.369427489027
4131.4837088939275
4104.516494146256
4080.3794991042205
4068.309391713962
4062.082452112819
4067.0707643055407
4025.969779007965
4010.055884341555
3994.728961940945
3981.3564055413394
3968.9223161636487
3925.7719390105494
3884.0104355676954
3843.748546218605
3805.100965375182
3785.749341996789
3769.983559014132
3760.5341066483115
3748.412914460588
3736.5808503872486
3723.4863337088614
3708.5848869148926
3696.2030643022244
3685.9477090074697
3677.450664007227
3669.548802832219
3662.7013838212447
3663.7258387504785
3673.3682617438803
3693.5553238403163
3706.464346125734
3683.5179506677337
3660.350455288406
3637.5511410158006
3614.276602180254
3588.7260243239307
3584.533976564275
3560.7930255835818
3536.541909968031
3512.197389039502
3488.246307869864
3466.0453517050346
3445.3454802545743
3425.1288911973884
3406.254875193389
3389.8926142451232
3376.415263987881
3362.604118837124
3347.430119412067
3331.871199446855
3311.868580643313
3293.8034240462734
3281.785529479907
3269.025312847248
3256.061922535143
3241.6514866718817
3227.476750549362
3216.1151424596396
3203.7575793553137
3191.5044867999095
3179.2975161209765
3167.1335640118846
3155.011334473619
3142.9306763349705
3130.892578817585
3118.899221520317
3106.953823157869
3095.0602313407257
3081.3524678153167
3069.5569251298502
3057.130524086802
3041.687172273536
3026.2415710116707
3010.900149827963
2995.6449934353104
2982.5554065483716
2969.552841719619
2956.6403829202395
2941.080488178903
2923.777338584388
2906.61347969665
2889.5889994024965
2872.700281812824
2851.7566460027006
2831.0170288687764
2810.4882983055695
2790.169565757604
2773.647151198791
2753.7244347636242
2734.0090355220764
2718.024469802548
2698.7040426553845
2679.5908302943235
2661.749191726584
2646.492219758265
2627.9782454667043
2611.889135142613
2592.4904014403537
2573.2666512109236
2557.525151497163
2538.624146042748
2519.9599840151213
2504.795763826735
2486.5942911111283
2468.6347661534946
2454.098467380743
2436.653486170724
2419.4639361104364
2405.3850544419097
2388.440797347398
2371.736135544529
2358.212670124978
2341.963716230062
2325.9450068184756
2310.1530777691555
2297.3981059158555
2282.0368144107574
2266.894540507794
2254.6768990159603
2239.9399140770925
2225.3700768765016
2213.5767986193478
2199.3553575909077
2185.284006497212
2173.917093477243
2160.631481315723
2148.028018393622
2135.411262844185
2125.311669062966
2112.963944817661
2104.4528925881327
2096.139169212562
2087.914358610558
2077.2622621145065
2069.9517770812104
2059.5686757082585
2053.0207830869895
2046.7777324682443
2040.6851895739424
2034.8066697913055
2029.1614619228767
2023.7231958461243
2018.5263135052803
2013.626174077534
2008.8958513165253
2004.2097354970972
2000.0057002760564
1995.9504664346962
1991.9950412158196
1988.1449928662582
1984.4156218073151
1980.7983748689167
0
0
0
0
0
0
