6007.718289056867
6034.808957177451
6083.144887983181
6070.194991085455
6021.774763078467
6020.802107546059
5882.744886891525
5738.368917532578
5609.435021944244
5487.505459908196
5398.4931893839
5314.158837527728
5229.305708053701
5204.689026752521
5237.857167893889
5265.691741466482
5290.179197009372
5309.083970215944
5288.312697477645
5241.561690563291
5177.246844033437
5093.780205826469
4994.484036065146
4898.405275571178
4804.711236050531
4678.605324147994
4586.397738476935
4726.491778491309
4566.716462877056
4464.185713132588
4394.445963391981
4400.828012715899
4341.931400397809
4285.096214794217
4254.739580450572
4193.31835687768
4269.227754295909
4347.58543068685
4472.162483409689
4649.406686852349
4703.393622908343
4701.638090144242
4691.49243687367
4701.601076507172
4784.258636713589
4806.345419629732
4821.73154922033
4837.062915353701
4852.267040872304
4867.2983331217865
4882.1482156188495
4896.8311286566495
4898.452599480635
4927.746049228209
4956.887780043506
5004.332949623161
5026.422174606021
5048.206913259658
5071.100219968921
5094.240274792887
5127.232383737681
5148.090597273947
5168.82313031026
5189.400992633235
5206.847118815964
5258.058343625924
5309.907473753178
5349.465856842325
5386.677698107155
5420.356320628983
5439.672760700616
5456.661168803916
5479.371835267259
5503.967063764117
5524.51400988703
5543.799564445178
5612.211619183362
5703.631377316924
5776.042049663938
5828.22877151705
5910.9145356891795
5934.794889752349
5956.773927747525
5970.966506897745
5972.22311508526
5963.39960420287
5956.679624159946
5919.956885932122
5873.5853872631715
5818.72960500398
5768.028592540211
5707.6082415635365
5631.379085206217
5526.589465038276
5413.24496851301
5348.593515077741
5280.864985685031
5217.912835462942
5153.750048912444
5089.72123925494
5002.473526838873
4896.206357787466
4803.704823149862
4754.22389520451
4678.770268433947
4602.885347907343
4516.542831447207
4470.8072928328365
4430.013344230409
4399.759066059295
4365.493331392427
4349.339311132455
4334.159247517726
4341.483926055705
4353.924235224697
4366.364980319743
4394.0176893343605
4377.968275466184
4362.982897237844
4345.48153162
4330.640383224475
4317.6071492348165
4302.939999162814
4290.773257848821
4283.203502387974
4269.1184855759075
4253.0146234162285
4239.903210063112
4226.711912868686
4213.41834658486
4202.526972553575
4227.018519586367
4211.681735642002
4197.5465256270345
4187.980485141292
4212.414710757305
4195.138114456422
4175.701035782986
4200.924398047336
4185.346621599357
4171.30826648798
4155.369427489298
4131.483708893139
4104.516494147171
4080.379499104715
4068.309391715641
4062.0824521128175
4067.070764304361
4025.9697790069486
4010.0558843400827
3994.728961939298
3981.3564055423476
3968.922316163657
3925.7719390110515
3884.0104355667168
3843.7485462176282
3805.100965374203
3785.7493419953094
3769.983559013172
3760.5341066483143
3748.4129144605895
3736.580850387252
3723.48633370803
3708.584886913893
3696.2030643013914
3685.9477090072974
3677.450664007056
3669.5488028332293
3662.7013838164144
3663.725838746092
3673.3682617437807
3693.555323840202
3706.4643461246164
3683.5179506676313
3660.3504552883155
3637.551141016696
3614.2766021802518
3588.726024323921
3584.533976564338
3560.7930255834785
3536.541909966195
3512.1973890399026
3488.246307870263
3466.0453517054316
3445.345480254303
3425.128891194685
3406.2548751915206
3389.8926142437717
3376.415263987616
3362.604118836026
3347.430119412801
3331.8711994462583
3311.8685806432163
3293.8034240444395
3281.785529476304
3269.025312843647
3256.061922532309
3241.651486671882
3227.47675054936
3216.11514245747
3203.7575793527108
3191.504486797312
3179.2975161209756
3167.133564011033
3155.011334472354
3142.930676333535
3130.8925788174865
3118.899221520217
3106.9538231577685
3095.06023133689
3081.3524678152166
3069.5569251277493
3057.1305240832226
3041.68717227281
3026.241571010945
3010.900149822711
2995.644993433584
2982.5554065449796
2969.552841717894
2956.640382918516
2941.080488177182
2923.777338582668
2906.6134796949273
2889.5889994007744
2872.700281812101
2851.756646001978
2831.017028868054
2810.488298304844
2790.169565754521
2773.6471511980667
2753.7244347628994
2734.0090355189946
2718.0244698018246
2698.704042654661
2679.590830291362
2661.7491917265816
2646.492219756544
2627.9782454667006
2611.88913514261
2592.490401441351
2573.266651213588
2557.5251514981774
2538.624146044765
2519.959984017795
2504.7957638287517
2486.594291111116
2468.6347661561617
2454.0984673807316
2436.6534861707114
2419.463936112103
2405.3850544439056
2388.440797349395
2371.736135546197
2358.21267012696
2341.963716229042
2325.9450068184783
2310.153077770823
2297.3981059168664
2282.0368144117692
2266.894540510461
2254.6768990170003
2239.939914076114
2225.370076879169
2213.576798618369
2199.3553575919
2185.284006497246
2173.917093480911
2160.6314813183894
2148.0280183962936
2135.411262844851
2125.3116690639645
2112.96394481866
2104.4528925891314
2096.139169213561
2087.914358609559
2077.2622621155033
2069.951777082212
2059.568675710925
2053.0207830896525
2046.7777324719077
2040.6851895776072
2034.806669794969
2029.1614619265415
2023.723195849788
2018.5263135089447
2013.6261740801983
2008.8958513201887
2004.2097355007595
2000.0057002797187
1995.9504664383596
1991.9950412194803
1988.1449928699205
1984.4156218109772
1980.7983748674128
0
0
0
0
0
0
