6008.946070819151
6038.77486443339
6088.654823556849
6074.168704631698
6018.90682754011
6011.3776534116005
5871.9791946778605
5725.946458181974
5595.9069498357385
5474.075692168721
5384.3965903578655
5299.50525138395
5214.119963537822
5189.3415217222455
5222.153139362328
5249.74227296119
5274.182007276773
5292.527193627933
5271.79483790554
5225.142721883839
5160.416731882048
5077.352432919102
4977.817622311122
4881.425732903667
4787.5533015361025
4660.794058914848
4566.85285811702
4706.664782685518
4546.663341543402
4443.943992057734
4374.161692250966
4380.60468421835
4321.796092241893
4265.084845737306
4234.896307788479
4173.686318007402
4259.250144768369
4351.347924504967
4481.048733919265
4661.849490992212
4715.797853894952
4714.004695809991
4703.824178387678
4713.9036077533965
4796.549564074734
4818.578198519959
4833.866743695607
4849.093042063569
4864.191547564558
4879.122260984272
4893.878605266525
4908.474586792479
4910.014140764149
4941.42462643406
4970.488801288289
5017.856134298994
5039.865957203359
5061.568612744008
5084.376035216483
5107.4249311579
5141.899553270255
5162.642697583492
5183.2224785827875
5203.587530562634
5220.769489258254
5271.685891686881
5323.232845065494
5362.498404346318
5399.426644308094
5432.809008495678
5451.812135375901
5468.483839872836
5490.88102203422
5515.1751104780915
5535.445068402359
5554.486244864054
5622.696713361921
5713.9559657736
5789.877888427235
5845.440516057654
5927.983642339509
5953.571262876545
5975.440710495028
5989.537686045728
5990.439700281533
5981.178033983392
5974.247512648365
5937.248273319083
5890.429311233819
5835.246819766814
5784.4310472030475
5723.971702834982
5649.997033704426
5545.156352025319
5431.752894645897
5367.038749215731
5299.247289653923
5235.676325271529
5170.904190360417
5106.279996378257
5018.436956758493
4911.555623866377
4818.885540256785
4768.776435583906
4694.121768006338
4618.884234978205
4532.399605384118
4486.570942972067
4445.731442612239
4415.474493474137
4381.225635359592
4365.094901973231
4349.943228169124
4357.298846919973
4369.77535837561
4382.259157237854
4409.869390097607
4393.6727190154725
4378.541166920932
4360.892442659756
4345.902668348187
4332.724308180979
4317.913175778501
4305.765327684124
4298.5297840498615
4284.584370901917
4268.49844648852
4255.422786595282
4242.308564036249
4229.207093434387
4218.516810468613
4243.116973366394
4227.774468337288
4213.630007809957
4204.052707675574
4228.443395294947
4211.024787976798
4191.443748233573
4216.534750369394
4201.277808557439
4187.227138800243
4171.278102632233
4147.3923966246075
4120.448187325449
4096.354807774486
4084.3327663887967
4078.150745499477
4083.1834283397675
4042.1281752948203
4026.2552983288565
4010.9641931898054
3997.631735286857
3985.2470917277747
3942.142755544444
3900.4157939115325
3860.1898599925853
3821.5862375042047
3802.285298370439
3786.574457747442
3777.1741073398666
3765.092794483081
3753.2968856752873
3740.241659455611
3725.3832584247048
3713.0469713479006
3702.8422006686665
3694.402204064674
3686.5482682194856
3679.74439184328
3680.82925907105
3690.5692736028104
3710.8889891070953
3723.470338508431
3700.118428464635
3676.545719610511
3653.3503835842293
3629.6840270190387
3603.729575396715
3599.11389952215
3574.925673200986
3550.2096626085618
3525.383408694264
3500.9373681456477
3478.2333762194944
3457.0313197811442
3436.317577743559
3416.948821123228
3400.0925938104106
3386.1231423499435
3371.824520303384
3356.166460644842
3340.124450790269
3319.637980725143
3301.2659662017386
3289.2460759607693
3276.482053128984
3263.515164087565
3249.1018832211744
3234.9244009876074
3223.559898241906
3211.1992031927875
3198.942730119997
3186.732155050226
3174.5644139352494
3162.4382537509414
3150.3535647261106
3138.3113736585747
3126.3138930875425
3114.364370075421
3102.4666764537037
3088.754854687229
3076.9553150814045
3064.525572694048
3049.093232640132
3033.6586172577045
3018.3281655435953
3003.0839688109268
2990.005336347223
2977.01372366083
2964.112216660869
2948.563274306089
2931.271077500193
2914.118169738446
2897.104632706095
2880.226832092288
2859.2940439556564
2838.5651892029673
2818.047173020448
2797.7391424707885
2781.2274393413886
2761.315456459463
2741.6108202586743
2725.6370512199505
2706.3274564025073
2687.2251125443518
2669.3943779697383
2654.1483439224635
2635.6453393502748
2619.500781897467
2600.042184012881
2580.759106329986
2564.958806122101
2545.999504977682
2527.2775403029054
2512.0560156416996
2493.7977413817475
2475.78191742761
2461.1898139652963
2443.689501313903
2426.445081349588
2412.311799548259
2395.3136176370144
2378.5555059598896
2364.9790636910548
2348.677604326184
2332.606859597062
2316.7633636728774
2303.957291436725
2288.545363217371
2273.352912448091
2261.0855492539854
2246.299292755391
2231.680628737705
2219.8389604549748
2205.56956056227
2191.4506803242393
2180.036665741916
2166.7247002234044
2154.1172369954484
2141.501535220173
2131.402846156528
2119.0543612939114
2110.541643868088
2102.2266294910064
2094.0015682070207
2083.349697034951
2076.0464488895327
2065.6824898873474
2059.170661531041
2052.9831338558092
2046.9666856911174
2041.1910441725397
2035.6747321924076
2030.385432715416
2025.3590333853579
2020.6555842543012
2016.1480717122834
2011.6991726306746
2007.737987035476
2003.9263475059424
2000.2151262985726
1996.6108475626563
1993.130683209604
1989.7653551955052
0.5261685142876136
0.5263632972409358
0.5255429335730497
0.5213371876850745
0.5159913463465191
0.5092386903189436
