8.611259919138746
16.656591310614772
21.53459636114939
22.20860495915852
21.529955017977848
21.580778267428325
22.429997062412912
23.469231903180347
24.531302308790004
25.518394424839318
26.405622010903343
27.193347786158185
27.902953932549664
28.52272707688973
29.07714340557647
29.64368007559887
30.10144562224878
30.525621714943405
30.935199391981943
31.31605886778599
31.685174609103058
32.047942152027666
32.50678989405791
32.966514781004335
33.334728691979976
33.71062415823825
34.09614852456816
34.492757282302236
34.90147997753683
34.84085276373049
34.7931905003367
35.3306343870973
35.88044510487891
36.44234065603302
37.01587984929814
37.600550832072436
38.19575370056148
38.800822812152596
38.9042701582006
39.02490847007018
39.159951199290475
39.306142801914405
39.45952939102272
39.614622322426754
39.754423486450584
39.96081880160593
40.22699413244155
40.512206530704674
40.80619784641648
41.10014373153284
41.38976240018095
41.67402503836676
41.95361198442518
39.485043395700465
39.75941262537592
40.0331753801336
40.30743171407155
40.583194319683074
40.86159304787192
41.144317716596554
39.45770888798858
39.766215925650855
40.12071356872617
40.54996336266401
41.0452783725065
41.584460080168036
42.14085012434472
42.6945236318285
43.24569861757607
43.81975058370057
44.418435997353185
45.02038749057157
45.61311266660062
46.18191021735732
46.71004578346264
47.18539677072381
47.59330787552749
47.935173549047825
43.674897289124544
39.575052236730926
39.86729857587565
37.84199945769113
38.08381548836901
38.31614734334001
38.902181007596944
39.60215726814011
39.99639748971807
40.471258521304094
41.163606070171475
41.673449598944245
41.858537696539415
41.88637326749793
38.995544884955514
38.944594470905386
38.86016417292729
38.73177385595585
38.56160387578424
39.08057391591963
39.61269011944419
40.147454371886745
40.67558839499519
41.20573908113117
41.180978130733465
41.77205107181612
40.64051108191091
39.52891403707677
39.380332620572695
39.00611997097096
38.49626863423134
38.51667363289446
38.48331677986778
38.440153981790466
38.82208977531764
39.03099807284651
39.26689769085454
39.52548798493471
39.80262198394351
40.09388357578797
40.39509248619629
40.701687549561555
41.008266619237496
41.313045752481585
41.61669842398128
41.71472608443503
41.41332856239253
41.328842315730036
41.38020338217664
41.41558187672886
41.40573620915877
41.26006055015266
41.1141348909741
40.957812621783404
40.82521525596404
40.67671049024429
40.52771974734174
40.40793928800657
40.36258832961013
40.31293801964512
40.26709058938679
40.09808647215298
40.01386365769646
39.947579265672466
39.90563267010087
39.855126008016
39.78618708846106
39.72833591605684
39.68132787759794
39.60019014245816
39.51799594723525
39.43255416648867
39.34674193104028
39.266546051546875
39.179892233068934
39.069128823213546
38.95418985881204
38.83689429848276
38.73500274331694
38.650805823923434
38.397908892428845
38.33601744596975
38.33663615428729
38.436900445504776
38.59559950443554
38.854162666798025
39.24082097896631
39.83673063082017
40.48691700760246
41.205665590362656
41.92405194955525
42.66463993655794
43.42497503153306
44.20880031288932
45.02007354538311
45.832607005862485
46.64113159396125
47.450961598979795
48.2485048256313
49.02428565265634
49.78354871636364
50.51841249730321
51.23542374137186
51.93817432816446
52.6244804884602
53.305834297532336
53.99181307964999
54.684627675396406
55.38131170382832
56.0810846805952
56.78485478558753
57.492937938335416
58.20429389499362
58.916365014935366
59.627948057880694
60.11816012378081
60.22765409237393
60.3379139168544
60.28006787858286
60.175535784829556
60.07419227379643
59.97586544875662
59.88033517308502
59.787404481091244
59.69691831551644
59.60876198584616
59.5228535195813
59.439135532960385
59.35756844890185
59.2781253558181
59.200788360864685
59.12554608803522
59.052391877724304
58.981322387965335
58.909441740362126
58.76832851539175
58.62993571192233
58.49426712564355
58.361335716403055
58.231160145289294
58.10376421390711
57.9791743555008
57.857420253745616
57.738535716194335
57.622563211406224
57.509567926522
57.39968253394887
57.29315321992621
57.19004951119362
57.090166620682595
56.99333074388397
56.71924120352827
56.32500508490884
55.934882770957444
55.54883444263834
55.1668418378209
54.788901347770285
54.41502120053077
54.045218417721685
53.67951706192949
53.230737301973846
52.78029693051561
52.334761378735934
51.8942456036969
51.458949340150426
51.028896448105485
50.60392513990145
50.18390057691553
49.768767055067414
49.358583757936486
48.95358625777516
48.5538881109006
48.159352488114564
47.76987870801608
47.3854257185098
47.00595655398782
46.63143519894192
46.26183018454346
45.89712142914803
45.53729329473854
45.18233660255761
44.83224456869012
44.48700997436174
44.14662990993503
43.811127621392025
43.48052585740774
43.1547283477802
42.83358866266525
42.51702756284048
42.244090785752896
42.00039651013262
41.76322076479296
41.525716250192616
41.28591357057922
41.04483422360905
40.80385990929703
40.564424308244924
40.32853267272682
40.09948723311322
39.88083312939398
39.67760662008084
39.493177303838394
39.32984286778137
39.19679023243377
39.094222858834534
39.01553882487763
38.963687085086335
38.945662060521755
38.9620107567015
38.99817532110424
39.043128783434334
39.08999004258964
39.13849637597636
39.18990793134862
39.246629291019275
39.307615708891824
0
0
0
0
0
0
