3608115.9638814344	37
3290558.308975905	40
2949220.515245773	39
3153454.60270319	40
3620282.703391826	35
2908340.8306898787	38
3148948.591321213	35
3591531.225812116	33
3627087.9892593627	31
3511865.300575189	26
3920676.094454801	22
3357885.435900968	37
3340442.3666729038	37
3380405.84377236	39
3114459.3394915205	38
2679003.5434376616	36
2880143.4024334373	35
3042587.712421488	35
2900195.5148222838	36
3655106.362280798	35
2354029.8520687865	36
3406774.1749757905	38
3539994.1259876224	35
7417297.219450613	30
7502376.576946265	28
7360554.394264332	24
7182345.646727517	27
7090976.725141873	26
7168293.568935465	25
7397318.5347459195	27
7075968.929946007	33
7176851.907766775	29
7092572.723677286	33
7762380.875044863	29
7580461.969742711	26
7766158.507974462	27
7670310.6237146435	29
7597169.819543562	28
7662375.7893733345	28
3746096.4429864	29
4013010.2000194695	31
3822067.33742832	30
3432620.501467528	30
4493473.046874776	31
7992121.585218225	31
7866120.410703973	31
8055181.396566359	32
8000976.932378638	32
7869629.450595978	31
7895449.9137530085	32
8016297.201675095	33
8044234.336852619	34
4295198.327860549	35
4774068.814109704	34
1353229.4646296087	33
1130337.9673343583	33
1077501.0480325029	31
916964.2794613315	33
979070.7726334059	32
1053277.5509697124	28
998394.3821897424	33
1206042.1383878647	34
1445854.503170202	29
1204098.577772571	29
1187983.2323582168	31
1260505.9735510612	33
1019409.2966200389	29
1025620.8520928065	34
861616.0626458625	33
358205.22597605136	38
436600.4512121964	36
194528.27617745023	36
148153.906443394	35
358468.458941289	34
190634.10320066597	33
277349.28123233	36
197716.88550190168	36
230279.8719057265	38
224519.21035881044	35
546516.3190634918	35
1079348.426896078	35
600498.5353448632	38
407511.8526438249	36
2007716.5606032023	31
2243907.4843445104	34
931790.1837806756	36
285048.81157907145	36
330754.27912025666	36
260499.51827863778	34
307462.48065424623	32
307462.48065424623	32
333063.0193370115	32
366370.4864167622	33
752921.959915651	31
197173.66070245128	34
162321.18820149777	35
166182.59992431174	36
230298.40376389306	35
212257.3044676201	35
212429.05197248288	33
237731.27602390936	34
249946.38658166025	31
236795.62201849063	29
230866.72284651207	28
282884.03772273543	30
311720.3001891947	30
152841.4443548218	36
36030.03557564321	38
31151.616819624905	40
27625.491832083506	41
31668.790729270542	41
28949.80501322652	43
42478.196002683406	42
41552.43693700501	44
18858.743797619572	44
18858.743797619572	44
18858.743797619572	44
21000.749007425213	43
22174.430687974385	42
34763.104471877596	43
19297.692327945573	42
22351.620721374777	44
24162.908013993107	44
19267.454994864576	45
21195.967611499942	41
25237.600618256798	40
28257.939383148067	38
40000.637244191894	40
38005.539883104124	37
38005.539883104124	37
22042.745381523488	35
22045.82190686874	36
21025.670264916647	35
22001.348977313894	36
21732.135793536516	39
21130.1946157542	39
22215.76658342613	38
21279.12908771581	36
21060.77819582961	38
18006.43297731591	38
18762.362179800788	39
19011.400755689	41
20447.19730368239	35
17900.082447120927	36
17114.38827368002	38
17607.03646279154	37
18202.877078083977	37
18280.413202322787	36
18702.697117358133	34
19792.72095315941	33
17844.116114856173	38
18084.961635769734	40
18084.961635769734	40
15849.483906535603	40
15849.483906535603	40
17301.661412665722	39
19484.040045260663	35
21968.763400018426	33
21091.88492339772	33
20797.833589097925	32
17939.740854925694	40
17524.259966724625	39
18657.357192515323	42
17909.287023484074	40
17909.287023484074	40
16671.61745343715	41
17678.038171844164	39
19607.602117616276	37
19054.769984725164	36
18560.463023898836	39
18969.424135863268	39
16198.237532401863	39
17586.49021777365	38
18194.9927463871	37
20570.1177439563	37
20399.998676478626	36
20399.998676478626	36
5510.567291522264	38
5671.364432914563	40
2839.358771496555	40
4291.057479193285	40
4105.6981428170575	41
2989.425726910516	40
2995.4646605343237	41
5398.489303750479	41
2451.4385725472116	42
2833.2450670225912	41
2676.0987885110317	42
2684.035962749558	43
2684.035962749558	43
2785.963244586811	39
2853.455687724745	43
2634.844584723637	44
2634.844584723637	44
2761.256759299964	42
2464.908543251114	43
2038.0958371834122	45
1828.236780396442	41
1828.236780396442	41
1659.361868532412	41
1707.4024611512273	42
1930.1618055976464	41
1930.1618055976464	41
1516.7754823887858	40
1369.567747486384	42
2108.8064656925108	40
1754.2179027132242	41
1754.2179027132242	41
1902.1502563674658	42
2024.3814839025088	41
2436.633636737367	43
1853.8717805605836	43
1781.0328293606674	45
1731.983450555435	45
1759.6886606767803	44
1845.784687216319	44
1897.8056027334267	44
1553.0351942854104	46
1609.7561479902454	45
1569.3799400411697	46
1333.3807895508778	48
1684.0979754812702	47
1684.0979754812702	47
1684.0979754812702	47
1333.3807895508778	48
1352.9352859233336	47
1352.9352859233336	47
1352.9352859233336	47
1394.503788569557	45
3106.9605529784967	46
1741.3092397901128	45
1741.3092397901128	45
1996.796006038042	45
1639.884297857051	43
1639.884297857051	43
1891.25057908718	46
2322.9147021783074	47
2413.737662402221	45
1845.28381734005	47
