3608115.9638814344	37
3245076.806162148	40
3512855.9025684968	39
2958595.971303797	40
2987832.869730767	35
2767618.730681569	38
2190505.038160785	35
3211938.166399143	33
3259375.6426009405	31
2802719.9958671774	26
4703963.268521718	22
2827968.9156573038	37
3670610.984901356	37
3335764.97691456	39
3091161.05652144	38
3000428.7104844623	36
3049487.3224731856	35
2264285.0761356587	35
3344360.5242445753	36
3117274.7986528	35
1606949.389760598	36
3538983.6379869063	38
3095225.639630022	35
5445193.572323753	30
5892635.801848117	28
5543183.866368915	24
5643915.072372763	27
5385352.83776751	26
5248145.9326581415	25
5490548.60655659	27
6893642.471929176	33
7077520.973142846	29
7043412.7679624995	33
7629372.410932964	29
7589783.482702751	26
7641070.839706484	27
7659842.8612421835	29
7655481.9237434715	28
6520723.188650559	28
3644128.3480264633	29
3549879.8382310057	31
3701163.4627802167	30
3353163.4649849213	30
4092180.464015223	31
6540104.856875803	31
5955172.224557921	31
6339664.407926981	32
6052552.295142558	32
6264038.443428919	31
5832188.389608501	32
6419371.276734793	33
6633446.955414807	34
4242217.675096043	35
4059085.14486821	34
2448804.804424485	33
1164731.7774487236	33
1077205.075495164	31
1494820.832099231	33
1027103.0935240078	32
1060455.044685068	28
2196144.3604661124	33
1215539.7832477507	34
1150498.8580785561	29
1289600.1792090451	29
1174156.358510911	31
1247318.4691041422	33
1399790.9848283003	29
947918.5710703703	34
1145664.1110358152	33
759403.8842246676	38
700234.8801777796	36
218017.15827855936	36
256920.126097564	35
313375.5203510652	34
273648.82057751535	33
235122.85937940507	36
1380642.5173805323	36
851852.7896939317	38
370947.79252396035	35
361702.83182786277	35
876581.0353488801	35
249168.20428659028	38
704305.7092364593	36
1726876.6932797157	31
1890677.8592435091	34
2500688.985265348	36
298667.09118971124	36
696419.9275519464	36
256012.1103227175	34
300501.27375593723	32
300501.27375593723	32
316780.7698929147	32
256498.67567983994	33
281816.2463307457	31
185728.42273774417	34
207554.32359309588	35
176611.63498127513	36
167482.8655763625	35
207171.92970902295	35
219786.68698823053	33
233971.35985605814	34
227572.14656806237	31
242135.31284813074	29
224449.73627750739	28
340806.50740806997	30
439615.52658107976	30
156747.79330613482	36
27700.853108649877	38
33846.3970951007	40
28050.93810560897	41
17850.78885556297	41
24565.73924851791	43
44809.5720342492	42
40399.91333309201	44
24607.56142856128	44
24607.56142856128	44
24607.56142856128	44
24124.0171602863	43
25336.930406190862	42
20328.154913577462	43
16848.067991290765	42
19766.196317576498	44
88324.33253561157	44
52600.07986100289	45
19730.945143907797	41
20446.88199251178	40
635105.3761946373	38
404511.29975355166	40
31237.937945952235	37
31237.937945952235	37
21804.315060276684	35
18815.415717739765	36
584972.8617786773	35
17410.192420695865	36
18529.1209537475	39
17157.621637728193	39
23829.471634622474	38
23333.95084200579	36
19819.490945031674	38
17842.79269918571	38
19060.80263332482	39
18717.08481457574	41
20608.46085425196	35
22257.458228888674	36
15786.917584195484	38
35052.21033708304	37
13812.251994814407	37
15541.944752473764	36
14567.942813898639	34
15749.447263418084	33
14849.318831408586	38
15529.169090041545	40
15529.169090041545	40
15249.429485813334	40
15249.429485813334	40
16010.477000514631	39
17726.348704311764	35
18219.331863461848	33
18960.748122821686	33
18598.59612600028	32
15780.358699701994	40
17418.555329395134	39
17546.79669282843	42
17046.01846336468	40
17046.01846336468	40
17560.236294736584	41
17682.500632257255	39
18119.979363532104	37
18917.621994353725	36
16637.872303822514	39
17435.442028473863	39
15007.152479118071	39
15744.190556608164	38
16139.597516391079	37
18277.623693635633	37
18244.797661176955	36
18244.797661176955	36
5389.4028793733705	38
4002.515456595468	40
3985.538273817885	40
3294.673553519027	40
4266.2084224032305	41
4075.855044162289	40
2971.527322960341	41
3208.28025368915	41
385643.49695708964	42
408.4957806075561	41
400.8620201276235	42
345.72260414770346	43
345.72260414770346	43
445.36246014598436	39
29193.664006195897	43
23107.353971829634	44
23107.353971829634	44
69057.50231243472	42
3014.5308121019248	43
3286.5075142074156	45
5372.988008868124	41
5372.988008868124	41
37588.75746532784	41
44085.340875084505	42
494.13178372318816	41
494.13178372318816	41
447.0502521792544	40
342.2952922103051	42
464.1223734826001	40
467.8448785412522	41
467.8448785412522	41
1218.4952213848953	42
446.21573917233275	41
103106.72465768471	43
508.48615101619714	43
621.9709239176818	45
644.2856148391529	45
603.3624599334637	44
3210297.6207023566	44
567.6697218624787	44
3172890.6621315316	46
3214434.871002399	45
562.0517386397541	46
556.256552844098	48
650.3665766258199	47
650.3665766258199	47
650.3665766258199	47
556.256552844098	48
695.245269003696	47
695.245269003696	47
695.245269003696	47
618.1956267984641	45
3125101.767760383	46
645.6664850574391	45
645.6664850574391	45
1023.9563879451325	45
944.0302126067032	43
944.0302126067032	43
714.1587859947228	46
1297.1587474148396	47
1517.5386501369758	45
1130.017406516399	47
