1164.1727112914439
1173.9787669713405
1170.463475240617
1160.5268359620327
1144.2791345201863
1134.1361024932464
1120.105249452452
1105.4307489694254
1092.0758419661588
1071.9872882659677
1052.439719890589
1034.7456916690317
1018.782124626623
1011.4088602871252
1010.4569397721638
1010.3203404677258
1010.0640710705173
1014.3780763163677
1018.3855552200906
1008.585723333787
996.4024572566667
983.1872113213341
968.9678906325037
954.830730973354
940.886878174171
933.5553713279265
919.0671866737674
935.9940276185894
920.4519461196842
912.1438026264234
902.1407434801029
908.3479339553553
901.496276023959
893.384274360573
890.2382803103256
876.2340728334535
883.6675527088026
894.137146209465
907.8088221237938
920.5904011752704
929.9443513130232
929.1100502630221
923.5221164780609
927.720003858163
928.4826452565445
929.8934534850398
930.3198683014265
930.0659628131276
929.4372353743674
928.8438818042305
928.283989992284
927.7347096924464
925.4629775368345
928.1676086844773
929.735491033596
933.5277956055373
934.5934896975322
935.4141257290039
935.8418742803143
936.3273276125715
939.3745637048238
938.9519627004836
938.2888842747363
937.6265140059187
936.371878972357
934.1182504368832
928.0002934162909
919.6006054337835
911.3134114511136
900.8470416138595
892.1620163800527
887.7642510251301
883.8691417799482
880.1688490371426
876.4789236865519
872.7997007813977
871.9639181878731
873.9836680482849
877.876292840032
880.2701224935139
879.8295241520884
873.6668023589673
870.2339116628801
866.4646987322585
861.7857768151961
856.6752841939151
851.8141063475002
845.4715230424091
838.6213517216029
831.5853050218385
825.3675041397887
818.6650665088112
813.4682785084208
805.0514834447595
795.6523706781624
795.1759664215889
792.5127144325892
791.1773831987281
788.6499435118712
784.1753705025956
770.2413380343538
755.6208401681587
748.7387242811583
744.0001537011823
735.7866995884538
726.3656499330523
716.662845963237
708.9111987238858
701.1790891261095
694.5764691783236
688.2100665837677
683.8812522908845
680.3508707809965
679.3026931373956
677.2759837230018
674.1854718209821
672.0314666153777
667.2021759675044
662.5174660409991
657.6023637952891
653.1937140064915
648.3581137741247
643.1262261824328
637.8697407926214
632.6791342967745
627.5529242497504
622.4922678048455
617.4956419490982
612.5609550009622
607.6908501994069
602.8932801369443
598.1989987174742
593.6657056278483
589.3288671632039
585.1582354143231
581.120941903475
577.213645868412
573.4029020662283
569.6188258273954
565.8057656651146
561.9387438763372
558.009016952683
554.0163577278496
549.96120887862
545.8533981717268
541.7036350287425
537.5237778440356
533.3256421486711
529.1210000160439
524.9212385117644
520.7359736610824
516.570990527864
512.4261035237633
508.299250257169
504.18862195053174
500.093355356114
496.0126825955559
491.9479538579701
487.89992654840523
483.8702965866679
479.86150176301754
475.8771892394105
471.9169042961576
467.9829592402211
464.0745448784551
460.1970017699281
456.3575017393203
452.4927689887397
448.6137061056348
444.84237071767456
441.13094905696425
437.45889731256125
433.82146896488075
430.2173239656399
426.64595679845354
423.1071356892716
419.60082722250314
416.1274730759825
412.68676376783185
409.27914812973137
405.9050167382433
402.5645083595966
399.2575586771167
395.98399613704385
392.74361153889276
389.5361705802682
386.40316979712316
383.38883747617086
380.4347530491958
377.4116583268945
374.42463328136296
371.47342169613376
368.557717749003
365.67716752185555
362.83138940121717
360.0199845100768
357.24254163211316
354.49863841363725
351.7878509011685
349.1097783821818
346.4640653208314
343.8503861802786
341.2684073487266
338.71777014874704
336.1980977385233
333.70900879909163
331.2501294632674
328.82109906908204
326.4215678265511
324.05119059759716
321.70962400287726
319.39652901963274
317.1115750855553
314.8544413371059
312.6248134078438
310.42237795835496
308.2468182377187
306.09781170849374
303.9750285207954
301.87812925551725
299.8067580921688
297.760521257342
295.73891481107194
293.7411115059102
291.76635014543183
289.8151522584337
287.88762723931166
285.98350154027025
284.1024697341294
282.24422668075215
280.40846926903555
278.59489624334145
276.8032079941331
275.03310558832146
273.2842887690851
271.55645251385334
269.8492800002797
268.1624252216418
266.49546098878204
264.84771363555006
263.2182950681071
261.6074700308936
260.0155795347324
258.4424147301545
256.887676343101
255.35100949914718
253.83187392516308
252.32968487751472
250.8444773408731
249.376096352444
247.92424885400942
246.48875820273224
245.0694760225849
243.66619727895514
242.2786827786525
240.90668152912446
239.54994036758805
238.20821160259382
236.88125704591226
235.56882684978967
234.27055972274255
232.98576053034856
231.714279694724
230.4566941753737
229.21293988387424
227.98275047214645
226.76574070197802
225.56134063179562
224.36923746481745
223.18969592120706
222.0227057338688
220.8680575510739
219.72550893245838
218.5948125380421
217.47574845536263
216.36815942013448
215.2717033876659
214.18588179347913
213.1100552448869
212.0438447248988
210.9863905284558
209.9371977885162
208.89628961487568
207.86320258237618
206.8373768288841
205.8186515710662
204.80770260098197
203.80498229686404
202.8106695065336
201.82461631355181
200.8466620504326
199.87656854801332
198.9142995665344
197.9600769537829
0
0
0
0
0
0
