3367.3424743679234
3390.5938878218863
3368.2951076904974
3328.9126300037638
3265.7389918828712
3231.536662052788
3184.4125046086183
3136.38201800336
3095.8662363525887
3067.295271580734
3044.9748867857465
3013.235332134797
2974.373990664445
2969.6910355360005
2989.2867895380364
3021.005748892634
3041.233921427296
3063.5239368995813
3085.137612900506
3086.3726196758116
3074.225162494809
3049.375878605414
3017.96683446838
2979.1155220306237
2937.876079667857
2876.563766017268
2829.2263572427437
2901.7603834333177
2828.422151140951
2780.4354665865994
2727.5820530307988
2746.8645653724516
2672.0426823063335
2601.690122009969
2572.9272330997433
2499.938362167454
2541.561058758273
2572.5244713537413
2610.6950421742495
2714.6958296331045
2746.362528255762
2747.8332953688832
2740.311550940794
2755.1951709275927
2803.360016107319
2818.7202498708766
2827.5678612206457
2836.4000969202325
2845.1517378195176
2852.9557691250225
2859.766862499253
2866.4551068037617
2867.8891323076496
2886.8495915618173
2904.558953989314
2930.417533895606
2942.36496052091
2949.0575546139926
2954.344812405796
2959.711301480055
2971.627094156909
2973.076555624979
2974.340948787139
2975.3474315319168
2973.72843943801
2997.4053946149133
3021.9727732272195
3044.395377054212
3065.3563315408546
3083.2820058206635
3100.8166227975375
3096.0457407952204
3094.7997667821005
3094.5603307728056
3093.772536515219
3092.315836800733
3121.8160905036966
3198.387381286566
3226.4195468846583
3243.81179152228
3273.0826290135974
3279.5402366024177
3281.105978282234
3279.9864834475
3274.303948707937
3265.366001486431
3259.0389047013246
3242.9664710169886
3222.604750198333
3200.3703907380423
3182.6438435709106
3158.758858534418
3131.644875003111
3094.4653643499214
3051.046865927672
3033.7577789628513
3010.5476059368643
2967.9385563030883
2907.037151377352
2839.577491981007
2766.3979363917188
2686.9511494699937
2654.2726576290233
2636.407628912921
2610.6308793229528
2586.968338701362
2559.8151964476942
2548.7863613886493
2539.1883152198943
2534.578417299585
2525.6939351365036
2525.5735639556597
2523.616964483813
2531.2799976897577
2542.444530827102
2554.741306960946
2576.3797465985745
2564.5847298451927
2552.9243748045556
2540.330582567228
2531.6254600113425
2521.556850874737
2510.1636702225383
2498.286682929114
2487.712907894735
2474.308511618639
2460.3265327932827
2447.2130606194632
2433.681931408211
2420.022583481651
2408.422312935043
2422.582237997746
2408.5434913627737
2395.306415611472
2384.270789230347
2398.3776898634296
2383.8840878144892
2368.7525426907027
2386.870397711706
2374.2972038098333
2362.1968578446504
2349.364631027556
2333.8101425227073
2318.9570081192915
2310.367355730189
2305.7212040930144
2306.7090588446217
2328.5796443273466
2309.226700090194
2305.9045593653404
2302.2629515645763
2297.6697151508197
2294.910739799547
2274.1064175979977
2253.3577183394964
2233.2970657851906
2213.903904491367
2206.056297249992
2201.5937249427616
2206.0576327320728
2203.3296426079837
2200.172825416112
2196.4726859524885
2193.858102233831
2191.9659710914034
2190.159756970321
2187.7245176284437
2183.918758710306
2178.1136973443913
2176.846922604126
2178.071315907245
2185.124481030345
2189.1337095288673
2178.2925816174034
2167.592560879127
2157.37159540526
2147.7160042864725
2138.145205339681
2140.414474717497
2126.074431975563
2111.4015202375977
2096.8647857937217
2082.4465109646126
2068.6227079527985
2055.4092175558144
2042.465240964686
2031.0487433451515
2021.8071016638953
2014.4595947464488
2007.610216535074
2000.8577584504858
1993.9842125128919
1982.8745858417594
1971.9816699428502
1962.9131970721155
1953.6982712234737
1944.4623972427144
1935.4955551014361
1926.643547004463
1919.48687315162
1912.462298845888
1904.771515876163
1895.101760161408
1885.428761698865
1875.7500414834897
1866.0648544495268
1856.3737127008098
1846.6779837995755
1836.9796018535237
1827.2809202105545
1815.9776202872692
1806.2888971732593
1796.605894996944
1785.531425482469
1775.8038869294776
1766.0959202899603
1755.0610267531074
1745.114413597713
1735.2111376346768
1725.354035154692
1715.545990539586
1705.7899519256603
1696.0890086917093
1686.4466817236382
1676.8678761337073
1667.568267472142
1658.3395335845148
1649.1800058300835
1640.0894651991744
1629.9141290659304
1620.9709765066473
1612.1042301660252
1602.189843826669
1593.4851021123172
1584.8639006380695
1576.0809284844015
1566.544263367788
1558.1921402075398
1548.8533820908342
1540.6897363540306
1532.6246107067288
1523.5904328316935
1515.7410348720055
1507.9990701312154
1499.2777671776744
1491.757298517357
1484.351936294911
1475.9476213298667
1468.8099653277886
1461.8010714931845
1453.7127494410822
1446.95574936024
1440.3234804122524
1432.5512128946957
1426.1657822801837
1419.9023164339408
1413.7609627128916
1406.401536495108
1400.5071662709847
1394.7356543439964
1387.675940162258
1382.1521703979142
1376.7517553389118
1369.9786863827358
1364.752828810696
1359.5143736710434
1352.8008201171112
1347.7714750881496
1343.4378549383289
1338.6054100426209
1332.207570183373
1327.57979237685
1322.294166796795
1317.125031346626
1312.035157021019
1305.6939363105917
1300.8272923852267
1296.9923500376653
1292.3208167946646
1287.7629458652768
1283.2667372836693
1278.82935147752
1274.4512757007376
1270.1335263569679
1265.8753312636713
1261.6729876705606
1257.419783176627
1253.118853487744
1249.1376185725942
1245.2192400021286
1241.3605849600108
1237.560411075925
1233.8174812140012
1230.1309918294799
0
0
0
0
0
0
