0
0
10749.29193908211
77.2338465923412
223.1472512677922
141.7333366293194
0
0
0
0
90.13990461893518
215.8971496077732
0
0
0
20.395052360070036
0
0
0
0
188.81606683282112
0
0
0
0
0
0
0
0
0
0
0
0
0
0
175.85813223774556
0
0
0
0
0
0
0
4.5422326739013705
0
19.13101329381989
0
136.27942400100736
0
17.573072872942113
0
0
0
258.1215674279923
20.709700189430432
843.422432200994
0
0
0
8828.449611115419
0
0
0
0
7.466890068416033
0
0
0
0
0
0
0
0
0
0
0
0
47.12380778999845
0
0
0
0
1503.5214617195802
0
0
0
0
746.3286404680476
0
0
0
0
0
0
0
0
0
0
0
0
0
62.94447510103019
0
0
52.07519598455485
0
0
0
0
0
0
0
0
231.2625417134449
0
0
12.733725495720705
63.02353455327416
118.84205503325538
0
0
0
235.83642058394793
28.047702562796385
0
0
0
0
0
0
0
0
0
0
0
0
0
21.95988536296281
0
0
0
0
0
0
0
0
