3279.262139463143
3316.86695825102
3364.9726390158407
3372.6384256138567
3360.538884308893
3377.1859849941247
3316.415590546382
3253.0543596573657
3190.9474942176503
3123.387845090886
3080.4044823302997
3037.58611059425
2999.5346032622742
2995.686384222776
3025.809553221202
3050.685356592574
3073.126574378853
3091.779680953377
3082.5062745994464
3068.435524604843
3047.050866329638
3008.611524875502
2966.2596230973672
2925.566368109104
2886.253536968983
2824.324721769834
2785.8871215046297
2871.40089015385
2782.8557409408
2734.3925901966027
2709.475160369585
2716.025360160687
2693.732225577628
2669.51309330507
2658.319929573367
2630.2599444073385
2688.6160001187723
2749.1078421587345
2831.52748494162
2950.8834223923413
2980.3455679088943
2984.348056694177
2987.8658199874803
2995.620804277466
3049.4981944440406
3061.228037492123
3072.0075951999816
3082.7352671852987
3093.3673883444117
3103.876683908973
3114.259041229916
3124.5248224436464
3123.897208502426
3139.4671185629018
3156.7944308925785
3186.4811518893034
3199.725980511972
3212.8118058007276
3226.70340762237
3240.806529602789
3258.84473062934
3271.0840627292496
3283.420472254735
3295.734569451887
3307.223611482036
3339.5029765932263
3371.1142263722554
3393.330547238693
3412.0865112175757
3429.1846405304177
3437.241645242281
3447.675072688417
3461.8646225058137
3477.2202499856653
3491.932933580594
3505.8502663699674
3549.116706124991
3578.0726806172206
3626.028925491626
3662.2518513381438
3719.568491597074
3734.9757529412036
3750.2049662486816
3760.63779792449
3762.4188691118356
3756.396943001272
3749.377069009061
3723.7333577332633
3690.6338868567577
3653.740560428587
3622.0204430646995
3583.83818441014
3531.897353330475
3466.7114523035575
3405.387577139115
3377.113967088517
3326.5844704519077
3281.405625793228
3226.1554282716074
3170.3281640377027
3100.603130541087
3021.4648498887937
2946.0265017672828
2896.8376712016534
2831.7483130281325
2769.11396711665
2701.852164011147
2660.5100389962504
2622.9537885059153
2590.378541704507
2559.8057477229545
2546.5905242987615
2536.1081506619075
2535.039433362699
2536.1243369746767
2541.32480351473
2555.9900887599674
2548.226555162141
2540.544457360352
2531.0152562466906
2522.954173462754
2516.4660306065184
2508.4879481834714
2501.4521640355347
2496.334650510862
2487.18619799998
2477.3930918739115
2469.5403168705902
2461.097046799571
2452.08181220443
2444.4330409297086
2453.9758806929744
2443.1260240458705
2433.2933524467435
2426.1110376792412
2435.6358100727684
2423.7901214001577
2411.8667007383087
2424.0958948371276
2416.9668743254506
2410.0656723622624
2401.7781140382153
2389.471076173637
2376.820360632768
2367.014982438134
2363.325783321094
2365.482631630989
2369.051015428984
2354.0483353811737
2353.790999481541
2353.0420714399406
2349.6414116445976
2347.3452459166506
2329.3475952044428
2310.20324050801
2289.6581759413643
2270.0662432144422
2261.2232357962066
2254.343580558925
2250.117966763698
2244.8435748713564
2239.4351148781525
2233.3816400537435
2225.7561532173418
2219.85679477783
2215.554011139693
2212.214548239137
2209.0611657884765
2206.819793691082
2208.496361205963
2214.888713357265
2225.5998525738332
2231.9174745135447
2217.6085136564775
2203.0985013076724
2188.823432941766
2174.0185550535302
2157.392925470016
2155.478750193067
2140.6745371954657
2125.4893349211943
2110.185717200596
2095.1836874370047
2081.435697968655
2068.7275910166236
2056.341879867275
2044.8147431643304
2033.8923398022152
2024.8068614346375
2014.9565887074411
2003.1652332780398
1991.1321779863506
1976.9497991426738
1964.5947669710592
1954.9303928089219
1944.4201976061277
1933.7780352671996
1923.5367139879727
1912.604447545569
1902.9787500521725
1892.0704034270154
1881.253473118153
1870.502238425011
1859.8140628912404
1849.1874569626757
1838.6215909524133
1828.1163975092757
1817.672702713915
1807.2921425318473
1796.5535216480164
1786.2827681142576
1774.230045515345
1762.2256193315718
1751.3043115346024
1738.4292258008309
1725.6592855711506
1714.7501074361426
1703.6254881303885
1692.5887762952584
1681.6402954305554
1670.7800288739295
1660.0074954297568
1649.321320344434
1638.7178764434548
1628.1887586114285
1616.3702392121743
1604.6752257992262
1593.1097427914242
1581.6704063446862
1571.8701497001998
1560.6591307118556
1549.563965594947
1540.0516106772457
1529.168459278674
1518.39380668656
1507.8582134470182
1498.7033306304597
1488.225347726961
1478.0043223917235
1466.39030081267
1454.842552606468
1444.66867491558
1433.224714841032
1421.8992446921761
1411.98872154252
1400.8917603843245
1389.9138759677849
1380.3113300413813
1369.5915838012295
1358.9986547581832
1349.716530214321
1339.3445252047325
1329.0860588279284
1320.0877732776169
1310.0434362349977
1300.107857715562
1290.2789691734536
1281.6436816673054
1272.0148355028655
1262.4893044264938
1254.1096499230619
1244.7690059402184
1235.4877676685153
1227.277233635546
1218.1799852343563
1209.2047777038727
1201.3070632133804
1192.941106970496
1184.9585608552254
1177.0980519325608
1170.211344781698
1162.4673002048276
1155.9884761286498
1149.5986628507972
1143.2304236815992
1135.9416086427416
1130.2485814611014
1123.722224676119
1118.610007593795
1113.6746027711288
1108.850381892579
1104.2070769480788
1099.763865869145
1095.4913569771331
1091.4259991157498
1087.6294602725945
1084.081236852067
1080.6462118357538
1077.3949418144311
1074.2461274972536
1071.1565464250414
1068.1339591186886
1065.1960651368236
1062.335125105286
0
0
0
0
0
0
