0
0
0
0
0
0
0
0
0
0
0
0
0
0
0
0
0
0
0
0
0
0
0
0
0
0
0
0
0
0
0
0
0
0
-8881784197001252e-31
0
-5329070518200751e-30
-17763568394002505e-31
-17763568394002505e-31
0
0
0
0
0
0
0
0
0
0
0
0
4440892098500626e-31
8881784197001252e-30
6217248937900877e-30
1199040866595169e-29
11546319456101628e-30
-7105427357601002e-30
-7105427357601002e-30
-21316282072803006e-30
0
-1687538997430238e-29
-6661338147750939e-30
-14210854715202004e-30
-26645352591003757e-31
4884981308350689e-30
31086244689504383e-31
8881784197001252e-31
-8881784197001252e-31
-7105427357601002e-30
-843769498715119e-29
-5329070518200751e-30
-26645352591003757e-31
13322676295501878e-31
-13322676295501878e-31
17763568394002505e-31
0
0
-18336133204381137e-25
0
0
0
0
0
0
0
0
0
0
0
0
0
0
0
0
0
0
0
0
0
0
0
0
0
0
0
0
0
0
0
0
0
0
0
0
0
0
0
0
0
0
0
0
0
0
0
0
0
0
0
0
0
0
0
0
0
0
0
0
0
0
0
0
0
0
0
0
0
0
0
0
0
0
0
0
0
0
0
0
0
0
0
0
0
0
0
0
0
0
0
0
32297397080004555e-32
0
0
0
0
0
0
0
0
0
0
0
0
0
0
0
0
0
0
0
0
0
0
0
0
0
0
0
0
0
0
0
0
0
0
0
0
0
0
0
0
0
0
0
0
0
0
0
0
0
0
0
0
0
0
0
0
0
0
0
0
0
0
0
0
0
0
0
0
0
0
0
0
0
0
0
0
0
0
0
0
0
0
0
0
0
0
0
0
0
0
0
0
0
0
0
0
0
0
0
0
0
0
0
0
0
0
0
0
0
0
0
0
0
0
0
0
0
0
0
0
0
0
0
0
0
0
0
0
0
