1155.2554355089064
1155.3429490681983
1139.7387005493174
1115.7578089422066
1101.1004756747939
1060.579685652322
1035.7880012713008
1012.8196519183789
989.5821058857729
960.5758647365699
945.2757992123134
929.3246912482485
909.9236214862092
900.3957301169859
906.6270933053207
904.0114004759503
898.4151403754499
900.1331067797241
900.4259946173307
892.2604080616505
885.0768551745957
877.8999711000112
869.9625398631408
862.4748868528853
855.686118663963
847.4815741704386
844.0620669585162
854.0623403028857
838.2810169895535
836.8087962459523
835.9337911296134
843.6482963074038
850.7981974580606
858.9987263816042
860.881574002888
861.6789171926125
871.7970890110468
884.4680117203613
901.221876316668
935.9180821985938
940.3442255070125
938.2288317489806
934.6442230847058
937.4995726346682
950.5909153985119
949.1734392539723
948.5399516902274
947.8633663414913
947.1420372859161
946.3753237602486
945.5656609595027
944.7173823315431
943.2970104491868
941.7981699534073
943.1773024834662
948.2489109711084
947.1186556607806
945.9356776067925
945.0116854649691
944.149547995868
943.2214135781546
941.8055963037938
940.3771631563723
938.8989955988737
936.6946874093111
942.9173456167188
947.1003463133147
950.4386236297897
953.6762198878969
956.359822121149
956.7271092302931
954.1173523475572
953.2547390454062
952.5775460375925
951.7480345727482
950.7335985923056
963.0332562025654
988.4677017806881
989.6840389733006
987.0595713608669
995.991335673792
990.5124358704832
991.9053095367854
993.0585059523945
993.8156210020892
994.4570840428336
998.6566584062782
999.2470880887338
999.8289111015583
1000.2563739297103
1002.3396228472509
1002.3300503650578
993.5516964508034
987.2723687783844
989.0634423952185
1003.9329099175097
1000.7348605692212
1012.1587307908021
1024.786239495403
1035.3867123343143
1039.7079576962908
1045.058728658333
1029.6878511938457
1033.511324992588
1019.7056429375648
999.9841955485911
978.8429009254528
964.6288698924864
949.918200202121
937.1888924832124
921.8591303666847
911.1841913417089
901.3557510037508
894.2530852067923
888.6375239903928
885.3220671802467
885.6587409651829
882.4397357556444
879.125822770592
875.4415945740361
871.6888517034654
868.7289859334754
865.1674280599245
861.3445749677945
857.1522575865228
851.7670371237066
846.2204889062407
841.6100185186376
836.6736935243033
831.0213072194632
825.399279956371
822.8802662635554
817.0855885099694
811.6947557745774
807.1480247223976
805.1541109140542
799.8088654825701
794.5493386630516
793.8314928918373
790.3066582685734
787.0795721167543
783.3909107276714
779.2024635235206
775.2751915477963
773.998675217766
774.3110580042733
776.5838206056527
773.3529908892516
770.7330336861027
773.8644525589235
776.9266095551188
776.8475439606735
777.0383943494401
769.8339619294429
762.8748925600335
756.149373025559
749.78267367211
748.8445828169819
750.2216051639399
756.0182116018942
756.3935479876628
756.548496736636
756.3324023406129
754.906976950873
753.6440945144034
752.2203529154942
750.0158171599793
746.7148996556668
742.5537574536168
737.9358017318169
732.8965860053554
725.271698274911
718.6820514485199
714.8578727250632
711.1505008424459
707.4917431944772
703.8330280117679
700.017418105475
700.0532245723263
695.8064960901398
691.2463822495941
686.7597490019157
682.330192028216
677.9768197747667
673.7410102724223
669.5845542755475
665.8035324956643
660.4230080504569
655.9902298187174
651.0659708107758
646.1863909520306
641.2348385539525
635.8115163562311
632.0699894926248
628.5518202886796
625.0266577414676
621.5322622707179
618.0715282166909
614.6350985997501
611.5564808859597
606.4724035004745
601.4301051942887
596.4020300034658
591.3868284387668
586.3836975754369
581.3922821706185
576.4125818592453
571.4448680580771
566.4896152062267
561.5474555811327
559.0256099394993
554.106974733544
549.2008244137215
546.8469527986028
541.958140864083
537.0883848164306
534.6744799920906
531.8833225837664
529.1131491317468
526.3650733168236
523.6402305763997
520.9397740876312
518.2648721408405
515.6167446405217
512.9972754677658
508.3673411456528
503.7729620325502
499.21389644512203
494.6910293464425
492.60304576548305
488.1516831765858
483.73946356386625
481.7540532925583
477.41929815438476
473.1265112268544
469.88873710872474
468.05452551045454
463.88864323892966
462.1333108019719
458.0543061083613
454.0210617304201
452.38883884661726
448.4501413392521
444.5616085121337
443.05724226470716
439.2673407059945
435.5297657266133
434.1533386516024
430.52499170119336
426.95155825509283
425.6980365111959
422.2293597105559
418.8141959798323
417.6849919253266
414.37210443872056
411.1111387721208
407.9016868442425
406.9337019704607
403.82332488854644
400.76320450348504
399.90749522078187
396.9426567737034
394.0258091118119
393.2739966980231
390.4281203386711
387.5882214053933
386.86555108854685
384.10581412799525
381.47955697113116
378.7971605430771
378.18801151899777
375.57811012113973
374.8722952345522
374.2096815181408
373.5684988355777
372.60625289529946
372.1091427165237
369.891057256752
369.4604739292995
369.10716599412723
368.763810135445
368.345813085625
367.9513889042653
367.57975148207976
367.22965703813327
366.89960162409113
366.55360840500276
366.1949156180983
365.948154024465
365.723096356652
365.51902726497303
365.31119906157573
365.11960456117856
364.94819183007024
0
0
0
0
0
0
