122.43518834115474
124.69769929917355
123.61030717322642
122.53053263072988
125.3597599073036
129.96898901980776
128.72586726799466
127.39416479755755
126.07561471203911
124.76988174838083
123.476714937166
122.19590286470003
120.92725050533983
119.67057063247933
118.42568234111532
117.19241249865003
124.6015662767953
123.98890590463911
123.35410731460802
122.10508018604378
120.86759283601864
119.70308634703869
118.58852124069051
117.48770153310099
116.40037489265072
115.32630365122478
114.26526335844844
113.21704124031024
112.18143461233852
111.15824973207675
110.14729985035605
109.1484040791803
108.16138627155745
107.18607614940989
106.22230711895818
105.26991473757344
104.32873740877403
103.39861636681273
102.47939556497172
107.51013303795754
106.57840648405192
105.65746389823957
104.74715567513731
103.84733444022552
102.95785510077741
102.07857849433543
101.2093652913553
100.35007782469478
99.50058049458113
98.66073995028765
97.83042521251863
97.00950771462277
96.19786128936434
95.39536212960539
94.60188874129545
93.81732189610295
90.9917251330154
88.21847998913671
85.61761442499034
83.1078587972819
80.38670030583476
81.32345512818644
82.18379495376716
82.96360425533344
82.2049511206844
87.82405419711931
93.12402140448002
98.3077499784709
103.36441094763579
108.31010663542698
107.29974879608635
106.30013291723321
105.31113588610424
104.33263602966485
103.36451484857238
102.40665781694844
101.24245610525368
141.5202789131871
140.17928024803956
138.85220738158677
137.5389098389849
136.2392376721014
134.95304167369804
133.68017227510967
132.42048324833283
131.1738399589086
129.81084813077635
128.5899092226491
127.38162046408735
126.18583621239611
124.85250855391469
123.52451824710684
123.93506206466307
122.76672898740142
121.61036806103832
120.46584572954141
119.33304695973032
118.21189862205955
117.10234242665464
116.00431488143249
114.91769941626205
113.84237401160306
112.7782986952196
111.72535360882476
110.683399185893
109.65230328514171
108.63193794569554
107.62217510789722
106.6228809983483
105.63392456986901
104.65520758634051
103.6866386109299
102.7280931417429
101.77944427936723
100.84057994660829
99.91138330260662
98.99173839423379
98.08153636343062
97.18067440903062
96.28903606566061
95.40650613449557
94.53300755469093
93.66845372470026
92.81275390344591
91.965819936923
91.12757824941566
90.29794207331547
89.47680542676903
88.66406627601519
87.85964660329793
87.06343650990286
86.27533556310516
85.49526206606379
84.72313167404293
83.95884347966334
83.20228501733061
82.45335678233047
81.71195561518465
80.97801510170433
80.25145815022036
79.53220031916923
78.82018235107464
78.11535665489285
77.41761736679719
76.72688382633082
76.043077953225
75.3661100859229
74.69586731625888
74.03227348587713
73.37525618722314
72.72472650009729
72.08061762429892
71.44287009340829
70.8114016502752
70.18613159853803
69.56701115186489
68.95399728083136
68.3470270189732
67.74603695726074
67.15096766375011
66.56173170145578
65.97825239133901
65.40049121949944
64.82844289163265
64.2620736029594
63.701332727874416
63.146180345978635
62.596549769662104
62.052381850336424
61.51363580634894
60.98026421969389
60.452228572541394
59.92949146768835
59.41197013470836
58.899587058625045
58.392294232312885
57.89004053688999
57.39278559211546
56.900500616674016
56.41316058542616
55.93075352383516
55.45323400120288
54.98056689161226
54.51271824457458
54.049652099125616
53.59133099853051
53.137709631548496
52.68874487062311
52.24439897255827
51.80464278704459
51.369445965028206
50.93877586783569
50.512596997282074
50.090871251618516
49.673558009610375
49.26061403862398
48.85199405165828
48.44765125421281
48.04753844090706
47.65161186428953
47.259834773532745
46.87217499592958
46.48859880233378
46.10906814702703
45.733541761164865
45.361977355531046
44.99433355682674
44.63057085907489
44.27065127075666
43.914537328120495
43.56219163254161
43.21357726268953
42.86865845346755
42.52740079735728
42.18977072274088
41.855734637160296
41.5252582036467
41.198305942034864
40.87484100267086
40.55482477577239
40.23821577484694
39.92496611308671
39.61500972288049
39.3082275591314
39.004509843608545
38.70395410094072
38.40659285279467
38.11239705693048
37.82133239684815
37.53336446289691
37.24845901997894
36.966582006522586
36.68769948306263
36.41177745062584
36.13878154903981
35.86867647938685
35.601424849552195
35.3369843569681
35.075299354444724
34.816273892333655
34.55977641640348
34.30586108139197
34.05459561168185
33.805959467155176
33.55991739066905
33.316424882349224
33.07540714206351
32.83678146999118
32.60056494634462
32.366744332665846
32.13528396016989
31.906166684559395
31.67937981226155
31.45490135948658
31.23270361477572
31.01275683090691
30.795030720185235
30.579495719738805
30.36612357106184
30.15488398595346
29.94572843337585
29.73855400134443
29.533345241085613
29.330203933503896
29.1291283903199
28.930084073342034
28.73301672690434
28.537841331979493
28.344513448914718
28.153082489527957
27.96355467354587
27.775904369597818
27.59010089757429
27.40611188258987
27.223901980029527
27.04342848119512
26.86463385332752
26.6874341595871
26.511761071993895
26.33757325432621
26.164741304386226
25.993192933439964
25.82293823507638
25.653908281194482
25.48601857331446
25.319249692527364
25.1537173946493
24.98950056699052
24.826637423745094
24.6651108274021
24.50490102107431
24.345975534869083
24.18833430586725
24.032019285023164
0
0
0
0
0
0
