0
-30170879827083683e-21
-0.00034465460653481045
-0.0010726289703067043
-0.0015353103150383602
-0.0019130463677115787
-0.002301171987520232
-0.002699315964238994
-0.00310312727322614
-0.0035080365783176854
-0.003910373098569609
-0.00430745900021914
-0.004697419136304094
-0.005078961992534813
-0.0017820197455039551
-666666652437975e-25
-6666665917226533e-26
-6666665657018012e-26
-49999992861315956e-27
-49999997198124646e-27
-50000002402295074e-27
-6666666611115923e-26
-6666666350907402e-26
-6666667044796792e-26
-6666666697852097e-26
-500000006675716e-25
-49999988524507266e-27
-6666667044796792e-26
-6666666350907402e-26
-4999999893284812e-26
-49999997198124646e-27
-4999999199395422e-26
-49999993728677694e-27
-4999999199395422e-26
-5000000413701855e-26
-4999999546340117e-26
-4999999893284812e-26
-500000006675716e-25
-4999999893284812e-26
-50000002402295074e-27
-4999999893284812e-26
-4999999893284812e-26
-500000006675716e-25
-500000006675716e-25
-500000006675716e-25
-4999999893284812e-26
-4999999893284812e-26
-500000006675716e-25
-4999999893284812e-26
-500000006675716e-25
-49999997198124646e-27
-6666666697852097e-26
-50000002402295074e-27
0.0009603820888937128
0.0009062595185252483
0.0008544911738447899
0.0008049396690884524
0.0007574781782074703
0.0007119853543587976
0.0006683379035088474
0.0006263929253833064
0.0005859538637242936
0.0005467052421409633
0.0005079224228599129
0.000468360014155296
-500000006675716e-25
-500000006675716e-25
0.0026514874415401995
-50000002402295074e-27
-500000006675716e-25
-4999999893284812e-26
-500000006675716e-25
-500000006675716e-25
-4999999893284812e-26
-50000002402295074e-27
-500000006675716e-25
80557121280583e-18
0.008277491529572575
0.004148977131346328
0.008553710976164851
0.004722395864081358
0.008737212927822932
0.008746094920873068
0.008715775246736055
0.008642106457093778
0.008532654473534443
0.004647902990302778
0.00838786674892881
0.008361003644660506
0.008371446723926498
0.008444364752251014
0.0085665835250765
0.005171541017918125
0.008868015259084169
0.009003563055479374
0.006127798909373226
0.009237225391535061
0.006558905952915667
0.0037532090090941547
0.0006966725769043097
-4999999893284812e-26
-4999999893284812e-26
-4999999893284812e-26
0.0010799538636721354
-4999999025923074e-26
-4999999025923074e-26
-4999999893284812e-26
-49999997198124646e-27
-500000006675716e-25
0.0006961749923573082
0.0006847584750302501
0.0006675428495373
0.0006491325396218491
0.000635215045180498
0.0006223447441366988
0.0006071630243165184
0.0005912910158067976
0.0005753907986383346
0.0005597077559327292
0.0005442435856184476
0.0005289972259170436
0.000514465333696373
0.0005005108988642756
0.0004871288831243027
0.00047458473276918225
0.00046247649097109177
0.00044899471683069146
0.0004365852500698465
0.00042456666368262744
0.0004120107366378852
0.0004026662679512717
0.00039404275930521836
0.0003847043259175339
0.00037414539514224986
0.0003637926196287146
0.00035517476633329347
0.0003467435331017156
0.000338433660797003
-49999997198124646e-27
-4999999893284812e-26
-4999999893284812e-26
-4999999893284812e-26
-500000006675716e-25
-500000006675716e-25
-49999997198124646e-27
-4999999893284812e-26
-500000006675716e-25
-500000006675716e-25
-4999999893284812e-26
-4999999893284812e-26
-500000006675716e-25
-500000006675716e-25
-4999999893284812e-26
-500000006675716e-25
-4999999893284812e-26
-4999999893284812e-26
-500000006675716e-25
-500000006675716e-25
-4999999893284812e-26
-500000006675716e-25
-4999999893284812e-26
-500000006675716e-25
-49999997198124646e-27
-49999997198124646e-27
-4999999633076291e-26
-4999999893284812e-26
-4999999633076291e-26
-4999999199395422e-26
-49999998065486384e-27
-4999999980020986e-26
-4999999980020986e-26
-4999999980020986e-26
-500000006675716e-25
-4999999893284812e-26
-4999999980020986e-26
-5000000326965681e-26
-4999999893284812e-26
-4999999980020986e-26
-4999999893284812e-26
-4999999893284812e-26
-4999999980020986e-26
-4999999980020986e-26
-4999999980020986e-26
-4999999980020986e-26
-4999999980020986e-26
-4999999893284812e-26
-4999999893284812e-26
-500000006675716e-25
-4999999980020986e-26
-500000006675716e-25
-4999999980020986e-26
-4999999980020986e-26
-4999999980020986e-26
-4999999893284812e-26
-4999999980020986e-26
-4999999893284812e-26
-4999999980020986e-26
-4999999893284812e-26
-4999999980020986e-26
-4999999980020986e-26
-4999999980020986e-26
-4999999980020986e-26
-4999999980020986e-26
-4999999980020986e-26
-4999999980020986e-26
-4999999980020986e-26
-4999999980020986e-26
-4999999980020986e-26
-4999999980020986e-26
-4999999893284812e-26
-4999999893284812e-26
-4999999893284812e-26
-4999999980020986e-26
-4999999980020986e-26
-4999999980020986e-26
-4999999980020986e-26
-4999999980020986e-26
-4999999980020986e-26
-4999999893284812e-26
-4999999980020986e-26
-4999999980020986e-26
-4999999980020986e-26
-4999999980020986e-26
-4999999980020986e-26
-4999999980020986e-26
-4999999893284812e-26
-4999999893284812e-26
-4999999980020986e-26
-4999999980020986e-26
-4999999980020986e-26
-4999999980020986e-26
-4999999980020986e-26
-500000006675716e-25
-4999999893284812e-26
-4999999980020986e-26
-500000006675716e-25
-4999999980020986e-26
-4999999893284812e-26
-4999999893284812e-26
-4999999893284812e-26
-500000006675716e-25
-500000006675716e-25
-500000006675716e-25
-4999999893284812e-26
-500000006675716e-25
-4999999980020986e-26
-4999999980020986e-26
-500000006675716e-25
-500000006675716e-25
-4999999980020986e-26
-4999999980020986e-26
-4999999980020986e-26
-4999999980020986e-26
-500000006675716e-25
-4999999980020986e-26
-4999999980020986e-26
-4999999980020986e-26
-4999999980020986e-26
-4999999980020986e-26
-4999999980020986e-26
-4999999980020986e-26
-4999999893284812e-26
-4999999980020986e-26
-5000000023389073e-26
-4999999936652899e-26
-4999999980020986e-26
-5000000023389073e-26
-4999999980020986e-26
-4999999980020986e-26
-4999999980020986e-26
-4999999980020986e-26
-5000000023389073e-26
-4999999936652899e-26
-4999999980020986e-26
-5000000023389073e-26
-4999999980020986e-26
-4999999980020986e-26
-4999999980020986e-26
-5000000023389073e-26
-4999999936652899e-26
-5000000023389073e-26
-5000000023389073e-26
-4999999980020986e-26
-4999999936652899e-26
-4999999980020986e-26
-5000000023389073e-26
-4999999980020986e-26
-5000000023389073e-26
-4999999980020986e-26
-4999999980020986e-26
-4999999980020986e-26
-50000000017050295e-27
-50000000017050295e-27
-4999999980020986e-26
0.0016855588253410917
0.0016332198632843659
0.0015820072794870549
0.00153218271748204
0.0014840159007756953
0.0014377186738932786
