30170879827083707e-21
0.00031448372670772677
0.0007453975435972222
0.0011561138543058473
0.0015353103150383602
0.0019130463677115787
0.002301171987520232
0.002699315964238994
0.0031031272732261433
0.0035080365783176854
0.003910373098569609
0.004307459000219142
0.004697419136304096
0.005078961992534808
0.005451202521465211
0.005813534856291719
0.0061655458863736695
0.006506957945306111
0.006837591345485796
0.007157339745625701
0.007466153858513314
0.00776403029350635
0.008051003826920625
0.0083271415446966
0.008592538454087044
0.008847313947891617
0.009091608650482034
0.009325581843008642
0.00954940879396816
0.009763278960698878
0.009967394425698727
0.01016196696470393
0.010347215631457624
0.010523365790868858
0.01069065286444216
0.010849315392596084
0.010999593680902255
0.01114172911371179
0.011275963461978344
0.011402537984017788
0.011521692691179176
0.011633665781517548
0.011738693176017785
0.011837008547708429
0.011928845793448897
0.01201441596319362
0.012093919044361457
0.012167564480614504
0.012235560285568927
0.012298111703458634
0.012355419807441592
0.012407680554082055
0.012455084331445142
0.012497815843376734
0.012536054217056423
0.012569973232700019
0.012599741581481406
0.01262552329351864
0.012647478391306696
0.0126657642773368
0.012680539059142622
0.012691972079239588
0.012700263015210517
0.01270562722149715
0.012708254537677908
0.012708315190066401
0.012705950778182252
0.012701272289995623
0.012694393187507626
0.01268542773337592
0.01267447127966088
0.012661611773364442
0.012646932236706428
0.012630504158403506
0.012612396977897296
0.012592700674073948
0.012571518959684192
0.012548937139271472
0.012525002838195767
0.012499740341990513
0.01247316882010798
0.012445314190745462
0.012416234616470696
0.012386016269291472
0.012354725037662733
0.01232242700101409
0.012289158384545253
0.012254907937214217
0.012219697137937078
0.012183636346796771
0.012146930682918614
0.01210998199965649
0.01207342493476631
0.012037946284715667
0.01200406807612964
0.011972384934627604
0.011943478043610277
0.01191751269873573
0.011894394179541924
0.011874393458724193
0.011857873542795574
0.011844486465187319
0.011833236378266247
0.01182238158239507
0.011810355164165752
0.011796211574537108
0.01177946084257656
0.011759881831711545
0.01173731972133191
0.01171165442361375
0.011682849132692467
0.011650952021830667
0.011616044098118445
0.01157798630039685
0.011536699077037759
0.011492386396932612
0.011445195520973919
0.011395320299489867
0.011343113414106697
0.011288925937802749
0.011232345902636998
0.01117397777453087
0.011114653180855855
0.011054677086975304
0.010994189396772158
0.010933163305689926
0.010871388186898751
0.010808891304411178
0.010745643148365668
0.010681531020168866
0.010616344266120743
0.010549800122065108
0.010481733424521843
0.010411892634753025
0.010340283843323151
0.010266903735818915
0.010191264014033917
0.010110998475392279
0.010027055633632898
0.00994232479500559
0.009857789719951857
0.009773650326454572
0.009689731804152392
0.00960529747113595
0.009520213527620426
0.009434404586178636
0.009347338395508668
0.009258412435448301
0.009167391945978825
0.009074815741765345
0.00898035092861439
0.008884680916299018
0.008788695393711913
0.008692565101219364
0.008596496463883151
0.0085014655784213
0.008408737983187435
0.008317425061111354
0.008225445954801113
0.008130812449565553
0.008033024352913783
0.007934541057372586
0.007838999681185344
0.007749461615418757
0.007666079862767364
0.0075854178995249395
0.0075083929716113235
0.007434600653941442
0.007361858129873241
0.007289255520508133
0.007216710405821837
0.007144383839576694
0.007071943777321735
0.006999266287615463
0.0069247524261757025
0.006850251725320713
0.00678007330302266
0.006715575849436037
0.006656817270548137
0.006602546222983858
0.0065514426461861525
0.006502359556591692
0.0064544409391721624
0.0064082760210359985
0.006364299801616196
0.006322551485846151
0.006282858877823193
0.006245024468796295
0.0062091694128615935
0.0061756980393203745
0.006144877116044322
0.006116522554034876
0.006090120005765658
0.006065105943008076
0.006040942883912133
0.006017052000005517
0.00599296019968068
0.0059683103815710865
0.005942958809654686
0.005917528050072495
0.005893333802261049
0.005871193388247778
0.005850695276443663
0.005830885655624257
0.005811040137710529
0.005790880695465822
0.005770516380899926
0.005750242655190934
0.005730280292856951
0.005710651584998895
0.005691288613354081
0.005672209580885602
0.005653571497536017
0.005635573508291568
0.005618311351536164
0.005601710237475299
0.005585551512354153
0.005569538069379043
0.005553329199614947
0.005536508666288341
0.0055184415706649465
0.00549779889884236
0.005470924640469528
0.005427294370947966
0.005368953203088721
0.005337164737601043
0.005318501369454278
0.005300496605749674
0.005282014090032818
0.005262956938900318
0.005243282569773052
0.005222951296641328
0.005201918634253553
0.005180110797753725
0.005157399807853568
0.0051335460970216434
0.005108081201048858
0.005079977152368589
0.005046536699924295
0.004999736610946509
0.004932637115237157
0.004882338523026068
0.004851095968238372
0.004821050323017622
0.00478920243069461
0.004753683850215742
0.004708474415820313
0.0046521276225203155
0.004604556954978383
0.004559530255648578
0.004512526701830681
0.004467227752021076
0.004424477217626621
0.004382375037381002
0.00433974389203173
0.004296148110640578
0.004251450915777194
0.004205768301124288
0.0041593336394921835
0.00411172111866136
0.004059288712480668
0.003991245678162603
0.003925191107593403
0.0038843918570397058
0.0038480226304808685
0.003809522428424931
0.0037650091011410397
0.003708480865737691
0.0036482119502849472
0.00360274912861308
0.0035631416359635524
0.0035229130805492634
0.0034810076762675788
0.003437045561332716
0.0033903947485553624
0.0033395528947630787
0.003281519490123951
0.003211012989597779
0.0031311804034560298
0.0030474322568349596
0.0029422512568988424
0.0028272353367924524
0.0027188494777178477
0.00260123315333448
0.0024712238450276536
0.0023416835593575297
0.0022393666282378988
0.0021566805710776515
0.002085337416109224
0.0020142549955075298
0.0019428941665025627
0.0018686816052486408
0.0017980653178879817
0.00173928160045328
0.0016855588253410917
0.0016332198632843659
0.0015820072794870549
0.00153218271748204
0.0014840159007756953
0.0014377186738932786
