0
-2.38407973399444
-2.38407973399444
-2.38407973399444
-2.38407973399444
-2.38407973399444
-2.38407973399444
-2.38407973399444
-0.6683892011205899
0
0
0
0
0
0
0
0
0
0
0
0
0
0
0
0
0
0
0
0
0
0
0
0
0
0
0
0
0
0
0
0
0
0
0
0
0
0
0
0
0
0
0
0
0
0
0
0
0
0
0
0
0
0
0
0
0
0
0
0
0
0
0
0
0
0
0
0
0
0
0
0
0
0
0
0
0
0
0
0
0
0
0
0
0
0
0
0
0
0
0
0
0
0
0
0
0
0
0
0
0
0
10040821507573128e-25
0
0
0
0
0
0
0
0
0
0
0
0
0
0
0
0
0
0
0
0
0
0
0
0
0
0
0
0
0
0
0
0
0
-1.6555387813859852
0
0
-0.9621382618497591
-1.1800397736078594
-1.1729994169872953
-1.1766856510366779
-1.1796182314719772
-1.211778009266709
-0.7327583149890415
-0.7089085262123263
-0.6369017818651628
-1.841016245627543
-3.133114000360365
0
0
0
0
0
0
0
10040821507573128e-25
0
0
0
-0.06586844616685994
0
-0.06420609685301315
-0.06536456604953855
0
0
0
0
0
0
-0.0008413466566707939
-0.0012571720726555213
-0.0012445777683751658
-0.0016478806792292744
-0.13708530615258496
0
0
0
0
-0.6674824747897219
-0.6456270192284137
-0.48621627340617124
0
19528379198163748e-22
-0.4685578450153116
-0.4448268984124297
-0.48974422947503626
0
0
0
0
0
0
0
0
0
0
0
0
0
0
0
0
0
0
0
0
0
0
0
0
0
0
0
0
0
0
0
0
0
0
0
0
0
0
0
0
0
0
0
0
0
0
0
0
0
0
0
0
0
0
0
0
0
0
0
0
0
0
0
0
0
0
0
0
0
0
0
0
0
0
0
0
0
-0.1590426722104894
0
0
0
0
0
0
0
0
0
0
0
0
0
0
0
0
0
0
-20081643015146255e-25
-19999999989472883e-25
-19999999989472883e-25
-0.028431085418326948
-9999993366120465e-25
0.04561139486594534
0.044121254793823894
