1.5840797340060817
4.673743584644399
4.6272390589583665
4.581197261039051
3.2142549332638737
4.490483477435191
4.44580242029042
4.4015659470896935
19.655927875995985
0.24810534054995514
1.0859784295171266
0.3940982008643914
11.79880024130398
17.54841365807806
16.628287478073617
16.669973898373428
15.590319833630929
15.68438389126095
15.674330564885167
15.279660754211363
14.49391800473677
14.599955932339071
14.478103138695587
14.352852699637879
16.222055076315883
13.664869635249488
0
14.823696910301805
12.302271142063546
4.633879228931619
10.383832090024953
8.727836666148505
10.820056785625638
11.020548460481223
11.113660944494768
18.839738991402555
16.315610888123047
29.265772519866005
20.947784489864716
22.281065682996996
19.33882000860467
19.31397490495874
2.194339373934781
24.140641054676962
19.855962785397423
19.089601681480417
19.072307668888243
19.066022265396896
19.0687137121422
19.076207324804273
19.085501433888567
21.12447222265473
18.65523742501682
19.848693107356667
19.85743175209791
19.734750491421437
19.70865944310208
19.682091047565336
19.65057534763764
19.276313575930544
19.720841570364428
19.49510903605551
19.378601037868066
19.89044613178703
19.205076896309038
19.72557597080595
19.7446224593441
19.92842194516561
19.726808236766374
19.93687612307258
19.692873407082516
19.731852445896948
19.790805678683682
19.872495382121997
19.974813684617402
23.06031835365866
14.523281034038519
19.404050198631012
28.10690168979636
20.823794948562863
28.021025882437243
21.872450072856736
19.24040491292544
14.439595857737004
15.081057495714049
24.765212817583233
26.46810071557411
27.944526692517684
28.520617747097276
29.097310636163456
28.751011676285998
28.482555034031975
28.064053535141284
25.321438162689446
24.942548541759606
26.20571824302897
32.41519168468949
29.344827263703337
27.48635077578365
21.239928177528782
20.312987199038616
20.42461178616213
19.160043751791818
34.5322905293433
19.2245986173657
17.814849969086936
27.41415363775741
14.666622833232395
11.58824798243586
5.868808137282031
2.6054676923085935
0
-25029294192790985e-25
-10040821507573128e-25
-12660166248679161e-25
-2051820047199726e-24
0
0
0
0
0
0
0
0
0
0
0
0
0
-1775333657860756e-24
-1760781742632389e-24
0
0
-17171259969472885e-25
-16880221664905548e-25
0
0
-16443664208054543e-25
0
0
0
0
-15570549294352531e-25
-10040821507573128e-25
-6984919309616089e-25
0
-2240994945168495e-24
-3157765604555607e-24
0
0
0
0
0
0
0
0
0
0
0
0
0
0
0
0
0
0
0
0
0
0
0
0
0
0
0
0
0
0
0
0
0
0
0
0
0
0.4035536824958399
0.7546879542205716
0.7647451016382547
1.0352452840743354
0
0
0
5434168269857764e-20
19528379198163748e-22
0
0
0
1.190481276877108
1.1721946540055797
0.9346658230497269
0.9199627420312027
0.9046677803853527
0.8889820726617472
0.8730781389458571
0.857098276130273
0.8411572764744051
0.8253465877933195
0.8097384480206529
0.7943894721829565
1.0615129237121437
0.7646348968992243
0.7502888279850595
0.7495352588739479
0.7227563652850222
0.709593336287071
1.0269025131710805
0.6845016672450583
0.672573991221725
0.6610544882714748
0.6499375068960944
0.6392157312220661
0.6288804312207503
0.6189213214238407
0.6093253459403059
0.600076438713586
0.5911686658801045
0.5826015237835236
0.5743665776099078
0.9240936079440871
0.5588483402971178
0.5515418716822751
0.9054490174457897
0.5377770074992441
0.5312965272751171
0.8932516362983733
0.8907136886991793
0.5133365373621928
0.8887917776446557
0.5024970327940537
0.49738811173301656
0.9077979902504012
0.4877448759507388
0.4831927565828664
0.9090626612160122
0.4745863835560158
0.4705163949984126
0.9031352348392829
0.46279868327837903
0.4591375887248432
0.8951394900650484
0.45221109969133977
0.44893588600098155
0.8933508658228675
0.44272151628683787
0.4397705503652105
0.4369184711977141
0.8923669159848941
0.43149771996831987
0.4289222655352205
0.8919652479235083
0.4240245916735148
0.42169873540115077
0.9040846207935829
0.4172784894326469
0.4151639150513802
0.5426736168737989
0.4111047334445175
0.4091577740327921
0.40726508415536955
0.9063599661021726
0.4036274477984989
0.4018746431247564
0.40015896469412837
0.3984752179821953
0
0.3945494574290933
0.39173543234937824
0.38865652453387156
0.3855690289346967
0.3826331405871315
0.37991155228519347
0.37741333557642065
0.37512357279774733
0.3730207691551186
0.3710832631913945
0.3692897733562859
0.3676169421232771
0.3659679756819969
0.36431222621467896
0.36275581560039427
0.36129608120245393
0.35991975995420944
0.3586159308470087
0
-19999999989472883e-25
-19999999989472883e-25
-0.028431085418326948
-9999993366120465e-25
0.04561139486594534
0.044121254793823894
