122.32847314260785
121.11128449762835
119.90620708202516
118.71312038705231
117.5319051030461
116.3624431074938
115.20461745322129
114.0583123566982
112.92341318645973
112.02266248934917
111.16844340662658
110.34979225209007
109.55879576855423
108.78989444035432
107.94871610127628
107.21441756143182
106.4936576253306
105.78503238778295
105.08751040223595
104.40032431431855
103.72289807391311
103.05479656116296
102.39568942752567
101.74532409485306
101.10350509745373
100.47007796664313
99.84491672951883
99.22791423071483
98.61897431912254
98.01800475241467
97.42492039953652
96.83963295719303
96.25421814998079
95.50754473748015
94.76889867839455
94.03836647759064
93.31600577989587
92.60185399226302
91.89593068490325
91.19823948083584
90.50876915043207
89.82749463237604
89.15437813816222
88.48937059995617
87.83246459051888
87.18395972847904
86.54340508598752
85.91071198861408
85.28576747564347
84.66845024721515
84.05863728720732
83.45620539756821
82.86103096999562
82.27298942570609
83.55713511398989
84.77544976642909
84.17164975111125
83.57482966694398
82.98485099037065
82.40156997115324
81.8248313797635
81.25445001199125
80.69019638199944
80.1319180122075
79.57952118279006
79.03283924335715
78.49180213565234
77.95630801031734
77.42614694971837
76.90116712852522
76.3812878498063
75.86641645713374
76.26932136576376
76.61649400871315
76.9055943940134
77.13368920729222
76.61024272736307
76.09169355437714
75.57790865238844
75.06874327887522
74.56408196892319
75.6216388946199
77.62232285447416
79.52902726128947
81.33919989751246
83.05067817380423
82.46167530117569
84.02450352560312
85.48616627219066
86.85889004032043
88.16326843579938
89.38169413879832
88.72498771854356
88.0739212519119
87.42832835395865
86.78805761295628
86.15309627739653
85.52341914851829
84.89872603529773
84.27869930673701
83.66348215165165
83.05381011858022
82.44835391533434
81.84620987096885
81.24713667475119
80.65138743069569
80.05935674365793
79.47132645991755
78.88744994853121
78.30776364384405
77.73318762175742
77.16388790959718
76.59882662289945
76.03798185422195
75.48127538181232
74.92865033581474
74.38004727047152
73.8353969933015
73.29463797371449
72.75772791247951
72.22557760606266
71.69706500912137
71.17213665767748
70.65071196929989
70.1327070272915
69.61827170441617
69.10762289223445
68.60015492795699
68.09587595232999
67.5947930736003
67.09746400666077
66.60362936710918
66.1135074702378
65.62708566933397
65.14441226353644
64.6663324537107
64.19256610881959
63.72359595512007
63.25782174879386
62.79510757768093
62.33544472377317
61.878872837088196
61.425441723632325
60.975689663188994
60.52900818358873
60.08597327974206
59.64684344703871
59.21058611727079
58.77714768861751
58.34650427362124
57.919334169003335
57.815613364751435
57.83295366268182
57.41002628855451
56.99069249008684
56.574893683529524
56.16316635604239
55.75446126477862
55.34959099831501
54.95000030849564
54.55482921364623
54.1630918539059
53.77522205564128
53.39008140321687
53.007522446170384
52.627593549864194
52.250583924257356
51.87621318810185
51.50489612144061
51.135779417959505
50.768765270745895
50.40382049725965
50.040937122192496
49.68089647057312
49.32283923498639
48.966743063954524
48.612661049817326
48.26060286649664
47.910541007966586
47.56253325608496
47.21647439048071
46.872383835713066
46.530261031621514
46.190126403266945
45.8519977801821
45.51588047252069
45.18176818085029
44.84963009908539
44.51944737162872
44.191209742988505
43.86491837976003
43.54056480998833
43.218135360912036
42.89761879345172
42.579008602571534
42.26229872546269
41.94748300325703
41.634558085180004
41.3235217490784
41.01437135294972
40.70710169179246
40.40170324637919
40.09816418309625
39.79647436951124
39.49662687179252
39.198616980935796
38.902440682871884
38.608093447251754
38.31556971379387
38.024863182797695
37.73596743580767
37.44887619517672
37.16358306842469
36.88008117205923
36.59836305692821
36.31842103693148
36.040247666750716
35.763836103957544
35.48918026377456
35.21627486738751
34.9451155682191
34.67569943522876
34.408026605215056
34.1421059154182
33.87797138063175
33.61564886686976
33.35506111613697
33.09616814594961
32.83896178180292
32.58343649235148
32.32958676650017
32.077406993319364
31.826891478367802
31.578034485131838
31.33083033483463
31.085273548733955
30.84135909381132
30.599082848938465
30.358442738544376
30.11944215576505
29.882100894679823
29.646451490248413
29.41244632770651
29.18003596493967
28.949210059671763
28.719964520061367
28.49229881164861
28.266223911692737
28.041752264678454
27.818856285653037
27.597521766478604
27.377743414968318
27.15950888360186
26.942804730203704
26.727621524241368
26.513952165769837
26.30179034948369
26.09112996138257
25.881964605100155
25.67428740004214
25.468092143557396
25.263378775757456
25.060165019753498
24.85843679439766
24.658141831171104
24.459265324215806
24.261803630564508
24.0657591120457
23.871143038143973
23.677952077524875
23.48615353795603
23.295730488767767
23.106676613443568
22.918987140204973
22.732657721681836
22.547691429731486
22.364083294682523
22.18183086651767
22.00094380176896
21.82142606088582
21.643273303976457
21.46650587339426
21.291126007097592
21.117112587360026
20.944467054715375
20.773194532168393
20.603281950604213
20.434680990811653
20.26735585272768
20.101283313376285
19.93645542265999
19.7728649417168
19.610507877151942
19.44937189621417
0.32017222039564114
0.31947484144283084
0.3187946588426707
0.8275975946178761
0.3174253800656626
0.3167100115926108
