0
0
0
0
0
0
0
0
0
0
0
0
0
0
0
0
0
0
0
0
0
0
0
0
0
0
0
0
0
0
0
0
0.14827259037207702
0.15018693443240924
0.1522440185517864
0.1544274490711821
0.15672618712313321
0.1591303048241722
0.16163068967067587
0.16421851181527178
0.16688520073543106
0.16962254007141386
0.17242296995921552
0.1753200024339003
0.1785590068728386
0.18155154107378677
0.18457845906376186
0.18761953043519616
0.19066664798168786
0.19371682586862085
0.1967682410614292
0.19981881035434576
0.20286589230301177
0.20590636241785848
0.20893672733968605
0.21195315569483542
0.21495135342133542
0.2179261047963672
0.22086999199313728
0.22376952159872268
0.22659338938134876
0.2292953578335763
0.23194198021198886
0.23458582241350992
0.23715477653243616
0.23973878069408142
0.24230568449994108
0.24474569117577058
0.24711082894611852
0.24946914798999903
0.25180686469412944
0.2541665260311615
0.25656969624720405
0.2589467192093743
0.261246009763986
0.26354175184245077
0.265851092416019
0.2680873514541771
0.2702333935301495
0.27231737875543854
0.2743101326053463
0.27611883416773797
0.2778069005345642
0.27956417127267685
0.2813967149901024
0.28328476411352144
0.28522969192492165
0.2871898826558868
0.2891318571429603
0.29106588976710185
0.2929726051253635
0.2948347579839758
0.296653092804957
0.2983356381891913
0.29989543916596484
0.30150948808136413
0.303162499126157
0.3044850906568559
0.30543934246905086
0.30664233087861903
0.30892491535363953
0.30943796464469886
0.3087111228562729
0.3076407144499139
0.30692698206853397
0.30679125281748987
0.3070912443831204
0.3076535539805901
0.3083129577655831
0.31041371712946597
0.31285790691796617
0.3137946664727582
0.31475033763786675
0.315636254400139
0.3164831567545227
0.3172848580857577
0.3180232371284204
0.31870792411401455
0.3193683073692486
0.32160115966754643
0.32202655506384803
0.3223984782719834
0.32266774004551113
0.3228242411296296
0.3232754587743248
0.3241525360609219
0.3239931689926965
0.3238701328689615
0.3237831547693013
0.3247541410410846
0.3252963582698867
0.32629513566298235
0.3273275251340733
0.32851187201227294
0.33140615409773677
0.3338641602837381
0.3373827947235399
0.33782186330911934
0.3380245822883259
0.3382417562496347
0.3385739752577472
0.33904702901827044
0.3406973019154361
0.34112753716377964
0.34283789278576415
0.34518920376391404
0.3453704876020759
0.34546503822427344
0.34553593327008386
0.3471715367417431
0.3501245324044237
0.3548280305949792
0.3557219525797367
0.35784913264272
0.35992882317671815
0.3633880582885996
0.3644317989416627
0.367525908727387
0.37431785259818695
0.379189436036366
0.38174141877900536
0.38550068467747145
0.3864617850526553
0.3870900792004002
0.3878867029761105
0.3894979152037071
0.39042806113225315
0.3925326586590686
0.3923878084711466
0.39199053880629176
0.39151141235898035
0.3910186412517919
0.39276058867848135
0.3921069543926321
0.3913929075898729
0.39083803052011734
0.3903205704501312
0.3897311654707012
0.38932535290801684
0.38861299128220705
0.38796677116787204
0.3873276090334513
0.3867623575650321
0.3862662254350059
0.3858022203032233
0.38533055443302777
0.3847825593063557
0.3841833526370604
0.38356399356984106
0.38296266930110545
0.3823476687730185
0.3817009453287321
0.3810298260463766
0.3803510689783741
0.3796659666272546
0.3789743682897474
0.3782866250789414
0.3776074586327561
0.3769360906751133
0.37626371206080234
0.37557436357440616
0.37485898602147716
0.37412347424117265
0.3733798508337411
0.37263693193773384
0.3718979118665673
0.3711612861919734
0.3704233836321361
0.36968152141213106
0.3689354322460926
0.3681859100279379
0.3674327066366113
0.36667395574483685
0.3659073700301872
0.365131967516362
0.3643488063909407
0.3635605981288399
0.3627708792394436
0.3619835765841865
0.3612033809740387
0.36043743106733983
0.35970088988536997
0.3590361123374548
0.35856570733261994
0.35825867835326275
0.35762261456533395
0.3568265099973268
0.35602118237574454
0.3552197339251052
0.3544227126241848
0.3536300692733281
0.35284182190304114
0.35205819053728976
0.3512799156303274
0.3505085143734378
0.3497468796851353
0.349000552264775
0.3482815185628111
0.347621210119778
0.3471134613780986
0.34683617425825136
0.346343436993632
0.3456159895906059
0.34487095756736286
0.34414436057445275
0.3434581188437481
0.3428827198547508
0.34243156987044954
0.341865863126531
0.34126324214354553
0.3406776408121662
0.34006548681700394
0.33941878460909136
0.3387618561440404
0.33810940137436474
0.33746682858714916
0.3368358256733568
0.3362149920073555
0.33560147976498683
0.3350001839203296
0.33445376378804387
0.33408775126797385
0.33368648720331356
0.3329781148410316
0.3322179063480619
0.3314843844675578
0.33082244809758005
0.33030060054302934
0.3298158087498533
0.3291487983206499
0.3284117212426219
0.32768308318497236
0.32697517104954843
0.3262921119777927
0.32569347203888077
0.32511841339627073
0.32458806830771303
0.32420264481618233
0.3239209581221454
0.3236779755096009
0.32368196132535065
0.323789085544822
0.3238031005637202
0.32391467005476327
0.32415933569942834
0.32438142745589854
0.3242653836804583
0.32390957618738675
0.3234181923693237
0.3229256412205479
0.32243822551026324
0.3219862931364754
0.3214921406422018
0.32085956173290586
0.32017222039564114
0.31947484144283084
0.3187946588426707
0.8275975946178761
0.3174253800656626
0.3167100115926108
