860.8906874266718
890.2859543836398
890.5289778038255
908.8964015545607
921.7476320803302
949.6119260923713
949.0863214089165
949.1432298891341
950.2909710518642
952.1725411490315
963.40887517798
966.8955461112507
968.3146931697665
967.209490440894
968.894024171898
970.6685278320588
969.3281117130305
973.9670820806514
972.9356994496738
969.182080923875
964.2314298068924
954.219777807913
944.1953825045547
933.8497970618811
923.4213280007233
905.1253470805449
895.1082544599377
899.9576169857341
897.3327734963204
880.8544883904794
855.0713653642883
852.0928961053287
824.3198611396906
795.2213565599601
782.3111963862125
774.827527511803
796.994142760833
815.2277502591284
847.5276195523481
874.7736841535375
903.660986353549
915.4541126113121
926.6024116016771
958.983116229726
972.9435533976975
984.8902661653719
995.4901915178045
1006.1496279234891
1016.8436301717553
1027.3704398827608
1037.7527376726841
1046.9715433958504
1062.7500077194532
1080.2607538885063
1091.4427313049084
1103.5848432721057
1110.5470130441963
1116.4145336133654
1121.5355268600933
1126.5823457595163
1136.0814820683952
1141.0572696377485
1144.3349112819656
1147.3819105777943
1148.6625706088769
1161.4267094358436
1171.302272079837
1180.911035668184
1188.5050238302101
1192.2716251751485
1205.6847228502434
1200.6123183235763
1196.11759515301
1191.7940701078587
1187.3963648125155
1182.8985377055683
1188.5273130914286
1198.1002602081742
1219.4573866888377
1232.0443804985296
1234.3715937525528
1237.43795138216
1234.0904868611779
1230.446443518807
1226.370667676256
1222.2610835411506
1221.1404281319083
1217.2492296921737
1213.2564831625182
1209.2149188758212
1206.4938279311996
1202.2045347645787
1208.6086755569559
1198.538672967487
1198.1696729683856
1202.812886505448
1187.6891965166465
1186.978798565874
1191.1033423671975
1190.2864976604287
1177.7247347474317
1162.1728553060211
1167.0630992499903
1148.9931994268218
1134.3614245201654
1118.2636370707096
1103.6371295228414
1088.5549678065156
1073.7714216216577
1059.6120386272953
1043.7558226272301
1032.1674577493434
1018.7602382659298
1005.8128426966739
994.5708172438535
986.4028899804348
981.4702942885474
976.3585627068065
971.3095871565278
966.1512250223211
961.8937787100487
957.0767331162702
952.2700752042101
947.2428128855203
942.1892401420416
936.3850075615692
930.0640118298168
924.6979639679798
919.389510298294
913.5379923631591
907.5335798618669
902.2775857029246
896.1268643024033
890.1602506934855
885.2666829604284
880.1905950351991
874.424997363054
868.2687811544308
863.6223209049299
859.0719455432215
854.7698561255721
850.2675909432048
845.340390990793
841.0369183734396
835.8178759399914
833.6259605220009
830.5246561811747
838.625790340631
831.8428640995354
831.7434682888437
831.3312219092855
829.0555669538196
827.1604063779523
821.2315165725934
815.6685206547181
810.3932834678053
805.542050643642
803.0510698645257
801.7184490940099
804.0597556903786
801.4545376636661
799.3278048027859
797.1073577914585
795.7402098416828
794.2131396562596
792.1331111011963
789.5721393115299
786.6246244047629
783.2951614384548
781.615835272357
780.6528936909928
781.5540433513125
781.7793981409711
778.0030686759628
774.5672265795032
771.5487907678119
769.0913157778823
767.419708495661
767.2192317806441
761.2443736994514
755.2827983170782
749.3765366748587
743.5132707477983
737.7952975046555
731.9532113656887
726.056829629984
721.0299869884648
717.091695166261
713.3469858236474
710.2601622556227
707.2291658031589
704.2249287272045
699.5439597287511
694.9884681597144
690.5893775636118
686.2344106320678
681.9196553032582
677.6323932893913
673.3763127685668
669.018819050903
665.880793357243
662.7801075676549
659.6944681484345
656.6224322158447
653.5631642758916
650.5163085369774
647.4818538737087
644.4600192440823
641.18766574886
637.1529758660497
635.206877035079
631.2128928975424
627.2401166872276
625.6625225139713
621.7088410034553
617.7783844552366
615.9851316276122
612.4471759374685
608.9381395712566
605.4582010721028
602.0075672990954
598.5864725991519
595.1951871555568
591.7460630365463
588.034243179613
584.8294405125805
581.1867504667
577.5748707661603
573.9931076977393
572.5133811351856
568.9903564310708
565.4984435250049
564.0982645992711
560.6672233967887
557.2683227633254
554.3792748074933
553.0911530423044
549.7883837015705
548.5571850312277
545.3198051624533
542.1175931088333
540.9736054714724
537.8439006603911
534.7510026065823
533.6912780987902
530.6709462089196
527.6892924653412
526.7098946183588
523.8131658144603
520.95886895102
520.0521967377974
517.2792610228944
514.548065255482
513.7206749089321
511.0704793851196
508.46185395462373
505.8950720856619
505.1763932810352
502.6926341107875
500.2517120410424
499.6124843509952
497.25661253326456
494.9449075011766
494.3830608291853
492.1400157413147
489.90741851590457
489.36454091016554
487.21062343441747
485.29806420086857
483.22278928596177
482.7831454145776
480.69227103393024
478.8126157337117
476.97334318539225
475.17004599457937
473.62904753855355
472.0123271863621
470.20503082324996
468.65581754484765
467.21762055641193
465.8171296847561
464.4531950288348
463.1244041402561
461.8292337417691
460.5669208440279
459.3367573881115
458.1118005174716
456.8924068535326
455.76882676456296
454.67381945790976
453.607744336439
452.57052971674676
451.5621480692773
450.5823698465323
0
0
0
0
1.1590327587286338
1.2001300723821502
