0
0
0
0
0
0
0
0
0
0
0
0
0
0
0
0
0
0
0
0
0
0
0
0
0
0
0
0
0
0
0
0
0
0
0
0
0
0
0
0
0
0
0
0
0
0
0
0
0
0
0
0
0
0.0009603820888937144
0.0009062595185252467
0.0008544911738447901
0.0008049396690884533
0.0007574781782074685
0.0007119853543587968
0.0006683379035088483
0.000626392925383308
0.0005859538637242929
0.0005467052421409604
0.0005079224228599076
0.0004683600141552955
0
0
0.0026514874415402004
0
0
0
0
0
0
0
0
8055712128058179e-20
0.008277491529572576
0.004148977131346327
0.00855371097616485
0.0047223958640813584
0.008737212927822929
0.008746094920873066
0.008715775246736054
0.008642106457093773
0.008532654473534445
0.004647902990302786
0.008387866748928809
0.008361003644660506
0.008371446723926495
0.008444364752251009
0.008566583525076497
0.005171541017918126
0.008868015259084167
0.009003563055479372
0.006127798909373223
0.009237225391535058
0.0065589059529156685
0.003753209009094156
0.0006966725769043084
0
0
0
0.0010799538636721358
0
0
0
0
0
0.0006961749923573073
0.0006847584750302484
0.0006675428495372973
0.0006491325396218464
0.0006352150451804985
0.000622344744136697
0.0006071630243165169
0.0005912910158067977
0.0005753907986383338
0.0005597077559327308
0.000544243585618446
0.0005289972259170439
0.0005144653336963718
0.0005005108988642748
0.0004871288831243038
0.0004745847327691819
0.00046247649097109025
0.0004489947168306902
0.0004365852500698469
0.00042456666368262744
0.0004120107366378832
0.0004026662679512709
0.0003940427593052169
0.0003847043259175335
0.0003741453951422487
0.00036379261962871465
0.0003551747663332917
0.000346743533101716
0.00033843366079700307
0
0
0
0
0
0
0
0
0
0
0
0
0
0
0
0
0
0
0
0
0
0
0
0
0
0
0
0
0
0
0
0
0
0
0
0
0
0
0
0
0
0
0
0
0
0
0
0
0
0
0
0
0
0
0
0
0
0
0
0
0
0
0
0
0
0
0
0
0
0
0
0
0
0
0
0
0
0
0
0
0
0
0
0
0
0
0
0
0
0
0
0
0
0
0
0
0
0
0
0
0
0
0
0
0
0
0
0
0
0
0
0
0
0
0
0
0
0
0
0
0
0
0
0
0
0
0
0
0
0
0
0
0
0
0
0
0
0
0
0
0
0
0
0
0
0
0
0
0
0
0
0
0
0
0
0
0.001685558825341091
0.0016332198632843659
0.0015820072794870549
0.001532182717482039
0.0014840159007756953
0.001437718673893279
