0.03628300745817379
0.05086082191699549
0.06653733053797767
0.08064303765187399
0.09648556368973707
0.11745660280991384
0.14016588877148273
0.1618282171910369
0.185803038994795
0.21228498074721108
0.24146430690363951
0.23779368093788816
0.2282956942144745
0.21828491703774633
0.2077927166704407
0.19685130055791283
0.185493104422456
0.1737503838286442
0.1616549407228135
0.14923793813507777
0.13652977299125174
0.12355998731906584
0.11035720591081241
0.09694909206974406
0.08336231712642497
0.06962254008969798
0.05575439509268373
0.04178148579895838
0.02772638483054393
0.013610639001153647
0.009967394502621803
0.010161967041626993
0.01034721570838069
0.01052336586779193
0.010690652941365232
0.010849315469519156
0.010999593757825332
0.011141729190634865
0.011275963538901425
0.01140253806094086
0.011521692768102247
0.011633665858440629
0.01173869325294086
0.011837008624631504
0.011928845870371973
0.012014416040116695
0.01209391912128453
0.012167564557537583
0.012235560362492003
0.012298111780381708
0.01235541988436467
0.012407680631005131
0.012455084408368218
0.012497815920299811
0.012536054293979491
0.012569973309623093
0.012599741658404483
0.012625523370441724
0.012647478468229762
0.012665764354259878
0.012680539136065696
0.012691972156162662
0.012700263092133594
0.012705627298420223
0.012708254614600982
0.01270831526698948
0.012705950855105317
0.012701272366918695
0.012694393264430698
0.012685427810298992
0.012674471356583962
0.01266161185028752
0.012646932313629502
0.012630504235326577
0.012612397054820368
0.012592700750997025
0.012571519036607266
0.012548937216194546
0.012525002915118846
0.012499740418913583
0.012473168897031064
0.012445314267668536
0.012416234693393768
0.012386016346214541
0.012354725114585803
0.012322427077937166
0.01228915846146835
0.012254908014137294
0.012219697214860156
0.012183636423719845
0.012146930759841683
0.012109982076579569
0.012073425011689395
0.012037946361638751
0.012004068153052714
0.011972385011550677
0.011943478120533353
0.011917512775658806
0.011894394256464998
0.011874393535647272
0.011857873619718653
0.011844486542110396
0.01183323645518932
0.011822381659318149
0.01181035524108881
0.011796211651460166
0.011779460919499633
0.011759881908634622
0.011737319798254982
0.011711654500536824
0.011682849209615542
0.011650952098753746
0.011616044175041518
0.011577986377319927
0.011536699153960831
0.011492386473855682
0.011445195597896998
0.01139532037641294
0.011343113491029773
0.01128892601472582
0.011232345979560073
0.011173977851453944
0.011114653257778924
0.01105467716389838
0.010994189473695236
0.010933163382613003
0.010871388263821825
0.01080889138133425
0.010745643225288742
0.010681531097091941
0.010616344343043814
0.010549800198988185
0.010481733501444919
0.010411892711676094
0.01034028392024623
0.01026690381274199
0.010191264090956994
0.010110998552315354
0.010027055710555975
0.009942324871928664
0.009857789796874935
0.009773650403377644
0.009689731881075471
0.009605297548059024
0.009520213604543502
0.00943440466310171
0.009347338472431738
0.009258412512371379
0.0091673920229019
0.009074815818688419
0.008980351005537467
0.008884680993222094
0.00878869547063499
0.008692565178142441
0.008596496540806227
0.008501465655344374
0.008408738060110511
0.00831742513803443
0.00822544603172419
0.008130812526488628
0.008033024429836857
0.00793454113429566
0.00783899975810842
0.0077494616923418315
0.007666079939690444
0.007585417976448016
0.007508393048534397
0.007434600730864504
0.007361858206796315
0.007289255597431209
0.007216710482744914
0.007144383916499768
0.007071943854244809
0.0069992663645385405
0.006924752503098779
0.006850251802243785
0.006780073379945739
0.006715575926359111
0.006656817347471213
0.006602546299906933
0.00655144272310923
0.006502359633514766
0.006454441016095236
0.006408276097959072
0.006364299878539271
0.006322551562769225
0.006282858954746267
0.006245024545719371
0.00620916948978467
0.006175698116243451
0.006144877192967395
0.006116522630957951
0.006090120082688734
0.006065106019931153
0.006040942960835207
0.006017052076928594
0.0059929602766037576
0.005968310458494163
0.005942958886577763
0.005917528126995571
0.0058933338791841245
0.005871193465170855
0.00585069535336674
0.005830885732547336
0.005811040214633604
0.005790880772388899
0.005770516457823002
0.00575024273211401
0.005730280369780029
0.005710651661921971
0.005691288690277153
0.0056722096578086766
0.005653571574459086
0.005635573585214642
0.00561831142845924
0.0056017103143983765
0.0055855515892772305
0.00556953814630212
0.0055533292765380235
0.005536508743211418
0.00551844164758802
0.005497798975765435
0.005470924717392604
0.005427294447871043
0.005368953280011798
0.0053371648145241184
0.005318501446377353
0.005300496682672752
0.005282014166955893
0.005262957015823395
0.005243282646696127
0.005222951373564403
0.005201918711176628
0.0051801108746768005
0.005157399884776644
0.005133546173944721
0.005108081277971936
0.005079977229291667
0.005046536776847377
0.004999736687869595
0.004932637192160232
0.004882338599949155
0.004851096045161453
0.004821050399940698
0.004789202507617688
0.004753683927138813
0.00470847449274339
0.0046521276994433945
0.0046045570319014585
0.004559530332571653
0.004512526778753755
0.004467227828944153
0.0044244772945496984
0.0043823751143040835
0.004339743968954808
0.004296148187563656
0.0042514509927002704
0.0042057683780473655
0.004159333716415258
0.004111721195584435
0.0040592887894037415
0.003991245755085678
0.003925191184516479
0.003884391933962782
0.0038480227074039453
0.0038095225053480074
0.0037650091780641166
0.0037084809426607664
0.0036482120272080232
0.0036027492055361572
0.0035631417128866296
0.0035229131574723406
0.0034810077531906547
0.0034370456382557925
0.0033903948254784396
0.0033395529716861547
0.0032815195670470284
0.0032110130665208548
0.0031311804803791066
0.003047432333758036
0.0029422513338219192
0.0028272354137155293
0.0027188495546409236
0.0026012332302575553
0.0024712239219507296
0.0023416836362806057
0.002239366705160975
0.002156680648000729
0.0020853374930323
0.0020142550724306066
0.0019428942434256392
0.001868681682171717
0.001798065394811058
0.0017392816773763565
0.001685558825341091
0.0016332198632843659
0.0015820072794870549
0.001532182717482039
0.0014840159007756953
0.001437718673893279
