646.9507739207403
670.1592771583872
672.5663800587721
658.7644625376082
651.2668053846268
643.9715599726652
637.4557637093365
631.6856903654435
624.5104157704019
616.8254546180673
615.7157819725472
612.3431351442795
609.8761723859725
606.7606132993028
605.8468813320186
603.5447613230824
601.350126607802
602.783481541055
603.7285191627445
600.1501669641509
596.6502617826636
593.0762199595164
589.4305578024265
585.7797725270138
582.2077944597806
579.581045037992
576.2149682403787
578.8031076309705
577.7931943192634
576.904664346989
572.4363980553061
576.6948142171432
574.2238985092134
571.8162688965303
570.6390207438167
564.8938298936318
567.323309668235
565.2412236474252
560.770673268765
567.4440986089108
570.450348623342
570.2810119878676
566.6893874034977
562.3759675762152
566.2724880443379
565.6761783745503
564.6406966855114
560.998013608066
557.3485886321482
553.6947572326645
550.0387985414291
546.3828544652816
542.4121256441031
538.7650756436934
535.1234211819476
531.4887395235329
527.3039747644159
523.1582305000273
519.0515137260144
514.9838772514715
510.9553756472042
506.9660143979595
503.01568137328996
499.10426214927475
495.5201842496972
496.3073676560579
498.3798340208818
500.40629100468993
502.51175593103875
503.8821089749607
504.8804099841986
500.56992226613954
496.3109396489564
492.10210421950364
487.9426601645187
483.8319030753435
479.7692024327786
475.7539925822282
471.52786988507523
467.3078760956466
463.3818591340094
456.41475655904355
452.56600452897254
448.7614975078404
444.866375417531
441.0193728847381
437.3454060439181
433.58249528114607
429.8568037163609
426.16576239650124
422.6582868681074
419.1912278661923
415.39045420833895
411.87183538253726
408.5057508399716
405.17781285974706
401.8858139809128
398.6156362670913
395.389499296494
392.19170672925907
385.1206690171775
377.81042008407223
374.36936214058
379.91922354457404
376.4863926922267
373.10345454361027
369.730605529683
366.5560884558417
363.25473902183376
359.20012244995746
355.74126044832667
352.6910197146909
349.6952052879891
346.73414871263094
343.80097310459684
340.90031247763284
338.038134108703
335.20884868455505
332.4125181861616
329.6495059957813
326.92016526265456
324.22475158345515
321.5631130912161
318.93487039631157
316.3395671483868
313.77646212487514
311.2461339024189
308.74782097454687
306.28047750047966
303.84542509970396
301.44664006847177
299.0994993587368
296.83285281392347
294.66443358160154
292.5791177071615
290.5604709517371
288.60682293420643
286.70145103311387
284.80941291369834
282.9028828325539
280.9693719381711
279.00450847634113
277.00817886392474
274.98060443931035
272.92669908586345
270.8518175143712
268.7618889220181
266.6628210743356
264.560500008022
262.46061925588225
260.3679868305412
258.2854952639281
256.2130517618809
254.14962512858324
252.09431097526584
250.04667767805722
248.00634129777782
245.97397692898542
243.94996327420273
241.93514829333407
239.93075088151014
237.93859461970504
235.95845214807932
233.99147962011125
232.03727243922717
230.09850088496395
228.17875086965972
226.2463844943702
224.3068530528166
222.42118535883753
220.56547452848176
218.7294486562806
216.9107344824461
215.10866198281923
213.32297839922742
211.55356784463496
209.8004136112516
208.06373653799176
206.34338188391644
204.63957406486566
202.95250836912135
201.28225417979795
199.6287793385575
197.99199806852198
196.37180576944667
194.76808529013357
193.2015848985607
191.69441873808262
190.2173765245983
188.7058291634471
187.21231664068094
185.7367108480669
184.27885887450208
182.83858376092783
181.4156947006086
180.00999225503836
178.62127081605658
177.2493192068182
175.89392545058433
174.5548891910904
173.232032660416
171.92519309013957
170.63420367436316
169.35888507437326
168.09904886926142
166.85450439954576
165.6250647316338
164.41054953454153
163.21078391327555
162.02559529879858
160.85481200143863
159.69826450981645
158.5557875427776
157.42722066855285
156.31240670392185
155.21118897917725
154.123409118859
153.04890585424727
151.98751426039797
150.9390646277589
149.90337904608447
148.88026062867135
147.8694574055357
146.87055575295497
145.88317507271609
144.90757612921675
143.94381361965532
142.99175077013507
142.05123486706574
141.12211334037607
140.2042346345173
139.29744812167073
138.40160399706616
137.5165527941607
136.64214438454243
135.77822625692647
134.9246400001398
134.08121261082005
133.24773049439102
132.42385681777503
131.60914753405257
130.80373501544682
130.00778976736618
129.22120736507625
128.44383817155048
127.67550474957359
126.91593696258253
126.16484243875735
125.42223867043654
124.6880481762213
123.96212442700471
123.24437910136612
122.53473801129113
121.83309863947758
121.1393413893262
120.45334076456223
119.77497018379461
119.10410580129692
118.4406285229561
117.78441342489457
117.13527986137126
116.49288026517428
115.85713984736124
115.22834708768684
114.60646994193715
113.99137523607322
113.38287035098907
112.78067031589765
112.18461873240835
111.59484796060313
111.0113528669346
110.43402877553811
109.86275446622942
109.29740626902108
108.7378742276813
108.18407971006732
107.63585169383268
107.0929408967399
106.5550276224426
106.02192236244885
105.4931952642279
104.96859889425771
104.44814480743771
103.93160129118748
103.41868841444244
102.90932578553247
102.40385130049083
101.90249114843141
101.40533475326623
100.91230815677554
100.42333102521579
99.93828427400649
99.45714978326819
98.98003847689156
0
0
0
0
0
0
