894.8731772625539
903.8669542351814
863.3406212475052
825.8322467818391
797.4655344551528
757.7842560241429
733.826445857483
713.6897672542615
695.5515605815945
677.3952876864026
668.4086616712465
660.8733162994723
655.008777021185
649.8515098516482
651.116322893552
649.0888566908944
648.3772817455581
649.8284411764868
650.5040093831351
646.8122531885924
643.0003254188832
638.7516923601845
634.2545756669641
629.6112193855171
624.9736167207168
625.26453103406
620.4351954210784
628.0316589072622
631.2234547981715
635.1985470052512
636.0537757129712
648.4733593224278
651.0059642850797
650.5723296246749
649.3989528835019
637.3202202851103
648.1351862204759
658.108161772276
659.8591845758988
682.673357447827
697.6561341925009
702.9384339041624
706.9943615464446
728.5351420205567
742.7405223697606
746.6602447782155
749.5121775088269
752.3540630053565
755.1795571039121
757.9837092307167
760.7655178996699
763.5265122852754
766.2808999541157
768.1725719403856
774.7288775217
783.5506317002208
787.9468614506568
792.2744823723727
796.7187503516361
801.1622394036086
805.8991676884816
810.2198949921973
814.4898003100033
818.7075626751503
821.1756646214798
839.5724759034681
852.2751820927947
864.8738741318306
877.4121932844753
889.224610399812
903.760546143333
906.3766746039908
910.3280579404383
914.5083596880227
918.5928852520542
922.549474913229
939.9780648041811
977.8989658265751
996.202900916605
1007.7204484322939
1018.2253814110657
1027.6438753508842
1033.8857738194579
1039.9087173269982
1046.0275221867446
1052.4324663885366
1062.7389782652522
1070.2270243204537
1077.9209141034776
1085.8391438922408
1095.236726908811
1102.9053770241287
1113.0097673549888
1112.7401472616802
1109.2594322508996
1095.3296093931556
1093.3717880261888
1080.6361101355026
1066.9817387276735
1053.3344958184996
1038.9621288694536
1020.2496524336713
1028.4140101006867
1014.4151812074879
1010.9424488950094
1007.4775947942484
1005.6875817805654
1005.226827838892
1003.7667004093785
1003.4462404292806
998.59483709187
994.2583098452843
990.1499303490675
993.5049576164573
998.8578976216494
996.8663362611827
995.5522659898738
986.3771013710527
977.9157952004346
970.6392286658996
964.180307191305
957.1399174016722
949.9633611617265
943.0884061117322
936.754105941606
930.6596108399457
924.2722981954521
918.0044289448568
912.1698713682366
906.6232380960791
901.3126789457717
902.2683183381229
896.6522717457439
890.8883705360661
885.8767069160018
886.9685821687175
881.4441500891813
875.0096117340029
875.1691111766623
867.1396252516265
859.6918467277615
852.5466101081734
844.9817210873745
836.5557509194078
829.1526057504667
820.9871212436655
813.5747939930725
812.5277757296717
801.8073734101022
792.2678983141737
783.2351365644206
776.9510754774003
770.17629308861
754.9566903828697
739.8129752280781
724.7174776405161
709.8698595786207
701.0808411045488
692.5292454292221
686.6918489579167
680.007897677937
673.2560239708947
666.4700372652545
660.7634772101372
655.0295423039839
649.6406495262495
644.8899742734009
640.9890583026297
637.0571649574434
635.7062986513155
634.7574194388866
636.3584423053185
639.051029448615
635.9553084767397
632.9805729103252
630.13712755921
627.4445729999422
624.8965513875701
622.3080324169698
620.3861892900115
618.0382294636893
615.7396930471936
613.458248066838
611.2654800991579
609.1852006118891
607.1719633888885
605.9050183925358
605.8687301433674
606.515568141928
607.1584900862139
607.822600748714
608.4680694474841
607.8185457451568
606.7804685845315
605.9076115844048
605.0083993596558
604.0880415104532
603.1920280389869
602.2981611460596
602.397684580198
602.642469293268
602.6873689752586
601.7470451500585
600.7832393635683
599.7949665245114
598.1471261476356
595.508195979534
592.8532275515066
590.1831403103199
587.4990691648222
584.2010238864284
581.4972510262189
578.7826790878291
575.5079580016861
572.7539697474092
569.9956354758018
566.7608680803937
564.674674888938
562.5893312637663
560.5064859868494
558.4278048722003
556.3549647516029
554.2896445662575
552.2335329564423
550.1891908790362
547.4775621940779
544.7873024269862
542.1180126997258
539.4699952214909
536.503248091295
533.905633356054
531.3334115254443
528.4695668426868
525.9557634035042
523.4713000742504
521.1004160382784
518.3897424003801
516.0060950057406
513.3780149838703
511.0664699520229
508.7911942198608
506.2897296908145
504.09945772418024
501.9508337137112
499.5825927453815
497.5228455004801
495.5081667913952
493.27524584309543
491.3694959577591
489.5151119891243
487.41864712665364
485.6666364731952
482.9642435829867
480.80669517998206
477.88422189591074
475.02288479143385
472.2221978716225
470.286719055406
467.607448252047
464.9873147921004
463.20794313463705
460.70414770816984
458.2566152183981
456.6217169716268
454.2522278321447
451.87098918691413
450.26318618610765
447.9741381866032
445.915527767837
443.7105055239959
442.24653818351885
440.12675807197513
439.6817493298029
439.28593030372343
438.9189417248288
437.59297751853796
437.33268586755156
435.64775181179084
435.46673950302693
435.3475639792583
435.2440170031085
435.15408934822653
435.0787385430433
435.0179146999492
434.97058090344694
434.93486987460733
434.8592479008262
434.7471199135582
434.7803689672948
434.8314953890628
434.8983430978364
434.979846839611
435.07542210977374
435.1851524851551
0.8106438037040731
0.7897011870624948
0
2.5213124893104197
1.9629798207344726
1.9415600713977135
