-46.380260041260044
-46.21574566187337
-49.16764518922719
-50.2726975921687
-58.7199738448835
-58.561910166579764
-58.40541924815625
-58.25048544038145
-58.09709324975847
-57.94522733692429
-57.79487251516548
-57.646013748890255
-51.59923603195057
-43.24742011177295
-36.40273902594345
-27.72469997938606
-19.135835542110726
-10.509618205658626
-2.9418271404574625
-3.3364969511312665
-4.12223970060586
-32.0167188836931
-21.335474842810072
-39.77794956757862
-2.394102629055851
-54.659478540794225
0
-35.83835523869493
0
0
0
0
0
0
0
0
0
0
0
0
0
0
-27.116849485275452
0
0
0
0
0
0
0
0
0
0
0
0
0
0
0
0
0
0
0
0
0
0
0
0
0
0
0
0
0
0
0
0
0
-29103830456733704e-27
-0.2403714474203298
0
0
0
-2.57652818596398
-3.3262135543191107
-6.572127405379433
-6.511256963916821
0
0
0
0
0
-14551915228366852e-27
0
0
0
0
0
0
-2.2646771583968075
-2.5454162687965436
0
0
0
0
0
0
0
0
0
0
0
0
0
-10040821507573128e-25
-10040821507573128e-25
-10186340659856796e-25
-19936123862862587e-25
0
0
0
0
0
0
0
0
0
0
0
0
-809959601610899e-22
-8814095053821802e-23
0
-12123200576752424e-23
-18296123016625643e-23
-7254129741340876e-23
0
-2711167326197028e-22
-29918737709522247e-23
0
-15516707208007574e-23
-4376342985779047e-22
-6466434570029378e-22
-3337772795930505e-22
0
-32708339858800173e-23
-3234599716961384e-22
-0.46203001265530474
-3671302692964673e-22
0
0
0
0
0
0
0
0
0
0
0
-0.7832799189782236
-13508542906492949e-23
0
0
0
0
0
0
0
0
0
0
0
-7796916179358959e-23
21489104256033897e-22
2163360477425158e-21
-18738501239567995e-23
-24981272872537374e-23
2295608283020556e-21
2384666004218161e-21
-5835318006575108e-22
0
-0.0002843243855750188
-0.0004228942998452112
-0.0004186864389339462
-0.0005531195347430184
-0.045698937712586485
0
0
0
0
-0.3337263189605437
-0.32280690902553033
-0.24304341975948773
0
0
-0.23428508230426814
-0.22241851648141164
-0.24487640835286584
0
0
0
0
0
0
0
0
0
0
0
0
0
0
0
0
0
0
0
0
0
0
0
0
0
0
0
0
0
0
0
0
0
0
0
0
0
0
0
0
0
0
0
0
0
0
0
0
0
0
0
0
0
0
0
0
0
0
0
0
0
0
0
0
0
0
0
0
0
0
0
0
0
0
0
0
0
0
0
0
0
0
0
0
0
0
0
0
0
0
0
0
0
0
0
0
0
0
0
0.01947844214504016
27755575615628914e-32
0.018235520469862692
0.017638654466485562
