10.98665855807485
43.89999999999418
43.89999999999418
43.89999999999418
43.89999999999418
43.89999999999418
43.89999999999418
43.89999999999418
43.89999999999418
43.89999999999418
43.89999999999418
43.89999999999418
43.89999999999418
43.89999999999418
43.89999999999418
43.89999999999418
37.81349782439065
23.54724334453931
20.479086430277675
20.28175152494805
19.888880150203477
18.068744624470128
18.266994039469864
18.446910501937964
20.752948685971205
14.849113015690818
0
14.823696912280866
12.30227114407171
4.633879230925231
10.383832092033117
0
0
0
0
0
0
0
0
0
0
0
0
0
0
0
0
0
0
0
0
0
0
0
0
0
0
0
0
0
0
0
0
0
0
0
0
0
0
0
0
0
0
0
0
0
0
0
11.559220148061286
0.008024282884434797
7.277405436267145
0
0
0
0
0
0
0
0
0
0
0
0
0
0
0
16.22420212230645
0
0
0
0
0
0
18.23365356150316
0
14551915228366852e-27
12.635060052212793
-14551915228366852e-27
0
0
1.453499074690626
0
0
0
0
0
3346940502524376e-25
-4802132025361061e-25
-9313225746154785e-25
0
-16880221664905548e-25
-27939677238464355e-25
-4307366907596588e-24
-6664777174592018e-24
-10346411727368832e-24
-1603621058166027e-23
-24811015464365482e-24
-3827153705060482e-23
-5889160092920065e-23
10195071808993816e-23
9067298378795385e-23
-8851930033415556e-23
-1344160409644246e-22
70329406298697e-21
0
-19937579054385424e-23
-2986489562317729e-22
0
1541775418445468e-22
-43709587771445513e-23
-6461195880547166e-22
33277319744229317e-23
0
32558455131947994e-23
32199022825807333e-23
0
5391048034653068e-22
5342153599485755e-22
0
0
0
0
0
0
0
0
0
-17457496142014861e-22
0
2396554918959737e-22
0
0
0
0
0
0
0
0
0
0
10913936421275139e-25
-7697963155806065e-23
0
0
-1868756953626871e-22
-2493034116923809e-22
0
0
-5830370355397463e-22
0
0
0
0
0
0
0.20167872961610556
0.37727182211529
0.3823210280825151
0.5175844986370066
0
0
0
1571829488966614e-20
0
0
0
0
0.5952387940342305
0.5860960056015756
0.46733140357537195
0.45748312496289145
0.449860790889943
0.4444909882149659
0.4365386507852236
0.4285488314635586
0.420578412595205
0.4126731273718178
0.4048691007483285
0.3971946445526555
0.5284741633804515
0.38231739941693377
0.3751443757500965
0.3730952492769575
0.36137816176051274
0.3547966523328796
0.5122140462335665
0.3422503667534329
0.33628663877607323
0.3305269705306273
0.32496854331111535
0.3196077040338423
0.31444009073311463
0.30946056393440813
0.30466259775857907
0.30003821884747595
0.29558433243073523
0.2913007613969967
0.2871832883101888
0.4617175480525475
0.2794241696537938
0.2757709353463724
0.45256123461876996
0.2688885032548569
0.2656482631282415
0.4465430384152569
0.4452905204234412
0.2566682681790553
0.44435301405610517
0.23209490421868395
0.22947660148201976
0.4538989920838503
0.22454196044418495
0.2222151241148822
0.45453132897091564
0.217818281322252
0.21574036210949998
0.4515676164883189
0.21180362132145092
0.20993824294419028
0.44756974451593123
0.20641400404565502
0.20475012747920118
0.4466754324239446
0.20159691893786658
0.20010129654838238
0.19865702120296191
0.4461834579706192
0.1959160511760274
0.1946160113438964
0.44598262396175414
0.1921486459323205
0.19098006146668922
0.45204231039679144
0.18876665622519795
0.18770967501041014
0
0.20555236672225874
0.20457888701639604
0.20363254207768477
0.4531798218813492
0.2018137238919735
0.20093732155510224
0.20007948233978823
0.19923760899109766
0.006240713672013953
0.19727472821250558
0.19586771617468912
0.19432826226693578
0.19278451446734834
0.1913165703008417
0.1899557761498727
0.18870666778821032
0.18756178639887366
0.1865103845775593
0.18554163159569725
0.18464488667086698
0.18380847106163856
0.1829839878482744
0.18215611310733948
0.1813779078074731
0.18064804060850292
0.17995987998438068
0.1793079654162284
0
0
0
0.01947844214504016
27755575615628914e-32
0.018235520469862692
0.017638654466485562
