0
0
0
0
0
0
0
0
0
0
0
0
0
0
0
0
0
0
0
0
0
0
0
0
0
0
0
0
0
0
0
0
0
0
0
0
0
0
0
0
0
0
0
0
0
0
0
0
0
0
0
0
0
-9999999999999999e-25
-11539020227970862e-25
-2460659094263439e-24
-521930575473557e-23
-11011934328125723e-24
-23110795062386913e-24
-48247785308571877e-24
0
0
0
-9999999999999999e-25
0
-9999999999999999e-25
-9999999999999999e-25
-9999999999999999e-25
-9999999999999999e-25
-9999999999999999e-25
0
-9999999999999999e-25
-9999999999999999e-25
-9999999999999999e-25
-9999999999999999e-25
-18706657080396368e-25
0
-18336240452208939e-25
-9999999999999999e-25
-9999999999999999e-25
-9999999999999999e-25
-9999999999999999e-25
-9999999999999999e-25
-9999999999999999e-25
-9999999999999999e-25
-9999999999999999e-25
0
-9999999999999999e-25
-9999999999999999e-25
-9999999999999999e-25
-9999999999999999e-25
-9999999999999999e-25
-9999999999999999e-25
-9999999999999999e-25
-9999999999999999e-25
-9999999999999999e-25
-9999999999999999e-25
-9999999999999999e-25
-9999999999999999e-25
-9999999999999999e-25
-9999999999999999e-25
-9999999999999999e-25
-9999999999999999e-25
0
0
0
0
0
0
0
0
0
0
0
0
0
0
0
0
0
0
0
0
0
0
0
0
0
0
0
0
0
0
0
0
0
0
0
0
0
0
0
0
0
0
0
0
0
0
0
0
0
0
0
0
0
0
0
0
0
0
0
0
0
0
0
0
0
0
0
0
0
0
0
0
0
0
0
0
0
0
0
0
0
0
0
0
0
0
0
0
0
0
0
0
0
0
0
0
0
0
0
0
0
0
0
0
0
0
0
0
0
0
0
0
0
0
0
0
0
0
0
0
0
0
0
0
0
0
0
0
0
0
0
0
0
0
0
0
0
0
0
0
0
0
0
0
0
0
0
0
0
0
0
0
0
0
0
0
0
0
0
0
0
0
0
0
0
0
0
0
0
0
0
0
0
0
0
0
0
0
0
0
0
0
0
0
0
0
0
0
0
0
0
0
0
0
0
0
0
