125.77898835328615
127.44301700057324
127.44379220081133
125.86195375140672
123.82098908998586
121.96577016040715
120.29077224470045
118.68384009298458
117.79770413406216
116.88984381318356
116.1632300214409
115.56624870531789
114.68959229907188
114.53349389021501
114.0498805764076
113.44202936853837
112.94263043067711
112.43360976298018
111.89840133071073
111.38680115702748
110.90737421263782
110.45809888073018
110.13998236849457
109.84786567209709
109.4804536700157
109.13812718850657
108.81996751331991
108.52511605040768
108.25275549696678
107.49654197709857
106.76111646255359
106.64560836949457
106.54887062761135
106.47020435666181
106.40891022176763
106.36431839453205
128.7280429877454
141.09028849955783
147.55465954834662
165.9794718182163
175.55399279273627
176.0735432994145
176.57541616146278
185.40257188995452
185.8177194777055
186.13487627892027
188.79530126983633
191.3628011962792
193.84915368431547
196.26425220776883
198.61351321134484
200.8992683792442
209.89524254603174
217.0020575069317
216.8121502373179
216.60744499832222
216.38615566921519
216.14673740868201
215.88761785798522
215.6066534191985
217.55266809828794
217.18529911053375
216.74794822239903
216.20860021972908
215.57925089732586
214.88740843663996
214.16404884839216
213.43233152808975
212.693682820096
211.9225620582834
217.95827590994097
217.10016746602193
216.24350873388744
215.38767862589592
214.53637359310133
213.72015788618333
212.94999548072215
212.22322903238822
215.8593220103561
219.24384001170762
218.43772230082897
219.76427888408602
218.97039298241532
218.19454921684004
217.26262756827958
216.34434135371552
215.4535005860094
214.5671264921571
213.69682370379732
212.82951285368617
212.07731465296808
211.4059317388831
213.09943096436416
212.85778679977273
212.1048225889145
228.93550916768373
235.19437900336538
219.26850065687032
203.5807791636142
189.1091481168457
173.96949405081105
160.5539259492922
158.50865430166434
156.29111868510236
155.48630245174374
154.52505199075182
152.76216128537467
150.56757354729456
147.44558226533374
142.59021109761233
140.06079297721703
139.23254296644987
138.23128391850034
138.05810572958117
137.76689835171828
137.1681417989471
136.36675204725736
135.45460339664277
134.49643308592326
133.40590433122
132.5109217370837
131.634651841156
130.7565884081855
130.10210295899287
129.96719324123532
130.01974164481314
129.96057815834672
129.72601081421502
129.12735752141586
128.65611501038003
128.12200197725895
127.64202377424986
127.1310068545654
126.63569191408641
126.11449381600308
125.50465869340945
124.82136170285045
124.28217134430504
123.7762631034121
123.31502156264419
122.74641738491533
122.30844169771825
121.9045226184547
121.48571500903873
121.02966927317425
120.489355230529
119.91083619755986
119.38239678038444
118.91435801340185
118.57188582899722
118.26112306634884
117.82443722163259
117.42852144558955
117.14429502453679
116.90869150288754
116.63353443922446
116.31774822373907
115.98709498853466
115.70707460158627
115.27113886356332
114.8802787454821
114.26730431474779
113.58456668670807
112.83228266564011
111.96627248583992
110.92059433282076
109.7285210631947
108.4548324764885
107.21929176767834
106.08852518292875
105.06098389645568
104.162378923259
103.24415695385363
102.18583412570341
100.8863467611033
99.37438980331481
97.62724097548141
95.73621047007056
93.34482041412473
90.97017460747696
88.71563349814078
86.31536085537697
84.36406892303108
83.01443138207598
81.841897637517
80.6074365834784
79.12119713070344
77.70793301294906
76.53868183493192
75.4494162563194
74.33568670407648
73.14967211028828
72.0253949673328
71.14646701513271
70.51111789841758
69.7942285456375
69.25526951393442
68.77926480219504
68.3289529487924
67.89174268686263
67.46259360650062
67.03922993952047
66.62057777141084
66.2061470259395
65.79573963889223
65.38929813673626
64.98682678803283
64.58835338788299
64.19391150925694
63.803530753047404
63.41722952864996
63.03501082884237
62.65403023075303
62.20735719694685
61.76530251594186
61.32781568026226
60.89484825826993
60.46635114146452
60.04227723415828
59.62257849602661
59.207206024152015
58.796106622983935
58.389213791928256
57.98641751423683
57.5875431880273
57.19265874439522
56.801997471572214
56.415539162114065
56.03319628761011
55.65489739201577
55.28058515513786
54.910209716792025
54.54372447293239
54.18108374325643
53.822241254333385
53.4671507286701
53.115765171537525
52.76803466674453
52.34268741691034
51.91540943533723
51.49208434718802
51.07261039824839
50.65715823206486
50.24585848996599
49.83869248668014
49.43559826038137
49.036493392505754
48.641258414325236
48.24987109582203
47.86238905178929
47.47875845887157
47.0989194267977
46.72284343881918
46.350502386556826
45.981864462755176
45.61689287845349
45.25555360975516
44.89781067869393
44.54362903008903
44.19297448978603
43.84581387754365
43.50211859650497
43.161860047311336
42.82500497321065
42.49151719841435
42.16132090547635
41.834374706577634
41.542061131515105
41.277678891627716
41.02034260500496
40.76466475180182
40.51197767902429
40.26380526611765
40.01279840855844
39.747772712743924
39.58808190667186
39.56703560052513
39.60324001236897
39.633585526437045
39.631727574200255
39.59705000216894
39.54617693089058
39.48963434284205
39.43061545739196
39.379301787035445
39.34774101103364
39.337720170719415
39.340235241202556
39.3521797757753
39.36462589282694
39.3779723532917
39.393880611380794
39.41487816241141
39.440178748706465
0
0
0
0
0
0
