680.2232680902896
710.318447472562
698.5711080771553
668.0124760646095
647.6408695612482
616.1440533713442
603.9125149606809
592.8043710947632
582.7808419913717
569.0415442526945
561.8658841817135
555.3184664314354
549.7688792248393
544.3588821556385
546.0391303133903
544.1105213050046
542.752054554911
542.8816275342435
542.3686139782387
539.7055820466239
536.9883405283807
534.0141060027952
530.8623915739382
527.6033792666093
524.4044064781056
524.0156117036
520.9749247127102
525.4017547574963
527.5123607764443
530.7824858424033
533.6463940330781
540.9799365112154
543.4765503585285
546.8306204709138
547.5339311427153
538.5369075581096
545.6856144505615
551.9608329059649
551.5740463803464
569.0974224468787
579.3569417587196
582.7080663165492
583.8437750074746
597.136458510897
606.776729829663
607.7939986249412
607.8768644130422
607.6236674110567
607.3260768287935
606.9803929045614
606.5865534841637
606.1468240226936
606.2502248365573
605.2707800914965
608.1458432363111
613.0330237501574
613.8048744203758
614.490479740067
615.2567706521708
615.9979277463767
616.9286251978867
617.5082470436954
618.0083535278828
618.4251125635219
617.2826109223657
631.0677780606778
640.9510364735273
650.6601842269033
660.2406110359883
666.2469668722908
669.7459025022697
669.3250482836773
670.4471705502206
670.9330422961966
669.9921149148782
668.9246214784508
677.9761680978681
713.553168368858
712.8429369942512
710.2271522055154
711.9348556681407
707.5162288045012
708.2527819299602
708.8444612465161
709.5339674897712
710.5291626001265
714.5730218255205
716.6160479263108
719.0180369545265
721.6201278066111
725.2728094905452
727.749082351587
725.646250466338
721.8505570182982
719.0407553736827
714.907330287656
712.4210451991971
708.0634042575927
703.6300508782373
698.6982350233142
691.1864804748319
686.2414995472724
680.2171838614034
681.8349982853387
677.3864294079737
669.7886299720244
662.2570682143986
657.5087204672684
652.5825269693454
649.2304321281244
643.052501373647
638.557789439315
634.240327808091
633.1036179497495
633.0573387369529
631.221001095738
630.5265661812977
624.3500035465048
618.3017241050931
612.958435374026
607.8212445813083
602.7602477309028
597.3165503760508
591.8276454720003
586.25906250797
580.6653364667295
575.1493908243297
569.7734654846371
564.3909089044392
559.0167689711889
553.6494443915702
552.3264861319832
547.2163138560265
542.2683929698183
537.5108750625196
536.8385430071257
532.3036954352488
527.9236465223308
527.9897548558243
523.4603651378192
519.1900531428149
514.998433664667
511.01197814653756
507.2594522322187
505.2353997306788
502.2602750144234
500.00705350375836
498.0579859195731
494.788723583116
492.6728160507781
490.44458837140826
487.5342210519719
484.61858289502237
476.12467364805093
467.72382404209486
459.44612660691075
451.3009121546548
447.2225231900802
444.0024909182551
444.6842875997526
441.5790281624962
438.4492851226012
435.3864297018421
432.3546077270638
429.31594390673257
426.19185317970266
422.9957102984056
419.7559395561825
416.54532211705157
413.66736508828416
410.9310134880532
407.26288889497033
404.7226212064078
401.8720677388241
399.08681586103927
396.3431527958921
393.6361000232989
390.96472370862193
388.2813610153566
385.79244885689116
382.9986491605288
380.2488235246525
377.52328167064235
374.862316916146
372.2784497001963
369.7443029834618
367.510049684034
364.90391471256055
362.8356204091234
360.5469467176087
358.2837301745012
356.02276753148215
353.27124520697373
351.1302542966512
349.1168292831936
347.1006812298338
345.0849406753863
343.0958811449682
341.1205428403691
339.781437506394
337.46476926130214
335.1768656151997
332.88773744330587
330.59645960185964
328.302534857147
326.0058188635301
323.7064448931768
321.40475456102945
319.1012396350131
316.79650512186
314.7995490687432
312.4956865137221
310.1925062190598
308.22125961887224
305.9133204073471
303.609239868001
301.6699134890481
300.3492209827966
299.0332210433931
297.72286331619677
296.4191029321111
295.1228882719244
293.8351247634086
292.55659028112973
291.2887258991096
289.06591444234766
286.86061163669495
284.6725594571085
282.5022808175119
280.76079558744016
278.6295503898953
276.5184161921244
274.84665834945974
272.7791212502993
270.73391552359055
269.0280849701489
267.4588536396372
265.4864346023664
263.9717292364747
262.0500391334456
260.15365782009343
258.72237196969365
256.8830545088706
255.0724356447831
253.72922868237467
251.9780157078575
250.2568161670435
249.00193118539633
247.34864561772523
245.7281696004515
244.56208020531548
243.00623011432867
241.4821217914942
240.40334758999197
238.942110947956
237.51144239571767
236.11109893581195
235.1433595277033
233.8037241260235
232.4936573955497
231.60397156731855
230.35207385408495
229.1283076091994
228.3108584858134
227.12611391607237
225.9354945934567
225.13159309255383
223.98706909280057
222.9577638839175
221.8552527619982
221.12326909125917
220.06337903548769
219.84087466440275
219.64296515136166
219.45947086241435
218.7964887592685
218.66634293377643
217.82387590589636
217.73336975151412
217.6737819896284
217.62200850155335
217.57704467411253
217.53936927152182
217.50895734997314
217.485290451723
217.46743493730088
217.42962395041283
217.3735599567779
217.39018448364797
217.41574769403053
217.44917154891772
217.48992341980562
217.5377110548868
217.59257624207785
0
0
0
0
0
0
