6390.667097978293
6525.042283712528
6612.8508154497085
6644.538240986513
6635.6177893932
6651.561339692023
6554.239260020233
6420.30278833093
6276.28224184893
6121.210661956483
6009.39938147348
5900.111643297279
5808.272876957042
5787.931099151017
5820.194773898838
5855.47896790175
5890.114751509233
5921.752521459772
5905.0384207829775
5860.415398089281
5793.228671996349
5685.084859048849
5562.999341555835
5443.128246626659
5325.444243482592
5161.64268390604
5041.357869718683
5191.849151679418
5018.754397615499
4869.1344171308
4730.718311183159
4717.977255801895
4593.934691739839
4467.697297393844
4408.424183408635
4296.288210384859
4407.420126211375
4505.13439057748
4607.857513263089
4798.587740810399
4867.970502742694
4885.943563488672
4896.547289940823
4924.27448803916
5020.443220690595
5056.974739022393
5083.944109850425
5110.864711233691
5137.622754518563
5164.1446007127615
5190.408529736425
5216.425245439014
5240.631667025142
5287.643801327867
5328.7283529468195
5385.502042333016
5420.734954819421
5455.60445779642
5491.212544982093
5526.912518598275
5574.34090659089
5608.943495333111
5643.4299652689415
5677.92014761579
5707.946690698683
5770.862115014558
5837.513623660384
5891.062696955015
5941.940372151784
5989.3772680303655
6024.316820467908
6053.969332647202
6088.120655099518
6122.56371867802
6155.083211529268
6182.979553058999
6258.312017469079
6381.008744265294
6470.818884980615
6535.630803251278
6609.805274229745
6644.06480790295
6671.26522437784
6686.493662986892
6685.598914965417
6671.315588592152
6655.184361352124
6602.156221139433
6535.56366848938
6457.759146612316
6384.0430460850075
6300.595604212452
6209.143741903735
6062.121582621856
5893.984538982691
5776.744748987132
5677.171643304376
5568.909787459457
5461.812268031601
5357.976185201876
5228.062897632811
5081.215183993795
4982.79698278474
4909.795419144694
4822.744393753196
4738.492429163567
4655.979418348475
4595.050925855774
4537.881188620152
4500.99580310074
4465.4943927707845
4455.482704978568
4447.101824476356
4459.095258763176
4476.615048799151
4493.889687446113
4525.361825892562
4513.435705777944
4502.366976279367
4488.988833834079
4479.675980521881
4469.776873177645
4459.7175770691865
4451.910297222006
4448.196767170326
4439.112375378033
4428.790835822489
4420.959609889975
4412.866071356227
4404.928959212695
4398.704428349237
4427.428976615729
4416.6145756303395
4407.285073107051
4402.366034279995
4430.587775548373
4417.059581397117
4402.828946262544
4434.79676063091
4425.852217684714
4417.668810035782
4408.038335960926
4391.407303176133
4372.212334477836
4353.5209894504815
4344.638773626242
4344.330773528053
4359.8712316755355
4330.99748814456
4326.494882000209
4322.082300905833
4316.054303900297
4312.537049848832
4278.263505830582
4245.366918196504
4213.889363737659
4173.792472461249
4158.726101857296
4151.095348759095
4156.894670137448
4150.793975339638
4144.8369762287075
4137.34889979386
4128.368037696238
4121.111570403205
4114.168433126404
4107.133286504016
4098.668488786655
4089.3945443677794
4088.7629382447053
4096.760836372396
4114.911533633807
4124.499522772936
4098.747316176055
4072.956193834724
4047.4904143924405
4022.1242572110186
3995.349760793408
3991.3287031339078
3960.1542396490736
3928.296220078876
3896.5270893116567
3864.9665719298473
3834.9642100208866
3806.467485884902
3778.4968122245627
3753.3128791975128
3729.815023625647
3710.3294473940427
3690.028735093212
3669.0520014610083
3647.6819468162525
3619.462971635623
3595.0356189735935
3577.3642925653185
3558.974381141169
3540.372421706535
3522.6833870938963
3505.3167470018698
3491.050474958339
3475.880345263463
3460.8444783535747
3445.8132299523345
3430.749558034229
3415.281767176375
3399.8114886144263
3384.3403945511354
3368.8719322805277
3353.410977619157
3333.6635428814516
3315.2790204857306
3293.9801311269716
3272.696799245334
3253.5788949434527
3231.311769118504
3209.1366230577755
3190.109506703023
3171.985003029962
3153.957630677803
3136.032909236748
3118.216066644369
3100.511929503798
3082.924570743709
3065.4562524133303
3048.10601038061
3027.052909282456
3006.1856620067592
2985.511214136918
2965.0287621752655
2947.63003038087
2927.5154451946905
2907.5958229542134
2890.721902606883
2871.180125942407
2851.8386195163457
2833.7372926440216
2817.594630964999
2798.844326056269
2781.8393382226436
2762.163852609069
2742.667532613039
2726.0309628495825
2706.8781035358984
2687.972631117145
2671.9461389584917
2653.530175330094
2635.3721205486368
2620.0129350489815
2602.4234514659474
2585.1139026080937
2570.433958255471
2553.6387343959386
2537.1050428186695
2523.0666525686484
2507.0330908383066
2491.25149383614
2475.718898252128
2462.5047752836936
2447.450625720991
2432.6393542692686
2420.0037431612045
2405.648382057815
2391.46815505797
2378.9355449175387
2364.2773753550237
2349.745679801643
2337.6050540804663
2323.9729292369816
2311.3397726137255
2298.4676627320273
2287.75511396584
2275.1801787491245
2266.33885519278
2257.7190546531424
2249.188541268494
2237.907144730793
2230.4112473610708
2220.097430092205
2213.4635640581705
2207.176583067294
2201.0535035777298
2195.16959638074
2189.548128088605
2184.1578125192777
2179.0398970583265
2174.2603418353397
2169.654889161463
2165.0743981010414
2161.0862933458825
2157.2603933588957
2153.5394210659174
2149.9303095890145
2146.451535353982
2143.0931168532425
0
0
0
0
1.1590327587286338
1.2001300723821502
