38.67923561864882
3.552126405586023
0
3.784921823418699
1.5890051041496918
8.152683715277817
8.546572537510656
10.58533900459588
1.488255954682245
0.12405266978021245
0.5429892142565222
5.2164400168840075
0.3513657650764799
1.3472403982450487
1.3625822945177788
0
2.0623508019343717
1.9700844896869967
1.906142060746788
2.9599176804040326
5.390214227663819
5.426823476635036
5.6250728916347725
5.8049893540737685
0
7.424556506855879
0.07863224073662423
0
0
15.531974999583326
0
0
10.215857264513033
3.155098724295385
3.964558948922786
0
0
0
0
0
19.38934169006825
45.37069659261033
3.840093904422247
15.853344217932317
3.9889821432589088
71.26334176206728
64.7672806327464
58.30850324132189
51.88934333928046
45.50713280891068
39.15685683507763
10.49328248470556
26.30408249751781
4.086175782795181
1.8083290362119442
4.838505307445303
4.708488407472032
4.580248199345078
4.422486173149082
16.624089091055794
4.416244023712352
3.9182019000145374
3.636293348885374
4.9751025773148285
3.1076706355670467
5.695545081427554
5.742260538812843
0.3998257860657759
5.820345269123209
0.6196772415423766
0.13317708576505538
3.864755868446082
3.7086895050597377
3.5282724758435506
3.317951785851619
0
0
15.062686061442946
59.54604236691375
6.608091784641147
29.538355290409527
1.677152187548927
8.656963417786756
1.9171008629491553
3.0466439550655195
4.003316985166748
4.909287867543753
5.192857591231586
6.1818978366063675
4.968253302751691
6.697888075810624
4.75068438622111
0
15.788621349798632
15.536933207404218
5.6701137695636135
20.984620354240178
4.490290384113905
2.6527722881146474
5.3260411687952
6.081750913377618
0
0
0
0
0
0
8.969174193713116
7.384991742233979
6.375920752747334
0
0
7.703419146346278
7.915192450149334
12.665275420877151
16.10596903951955
16.031128243354033
15.561578651730088
14.941796918370528
15.568406041653361
15.465540202756529
15.295428428755258
14.642733992208377
13.990744014794473
13.138827542235958
13.115781596352463
13.927587862606742
13.60763392438821
12.973348494095262
6.173128330337931
12.981586427718867
13.351410656541702
13.79555636702571
7.165236300643301
13.719393962266622
14.083515733043896
14.711072398422402
16.14057897098246
17.076306697330438
17.33033694777987
16.837029682210414
17.051843027831637
17.724694732634816
18.91260885495285
14.314205394402961
17.35304199892562
22.028102846539696
16.118796731971088
23.555789272417314
24.41267191496445
24.19836341313203
24.89513909202651
25.059769942919957
25.35415685114276
15.085904070409015
14.748999292642111
13.62740571606264
26.195083885177155
24.59683866868727
17.914317745366134
18.15640525010531
17.410657247673953
14.709431965064141
14.065160709593329
12.572899718521512
3.4823563635291066
7.2480847343977075
5.4631595934333745
3.9641101269662613
2.9464186322438763
0
0
5.766623088318738
6.015160096168984
6.621508369673393
6.798745232939837
7.208067495710566
7.949205855562468
3.0302064605784835
3.044759443437215
3.0521498671441805
3.0738697027263697
3.0613565366802504
3.0354084764258005
2.911880810657749
2.625346735192579
0.05136229397612624
0.6453316990082385
1.9845561538095353
1.979569492614246
2.000304886052618
2.167762041397509
2.268908885846031
3.6807502668816596
2.2137345424853265
2.2482931889535394
2.2132216303580208
3.9038502293406054
3.89702247956302
2.7009987732744776
3.6550108129449654
3.653141156435595
2.3423299047572073
2.3291559807257727
2.3329558171826648
2.3367204566166038
2.34039551911701
2.3439356859453255
2.347312694124412
3.920828967966372
2.3535417402890744
2.3566647799889324
4.419434541458031
2.36855390042183
2.370819681615103
3.9562674621265614
0
0
0
0
0
0
0
0
0
0
0
0
3.9612234154628823
0
0
3.9596517217723886
0
0
3.9621967649436556
3.964089028071612
0
3.9703559381887317
0
0
4.0001182658888865
0
0
4.010714564690716
0
0
4.012567631449201
0
0
4.0110970605310285
0
0
4.014736622979399
0
0
0
4.019665159998112
0
0
4.0229190614045365
0
0
4.038236634107307
0
0
4.266490417037858
2.4157836563827004
2.418983382114675
2.4200126929645194
4.047011398055474
2.4176477045111824
2.415473592162016
2.4138674297573743
2.4129070431517903
2.355427409740514
2.4370964781410294
2.1926164317701478
2.469685628748266
2.506267398086493
2.5103309926198563
2.5183195333956974
2.526128693265491
2.5318240954802604
2.5380561123311054
2.545986134937266
2.5539287609426538
2.5591005052701803
2.5611088077857858
2.558223714484484
2.556858060794184
2.5558509188267635
2.555448061801144
2.554715797828976
0.8333542197797215
0.7685058297518857
0.7477383370180071
2.822673093709812
2.4794772079990337
0.7620708147740514
0.6993852329128541
