-27.325375411470304
-27.053483383264393
-26.784296725934837
-26.5177885206067
-26.253932116218493
-25.992701126931934
-25.734069429410738
-25.478011160274036
-25.22450071349158
-24.9735127377935
-24.725022134181927
-24.479004053398967
-24.23543389340921
-23.994287297013216
-23.755540149330045
-23.51916857546894
-23.2851489380555
-23.05345783494704
-22.824072096846066
-22.596968784942874
-22.37212518877641
-22.149518823760445
-21.929127429088112
-21.710928965432686
-21.49490161277936
-21.28102376818424
-21.06927404369344
-20.859631264174823
-20.652074465164333
-20.44658289081417
-28.031745858024806
-20.04171342322661
-19.842295042719343
-19.644860908243572
0
-2.0298428721434902
0
0
0
-0.8373190244892612
-9.669410004309611
-9.656987452457543
-0.2924476799526019
-5.208166218319093
0
0
0
0
0
0
0
-0.5172312600916484
-4.195644835635903
0
-3.289254315299331
-6.960752124607097
-6.9524836952768965
-6.9444036237255204
-6.935215294375666
-4.94686216856644
-6.933467902330449
-6.897822023223853
-6.872643116439576
-6.672159900612314
-6.835368238462252
-6.663105331492261
-6.663946752785705
-6.642807313692174
-6.657964948841254
-6.7887107757997
-6.638315784046426
-6.649404887371929
-6.66442132544762
-6.683813402836677
-6.707839937313111
-2.554354828360374
-5.586283566066413
-0.6532147518009879
-9.368967232730938
-4.997924682218581
-6.8415453573543346
-6.331073637018562
-6.473202821041923
-6.5721287183550885
-6.511257141450187
-8.407195450476138
-8.917804556738702
-9.43557349628827
-9.622965187430964
-9.761778474436142
-9.791713577651535
-9.700662511284463
-9.354684629754047
-10.843111810740083
-10.658891490573296
-6.551429560247925
-0.03321257431525737
-4.582882547198096
-3.5927525736915413
-7.212133485998493
-6.770995749364374
-2.9316761146765202
-2.8277006979624275
-1.9350166051153792
-1.8504806805722183
-2.9853406039328547
-4.293392983759986
-2.828026289687841
-2.4843646438384894
-1.230249960324727
-0.3015304599975934
0
0
0
0
0
32014213502407074e-26
3055902197957039e-25
3055902197957039e-25
0
29103830456733704e-26
29103830456733704e-26
29103830456733704e-26
29103830456733704e-26
29103830456733704e-26
29103830456733704e-26
29103830456733704e-26
2764863893389702e-25
2764863893389702e-25
0
0
26193447411060333e-26
26193447411060333e-26
0
0
26193447411060333e-26
26193447411060333e-26
0
0
37834979593753815e-26
43655745685100555e-26
0
0
0
0
-0.7314769667136716
-24626206140965223e-23
-2447486622259021e-22
-0.962138501854497
-1.1800400116189849
-1.1729996530921198
-1.1766857815091498
-1.1796183606493287
-1.2117781371780438
-0.7327584416343598
-0.7089086515770759
-0.6369019059929997
-1.8410120024636853
-1.566553365890286
0
0
0
-16469857655465603e-23
-16305421013385057e-23
-1614243956282735e-22
0
-15823752619326115e-23
0
-1550943125039339e-22
3657187335193157e-22
-0.06586806780251209
6665068212896585e-22
-0.06421566326753236
-0.06537595960253384
16076519386842847e-22
2144835889339447e-21
-21373023628257215e-21
-2704423968680203e-20
50157541409134865e-22
-24459412088617682e-21
-0.00025090108101721853
-0.0003898035502061248
-0.000385924955480732
-0.0005206840287428349
-0.04566682495351415
0
0
0
0
-7002070196904242e-20
-6754325295332819e-20
-5752249853685498e-20
0
-5455687642097473e-21
-7127877324819565e-21
-7865906809456646e-21
0
-6509086233563721e-21
-73177507147192955e-22
0
0
0
10512594599276781e-22
0
0
0
0
0
0
0
3914465196430683e-24
0
22118911147117615e-25
16880221664905548e-25
1280568540096283e-24
10040821507573128e-25
10040821507573128e-25
10040821507573128e-25
10040821507573128e-25
16007106751203537e-26
0
-14551915228366852e-27
-14551915228366852e-27
0
23137545213103294e-25
20227162167429924e-25
20081643015146255e-25
20081643015146255e-25
0
8731149137020111e-25
0
0
0
0
0
0
0
0
0
0
0
0
0
0
0
0
0
0
0
0
0
0
0
0
0
0
0
0
0
0
0
0
0
0
0
0
-14551915228366852e-27
-14551915228366852e-27
0
0
14551915228366852e-27
14551915228366852e-27
14551915228366852e-27
0
-0.1715501489379676
-14551915228366852e-27
14551915228366852e-27
0
-14551915228366852e-27
0
-14551915228366852e-27
14551915228366852e-27
14551915228366852e-27
0
0
0
14551915228366852e-27
-14551915228366852e-27
-14551915228366852e-27
-14551915228366852e-27
0
-14551915228366852e-27
14551915228366852e-27
0
5263557032828053e-34
-12241679150104997e-33
-0.06740887481971056
0
0.009117760234931346
0.008819327233242781
