13.80000000000291
13.80000000000291
13.80000000000291
13.80000000000291
13.80000000000291
13.80000000000291
13.80000000000291
13.80000000000291
13.80000000000291
13.80000000000291
13.80000000000291
13.80000000000291
13.80000000000291
13.80000000000291
13.80000000000291
13.80000000000291
13.80000000000291
13.800000000017462
13.80000000000291
13.80000000000291
13.80000000000291
13.80000000000291
13.80000000000291
13.80000000000291
13.80000000000291
13.80000000000291
13.80000000000291
13.80000000000291
13.80000000000291
13.80000000000291
13.80000000000291
13.80000000000291
13.80000000000291
13.80000000000291
0
0
0
0
0
0
0
0
0
0
0
0
0
0
0
0
0
0
0
0
0
0
0
0
0
0
0
0
0
0
0
0
0
0
0
0
0
0
0
0
0
0
0
0
0
0
0
0
0
0
0
0
0
0
0
0
0
0
0
0
0
0
0
0
0
0
0
0
0
0
0
0
0
0
0
0
0
0
2473825588822365e-25
494765117764473e-24
34924596548080444e-26
0
0
0
0
0
0
0
0
0
0
0
0
0
0
0
0
0
0
0
0
0
0
0
0
0
0
0
0
0
0
0
-24626206140965223e-23
-2447486622259021e-22
0
0
0
0
0
0
0
0
0
0
0
0
0
0
0
0
0
0
0
-14059478417038918e-22
0
3657187335193157e-22
0
0
0
0
16076519386842847e-22
2144835889339447e-21
0
0
50157541409134865e-22
24459412088617682e-21
0
0
0
0
0
0.00019195325148757547
0.00010982452658936381
6679155922029167e-20
351439812220633e-19
0
0
0
0
6341913831420243e-21
0
0
0
0
0
0
0
0
0
0
0
0
0
0
0
0
0
0
0
0
0
0
0
0
0
0
0
0
0
0
0
0
0
0
0
0
0
0
0
0
0
0
0
0
0.03826989163644612
0.038397946700570174
-6068148650228977e-24
0.03862472363107372
0.03872663700894918
-3259629011154175e-24
0.03891465920605697
0.03900085875648074
-18044374883174896e-25
0.039157317572971806
0.039227319226483814
-10040821507573128e-25
0.03934997673786711
0.039402845592121594
-989530235528946e-24
0.03949554203427397
0.039536140582640655
0.03957292858103756
0
0.039634741173358634
0.03965967359545175
0
0.039697335902019404
0.039708946671453305
14551915228366852e-27
0.039716098603094
0.039715776016237214
0
0
0
0
0
0
0
0
0
0
0
0
0
0
0
0
0
0
0
0
0
0
0
0
0
0
0
0
0
5263557032828053e-34
-12241679150104997e-33
-0.06740887481971056
0
0.009117760234931346
0.008819327233242781
