184.1074205110279
182.89023186604948
181.685154450446
180.49206775547333
179.31085247146717
178.14139047591482
176.98356482164223
175.83725972511922
175.24007313139862
174.46637815984008
173.73800395746383
173.0240285968378
171.92307282829228
171.47898126489616
170.64663767346326
169.57260134856648
168.63662557349824
167.65835577488616
166.61480550986937
165.58163874348037
164.55875215818185
163.54604346446277
162.54341139060992
161.55075567258035
160.56797704397502
159.59497722611192
158.63165891819853
157.67792578760168
156.73368246021303
155.79883451091314
154.87328845412802
153.9569517344807
153.04973271753562
152.15154068063507
151.26228580382684
150.38187916088222
171.9024995711128
192.223489863563
202.46391263356668
233.67569748639278
249.6409756511746
249.8038114171181
249.94357979068428
264.88128973319766
264.95115085527834
264.85706726049443
268.9928286665736
273.0114985723044
276.9338393263833
280.7774263529021
284.55188822289324
288.2613237624043
304.43335147389865
317.2636031218063
316.6124792224038
315.9480777322122
315.26743744076117
314.56797557397056
313.8470052255611
313.1007446192007
316.6478831592098
315.7914950387455
314.81997321363923
313.67252319803333
312.3722180237248
310.9720614784116
309.53169564369733
308.094702567174
306.66127117420945
304.1316898591673
314.76030787014423
311.62839047767443
308.52763618394215
305.45773491093485
302.4266719614024
299.49686665399645
296.6917180754885
294.00542786515047
300.07426721302267
305.66621385990675
302.9003231287609
304.4204094831013
301.71653809110137
299.05625111386644
296.0805916969354
293.1345405859038
290.2468991415813
287.35889424133825
284.4996254699794
281.6688068982519
279.1115894731138
276.76891592963455
279.21425441459144
277.8464969156817
275.5105929464287
308.41100359111664
327.8709148315142
324.60854472014796
321.37863573376245
318.18086487876553
315.0149123746798
311.88046162480106
308.7771991818603
305.70481471494816
302.6630009848655
299.6514538071004
296.66987202509756
293.7179574768547
290.7954149694469
287.90195224487525
285.0372799557786
282.20111163309866
279.39316365664024
276.6131552289307
273.86080834725556
271.13584777463313
268.4380010127351
265.76699827463733
263.12257245783996
260.50445911755816
257.91239644027496
255.34612521756367
252.8053888201631
250.28993317231615
247.79950672636178
245.3338604375803
242.89274773928798
240.47592451818014
238.0831490899219
235.7141821749758
233.36878687467552
231.04672864753715
228.74777528580353
226.47169689222147
224.21826585705574
221.98725683532518
219.77844672426727
217.59161464103101
215.426541900586
213.28301199385288
211.16081056605648
209.05972539528315
206.97954637126665
204.92006547342308
202.8810767533819
200.86237631055758
198.86376227321028
196.88503477825589
194.92599594993158
192.98644988364074
191.06620262316062
189.1650621421649
187.2828383250215
185.41934294777943
183.57438965934904
181.74779396286345
179.93937319723085
178.14894651886794
176.37633488361317
174.62136102883
172.8838494556666
171.1636264115188
169.4605198726487
167.77435952698335
166.10497675708297
164.4522046232793
162.81587784698172
161.19583279414897
159.59190745855682
158.00394144744203
156.43177596177333
154.87525378406062
153.33421926078913
151.80851828722297
150.29799829199217
148.80250822183967
147.32189852651146
145.8560211438044
144.40472948475846
142.96787841866822
141.54532425956623
140.13692475085136
138.7425390516826
137.3620277220657
135.99525270968974
134.6420773359144
133.3023662820747
131.97598557594847
130.66280257836044
129.36268596991601
128.07550573787134
126.80113316313006
125.53944080737311
124.290302500313
123.05359332707866
121.82918961572182
120.61696892485136
119.41681003138774
118.22859291844115
117.0521987633108
115.88750992560024
114.73440993545557
113.59278348191661
112.46251640138676
111.343495666216
110.23560937339836
109.13874673338124
108.05279805898651
106.97765475444203
105.91320930452119
104.85935526379195
103.81598724597217
102.78300091339038
101.7602929665527
100.74776113381212
99.74530416114158
98.75282180200836
97.77021480734949
96.79738491564682
95.83423484310025
94.88066827390011
93.93658985059466
93.00190516455504
92.07652074653353
91.16034405731726
90.25328347847389
89.3552483031896
88.46614872719839
87.58589583980199
86.71440161497779
85.8515789025773
84.99734141961024
84.15160374161627
83.31428129412308
82.48529034418794
81.66454799202496
80.85197216271526
80.04748159799853
79.25099584814804
78.4624352639249
77.6817209886136
76.90877495013618
76.14351985324444
75.3858791717911
74.63577714107657
73.8931387502728
73.1578897349217
72.42995656950917
71.70926646011198
70.99574733711864
70.28932784802213
69.58993735028506
68.89750590427472
68.21196426626943
67.53324388153416
66.86127687746489
66.19599605680119
65.53733489090654
64.88522751311552
64.23960871214692
63.60041392558259
62.96757923341128
62.34104135163635
61.72073762594754
61.10660602545532
60.49858513648786
59.8966141564497
59.300632887740996
58.710581731738394
58.126401682834505
57.54803432253762
56.97542181362972
56.408506894382775
55.84723287283241
55.29154362110874
54.74138356982356
54.19669770251319
53.65743155013705
53.123531185630526
52.594943218512185
52.07161478954487
51.553493565449585
51.04052773367212
50.53266599720183
50.029857569441866
49.53205216913044
49.03920001531264
48.55125182236244
48.06815879505386
47.58987262368166
47.11634547923004
46.64753000859003
46.1833793298238
45.723847027476786
0
0
0
0
0
0
