3305.5635269995023
3328.8149404534656
3306.516160322074
3267.1336826353436
3203.9600445144497
3186.757778899454
3139.6336214552825
3091.603134850024
3051.0873531992543
3027.4999926399987
3005.1796078450125
2973.440053194064
2934.578711723712
2929.8957565952696
2949.491510597303
2981.2104699519027
3001.4386424865625
3023.728657958851
3045.342333959775
3046.5773407350794
3034.429883554082
3009.580599664679
2978.171555527648
2939.3202430898928
2898.0808007271235
2836.7684870765347
2789.431078302011
2861.965104425007
2788.626872200216
2740.6401876458654
2687.7867740889787
2707.0692864322014
2632.247403365628
2561.8948430692362
2533.131954159011
2460.1430832267233
2501.7657798180026
2532.7291924130113
2568.7199996834374
2673.1384457930008
2746.362528254762
2747.8332953679974
2740.3115509402915
2755.1951709265923
2803.3600161063187
2818.720249869877
2827.5678612191464
2836.4000969187337
2845.1517378180206
2852.9557691245245
2859.766862498252
2866.4551068027617
2867.889132306648
2886.849591560816
2904.5589539888133
2930.4175338946034
2942.3649605199103
2949.0575546129903
2954.3448124047964
2959.7113014790534
2971.6270941569096
2973.076555623983
2974.3409487871395
2975.347431530917
2973.7284394370113
2997.405394612914
3021.97277322522
3044.395377053212
3065.3563315388556
3083.2820058186644
3100.816622796539
3096.0457407942217
3094.7997667811005
3094.5603307718075
3093.77253651522
3092.315836799735
3121.8160905025875
3198.387381285565
3226.4195468836583
3243.8117915212806
3273.0826290145947
3279.5402366003186
3281.1059782822326
3279.9864834464925
3274.303948705937
3265.3660014854304
3259.038904700332
3242.966471015996
3222.6047501973326
3200.370390736043
3182.643843568909
3158.7588585334197
3131.6448750021104
3094.465364348921
3051.0468659266735
3033.757778961852
3010.5476059358652
2967.9385563030864
2907.037151376851
2839.5774919805062
2766.397936390719
2686.9511494689946
2654.2726576273108
2636.407628912922
2610.630879321953
2586.968338700363
2559.815196446195
2548.786361387647
2539.1883152188966
2534.578417298586
2525.693935135503
2525.573563954659
2523.6169644828124
2531.2799976887873
2542.444530826102
2554.7413069599465
2576.379746597575
2564.5847298441918
2552.9243748033377
2540.3305825664274
2531.62546001073
2521.5568508737233
2510.163670221542
2498.2866829281097
2487.712907893716
2474.3085116176426
2460.3265327922804
2447.2130606184646
2433.681931407217
2420.022583480266
2408.4223129340426
2422.582237996368
2408.543491362154
2395.3064156104756
2384.270789229346
2398.377689862433
2383.884087813493
2368.7525426897028
2386.8703977107098
2374.2972038082767
2362.196857843647
2349.3646310265513
2333.8101425217073
2318.9570081182915
2310.3673557301895
2305.721204090683
2306.709058844726
2328.5796443269023
2309.226700090204
2305.90455936534
2302.2629515645704
2297.669715150825
2294.9107397995604
2274.106417597337
2253.3577183292946
2233.297065789551
2213.903904491367
2206.0562972424696
2201.5937249411218
2206.057632735768
2203.329642597096
2200.172825409234
2196.472685951493
2193.8581022307176
2191.965971103595
2190.1597569699184
2187.72451762662
2183.918758709277
2178.113697344192
2176.8469226020266
2178.0713159067423
2185.1244810293438
2189.1337095272647
2178.292581615792
2167.592560878134
2157.3715954042777
2147.716004285474
2138.1452053380335
2140.414474716499
2126.074431973964
2111.4015202365977
2096.8647857927276
2082.44651096301
2068.622707951132
2055.4092175539395
2042.4652409636865
2031.0487433435533
2021.8071016643207
2014.4595947467092
2007.6102165345073
2000.8577584494867
1993.984212510467
1982.874585841423
1971.981669942852
1962.913197071113
1953.6982712224726
1944.4623972406932
1935.495555102099
1926.6435470034914
1919.4868731506176
1912.4622988466206
1904.7715158757867
1895.1017601604128
1885.4287616954907
1875.750041479114
1866.0648544461485
1856.3737126998099
1846.6779837975773
1836.9796018501422
1827.2809202091764
1815.9776202852686
1806.2888971722418
1796.605894996333
1784.2155297709246
1773.835991840428
1763.5161404858686
1750.9508866634283
1739.4989376572908
1728.1145308229443
1716.7996695066831
1705.5563974105812
1694.3868195062591
1683.2931846760669
1672.2781829555302
1661.3459107542044
1651.7435987786628
1642.23135617938
1632.8086291746852
1623.475305023042
1612.0304481982569
1602.882732784906
1593.8292178976776
1582.6865347781147
1573.8279710775928
1565.0681144676894
1555.3623972493187
1544.6427690124206
1536.1925698745251
1525.6897141979057
1517.4509280333616
1509.3202539013168
1499.145977283488
1491.2428512158708
1483.4516932082965
1473.6094404450782
1466.0460355643186
1458.5980550187314
1449.0875347883057
1441.8903746067783
1434.814915075156
1425.6311960949035
1418.7958001482564
1412.078505792881
1403.2180933550085
1396.7346626609992
1390.3659452168215
1384.1113456039038
1375.6685878092185
1369.642491703792
1363.7286926690813
1355.586167207421
1349.8968191158128
1344.3183394066698
1336.4615603272164
1331.066968295468
1325.718584293798
1318.0337813481917
1312.8776021218935
1308.190865685407
1303.2146487388789
1295.8443547865506
1291.038039266235
1284.7788335687694
1278.6356818920508
1272.5716650725246
1265.2575235346605
1259.4180170838972
1255.1527774292304
1249.506192909261
1243.972228324856
1238.498966846347
1233.0836077900053
1227.7266212813604
1222.42895935233
1217.1897719761091
1212.005270287994
1206.7686285752395
1201.4828548275364
1196.5153630514337
1191.6092105433015
1186.7612037361025
1181.9700602249773
1177.2345182886388
1172.5537581861759
0
0
0
6.038765382852865
0
0
