-0.2096554196082565
-0.3153661767780654
-4734294734721629e-37
-4508614386542335e-28
-14996191072226176e-36
-0.03184358025517568
-5845792932472731e-30
-3755067113658395e-30
-4435380492676171e-30
-1
-1647370769365418e-23
-0.688451617127074
-0.47722668687254044
-1
-3621823582014524e-26
-16308179342914582e-33
-25957052476364297e-39
-24970226210912084e-23
-690342858435839e-22
-19410319868414183e-32
-0.7440535958381574
-0.006788372506590028
-36232736181005816e-25
-9881771713161005e-29
-3522761097189848e-20
-0.07680796668486795
-32525293681276066e-21
-0.8196756496538823
-6261061379441495e-21
-16553643289017534e-23
-0.2463572815204564
-0.45105844695008696
-1388689600499039e-20
-0.0011117734962074936
-18127290522917935e-24
-0.00014170054140735626
-0.0001810706757541704
-6527193785373631e-24
-459841846388657e-19
-8028137731996081e-41
-0.7198905146486815
-0.5688661233315236
-32159758877771803e-45
-0.2863008370104011
-3599252548880068e-32
-5705843418724266e-22
-14405135599344447e-28
-4785315815196342e-28
-1
-0.06536569003973758
-22789076296144213e-25
-22980936890744067e-46
-3154523305332634e-24
-6796578426904047e-42
-0.113191970827295
-1
-21578893031703598e-36
-0.0011351737491078345
-12667651411768176e-50
-0.09235402097373971
-5439640079480435e-20
-0.14583009189403706
-0.33060421454222577
-837312018524147e-33
-9827429528375089e-27
-46941680430007617e-36
-37494533059977336e-33
-7955756207020915e-28
-1219921969445763e-21
-14104602124652463e-33
-33369907422371947e-50
-1
-14661453831941984e-31
-0.003661362847381694
-7685803382428676e-42
-0.07301711069822488
-12615920660605045e-25
-40719267411848763e-29
-6902169410906287e-21
-0.06500270923474172
-7881636042688975e-23
-2841102440597474e-21
-0.01292304058044057
-24365459056064146e-32
-39589815948007216e-33
-8004346553370369e-20
-1841485743777171e-30
-10924243297329589e-29
-0.002190281989288365
-25656437131496677e-28
-1936313240559614e-25
-0.25997647079252845
-971901666378841e-21
-7801333780743519e-48
-8931305433542135e-29
-40113910470079795e-21
-1
-213214061814844e-23
-5750174639554186e-29
-1
-0.09788500027264382
-809601715040068e-29
-6542674912326431e-24
-0.0003903229621901203
-303500144402437e-32
-34777071539606336e-24
-0.4268102091918513
-0.0010372574487764199
-16910442965886027e-32
-0.0026117541682099017
-0.1057528575017449
-5743341442107086e-39
-3072900803538559e-38
-53347338742305565e-28
-4659042713298498e-27
-19792994279193655e-23
-1
-14760673861378613e-48
-1
-1
-44081866760878586e-21
-0.12261975293601925
-10139248412466531e-43
-5747824833830583e-40
-5889427710120603e-44
-19368655952635086e-31
-10928056894432065e-29
-0.16710021741363792
-21122239527111385e-33
-36252354150917134e-29
-7475651319127612e-28
-11296904743108992e-26
-34012385201276553e-31
-0.0025399219881490913
-13592170348560219e-21
-11569654174773863e-24
-4153943204220874e-29
-5387725956264959e-23
-9313421382589673e-20
-3008364268657152e-26
-11917743566765058e-24
-0.7275214376376755
-10982888609275313e-26
-0.5248885053124827
-32564304014984722e-25
-0.18948873954883036
-0.001215887306639175
-0.0005036403558637387
-13582655467745637e-29
-162933629756497e-33
-9863511843547104e-29
-48577258672940916e-25
-4252367371267305e-33
-0.00100463766818534
-6007795296752433e-24
-4801482882311647e-20
-4110690138295502e-23
-0.00026559226061929463
-23246448632566486e-54
-16570688370244313e-22
-1993292215150194e-26
-4374031303593486e-36
-9914951113605215e-22
-0.002384083879005641
-0.017471346382867063
-0.4139500208536508
-151587536328626e-19
-0.4900640940588127
-32783289383079036e-25
-12084832284679925e-23
-64967859016189955e-28
-6915157415211425e-29
-0.022564806668852418
-4379127130573485e-23
-22879556026013258e-23
-1844381972905594e-24
-10764784094246917e-24
-6690553697707961e-22
-2351859626413598e-34
-16567985603233473e-28
-0.0016524899873463672
-0.0005777574260355486
-10419413418234393e-24
-27465372847657794e-25
-6023581667837284e-37
-8712409348335578e-26
-0.0008382560604026367
-8659290901696378e-20
-0.0022869339087128304
-0.5413967264651045
-0.001712232095215456
-37891114868011947e-39
-0.014215382724925812
-21397910569775914e-35
-7165494024128797e-24
-6696664083921081e-21
-25350798078774277e-25
-14148210798547958e-39
-0.0001660708963247165
-33487124919378555e-22
-0.37826922980338834
-42677591259300914e-39
-18123259641758121e-42
-3629433845510291e-22
-23225296662976792e-47
-0.003986378930180316
-23587434739903717e-22
-23059612104078894e-29
-0.25055268536296654
-8976085352607554e-29
-17289298971689262e-37
-31464300941642555e-38
-1
-24877421005465055e-38
-3363045946828611e-28
-0.008294412590159835
-0.49993382206419507
-0.03098772329897342
-17970737538851774e-32
-5267939494143924e-38
-3475136303414233e-39
-1880807717478599e-26
-6583062839420815e-21
-3934302877188489e-40
-2871934492316045e-35
-0.0024388126924950546
-69734208527636975e-22
-0.9210014444584398
-2311824420021141e-27
-9458310519623592e-28
-36561471498439344e-51
-0.022620155772484912
-14830908461829008e-38
-13438994601169901e-31
-3558687126104381e-25
-0.001928221597743374
-3009173086469886e-36
-0.005593956741111964
-9742519328114378e-21
-11123199510039076e-32
-10827003790040834e-29
-18132643641031152e-39
-2220407674916372e-20
-0.005598232889715554
-3914920718866529e-35
-2668628341289563e-22
-11301277615512542e-31
-1
-2801889908839118e-21
-1
-780178321518451e-49
-22449571112684783e-31
-42894006125914113e-21
-8814535697342054e-24
-0.19702024349190644
-37207931234177164e-21
-9338352570866287e-44
-2346970027919414e-35
-0.07976199159217273
-18192256807598663e-43
-1
-0.007930323829814769
-2031871254742068e-32
-7889451736302184e-31
-14153453609039101e-30
-1724376877900895e-23
-3412326189488709e-29
-0.2845722649909613
-22160267318126815e-29
-8593373877556434e-24
-1899188927039464e-27
-32775769679900223e-23
-0.7117888086683191
-0.01081040857493789
-30526756884834592e-22
-18096872059414972e-38
-0.054163394724949916
-5886151032733906e-24
-0.014380355915304009
-14332476648617122e-21
-0.017822944885202214
-118444692248542e-28
-0.3334307839870755
-0.016154283529860432
-4113728645663088e-52
-0.37853457195046153
-8916354038183509e-27
