6007.7182890568665
6034.808957177456
6083.144887983154
6070.194991085455
6021.774763078462
6020.802107546058
5882.744886891542
5738.368917532578
5609.435021944245
5487.505459908196
5398.493189383899
5314.158837527725
5229.305708052697
5204.689026751517
5237.85716789289
5265.691741466492
5290.179197009358
5309.083970215942
5288.312697477647
5241.561690563289
5177.246844033425
5093.780205826467
4994.484036065139
4898.405275571168
4804.7112360533265
4678.605324147987
4586.3977384769405
4726.4917785000525
4566.716462877059
4464.185713132588
4394.445963390979
4400.828012715895
4341.931400397711
4285.096214794221
4254.7395804505695
4193.318356877681
4269.227754297558
4347.58543068685
4472.162483409684
4649.40668685237
4703.393622909303
4701.63809014524
4691.49243687367
4701.601076507177
4784.258636715235
4806.345419631375
4821.731549221975
4837.062915355345
4852.267040873945
4867.298333123431
4882.148215620482
4896.831128656653
4898.452599482263
4927.746049229217
4956.887780043522
5004.332949623167
5026.422174606029
5048.206913259663
5071.100219968928
5094.240274792881
5127.232383737687
5148.090597273956
5168.82313031027
5189.400992633244
5206.847118815985
5258.05834362856
5309.907473755838
5349.465856843361
5386.6776981098155
5420.3563206344415
5439.672760704682
5456.661168806351
5479.371835269703
5503.967063767505
5524.514009889426
5543.799564446965
5612.211619183357
5703.631377317924
5776.042049663952
5828.22877151702
5910.914535689197
5934.794889752311
5956.773927748526
5970.966506896771
5972.223115086254
5963.399604200798
5956.6796241599495
5919.956885932125
5873.585387263179
5818.729605004954
5768.028592540213
5707.608241561387
5631.379085206216
5526.589465036141
5413.244968510847
5348.593515076629
5280.864985682879
5217.912835462965
5153.750048913445
5089.721239252786
5002.473526838876
4896.20635778746
4803.7048231498675
4754.2238952044845
4678.770268433936
4602.885347907339
4516.542831447198
4470.807292832836
4430.013344228152
4399.759066057041
4365.493331392425
4349.339311132451
4334.159247515546
4341.483926056703
4353.924235222535
4366.364980319762
4394.017689334356
4377.968275466181
4362.982897238841
4345.481531617846
4330.640383222334
4317.607149234832
4302.939999162809
4290.773257848823
4283.203502387971
4269.118485575907
4253.014623416229
4239.903210063111
4226.711912869691
4213.418346583858
4202.526972552568
4227.018519586362
4211.681735641997
4197.546525626133
4187.980485141288
4212.414710757303
4195.138114455417
4175.7010357798445
4200.924398047342
4185.346621598571
4171.308266487697
4155.369427489299
4131.483708893127
4104.5164941445355
4080.379499104035
4068.3093917132474
4062.0824521126633
4067.0707643053734
4025.9697790067794
4010.055884340069
3994.7289619392996
3981.3564055424017
3968.922316162831
3925.771939010726
3884.0104355688054
3843.7485462197155
3805.100965376304
3785.749341996301
3769.9835590141306
3760.5341066483147
3748.412914460589
3736.5808503872545
3723.4863337099446
3708.5848869168112
3696.2030643013845
3685.9477090074697
3677.450664010137
3669.548802833416
3662.701383821983
3663.7258387523843
3673.3682617440454
3693.5553238414864
3706.464346124873
3683.5179506678833
3660.3504552884106
3637.5511410178838
3614.276602180353
3588.7260243241935
3584.533976564
3560.793025581672
3536.541909965121
3512.197389036327
3488.24630786752
3466.045351702683
3445.345480251556
3425.1288911936017
3406.2548752031207
3389.8926142448404
3376.415263986765
3362.604118835856
3347.4301194117993
3331.8711994465266
3311.868580642545
3293.8034240466754
3281.7855294753044
3269.0253128426475
3256.061922530476
3241.651486673874
3227.476750551351
3216.1151424576556
3203.757579359242
3191.504486803842
3179.297516120978
3167.133564011367
3155.0113344726888
3142.930676333869
3130.8925788178194
3118.899221520549
3106.9538231581037
3095.060231339058
3081.3524678155513
3069.5569251287484
3057.1305240859638
3041.687172272811
3026.2415710109462
3010.9001498249636
2995.644993434873
2982.5554065479787
2969.5528417208934
2956.640382921513
2941.0804881808435
2923.777338584914
2906.613479694926
2889.588999400774
2872.700281812105
2851.756646001982
2831.017028868057
2810.4882983048483
2790.1695657565233
2773.64715119807
2753.724434762904
2734.0090355209954
2718.024469801828
2698.7040426546655
2679.590830291243
2661.7491917265825
2646.4922197565493
2627.9782454667
2611.8891351426096
2592.4904014403514
2573.2666512125925
2557.5251514988445
2538.6241460444307
2519.9599840161204
2504.795763828419
2486.5942911107836
2468.634766155169
2454.09846737873
2436.653486168711
2419.463936113106
2405.385054441906
2388.4407973493617
2371.7361355461967
2358.2126701286256
2341.9637162300423
2325.945006818479
2310.1530777718226
2297.398105917532
2282.0368144124077
2266.8945405104614
2254.6768990196324
2239.9399140787527
2225.370076878168
2213.5767986210135
2199.3553575929004
2185.2840064997276
2173.917093477239
2160.631481317726
2148.0280183956247
2135.4112628448484
2125.3116690639667
2112.96394481866
2104.452892589133
2096.139169213562
2087.914358609558
2077.2622621161754
2069.9517770848774
2059.568675709926
2053.020783088657
2046.777732469913
2040.685189575611
2034.8066697929737
2029.1614619245458
2023.7231958477926
2018.5263135069492
2013.6261740782031
2008.895851318195
2004.2097354987657
2000.0057002777264
1995.9504664363672
1991.9950412174883
1988.144992867929
1984.415621808983
1980.7983748690822
0
0
0
0
0
0
