0
0
0
0
0
0
0
0
0
0
0
0
0
0
0
0
0
0
0
0
0
0
0
0
0
0
0
0
0
0
0
0
0
0
0
0
0
0.03969665884176188
0.025932069059694807
0.015091355375423943
0.007664780780333724
0.004442468140600231
0.009466356928756227
0.03562120844838932
0
0
0
0
0
0
0
0
0
0.11071990217747078
0.10358730203902863
0.09529717480048075
0.08598139849883409
0.07552082026407743
0.07251211020016975
0.05565358869541
0.026811444508170183
0
0
0
0
0
0
0.21816916284676455
0
0
0
0
0
0
0
0
0
1.7923305313099622
0.8580116474230162
1.8757876273548801
1.0189422167248054
1.9813979295868067
2.0086311168858595
1.7521910330272832
1.719346262503307
1.7727562457726744
0.8578072471908215
1.677909240531909
1.7055555663537552
1.9369093845407872
2.1510110391716912
2.206173339479734
1.1471610475100547
2.3902887415303335
2.718949400853195
1.6458176069104375
1.9479994154116813
1.5616594753052042
0.9338426638612348
0.2299790551512164
0.09389140678402041
0.20614205907288063
0.18766245737293105
0.42197231923549605
0.21289264652712525
0.4706091616992207
0.7456971367567741
1.446959858915651
2.495296313251173
2.008394892821015
0.9175925707859945
0
0
0
0
0
0
0
0
0
0
0
0
0
0
0
0
0
0
0
0
0
0
0
0
0
0
0
0
0
0
0
0
0
0
0
0
0
0
0
0
0
0
0
0
0
0
0
0
0
0
0
0
0
0
0
0
0
0
0
0
0
0
0
0
0
0
0
0
0
0
0
0
0
0
0
0
0
0
0
0
0.49524740983459614
0.4416646794191122
0.42139208813884443
0.558503083424839
0.6467064601623739
0.4767398671621306
0.4212239105089687
0.4024579560247654
0.39623909420477554
0.3951545925368047
0.3964283599027285
0.3988047756278372
0.40164753121061036
0.4046253082594271
0.4075714476155595
0.41040820984371496
0.41310310163107655
0.4156463305781566
0.4180412281377467
0.42030026425636313
0.4224409463544798
0.4244826544375926
0.42644327947085614
0.42833844205002886
0.43018161506151253
0.4319825871754176
0.43375073701583244
0.43549234326885555
0.43721431357999563
0.4389244153894877
0.4406357655210962
0.4423784193186745
0.444237777878595
0.44636126848826074
0.44855516303818066
0.450485018762585
0.45216913577556805
0.45369984217397663
0.45513733498782694
0.4565166102198315
0.4578586488162577
0.4591770191286503
0.46048143844974954
0.46178001517408473
0.46307909799594094
0.4643843418165642
0.46570236884652605
0.46704489720532716
0.46844385862887183
0.4699742108556997
0.4716164431941887
0.47317741092215915
0.4745981533049608
0.47592452296494825
0.47720884803527164
0.47851706546804607
0.4799510690304466
0.4814584263858702
0.48289801841041935
0.48427887847572804
0.48562228384971473
0.4869219297997628
0.48817883501521553
0.48939809744421514
0.49058798150181593
0.4917523629589001
0.4928961177828407
0.4940217158817407
0.4951301664776161
0.49622532522679635
0.49732289057235546
0.4984268543763285
0.4994832293989012
0.5004693460681365
0.5014250523866981
0.5335918912114911
0.5537509462949497
0.5487899379743615
0.5368818545156954
0.5234283232615069
0.5110044457030345
0.4997764005375026
0.49089020967534114
0.4866829946976255
0.4688497022159735
0.47317550820896975
0.48501945384093215
0.49993448344306823
0.5169742941998694
0.5424013257166005
0.5680508715265378
0.5877571857229592
0.6101780668760355
0.6389423667758284
0.6681932684072843
0.684404292424795
0.6907309752283818
0.6906482620161265
0.6903821572594577
0.6913339185904207
0.6944982933394515
0.696764985642855
0.6951786361935317
1.5843428679515321
1.5677858124421646
1.8883183151806369
1.534393196084407
2.631372475917846
2.6580822435733085
