6162.443973725978
6248.135231437347
6305.606207415408
6318.706113295542
6299.303725677669
6266.710108477591
6157.192897683354
6036.827296600122
5913.454577583425
5793.840437874921
5706.225841237656
5614.532857461403
5530.448609778092
5494.426213913799
5510.062165890096
5522.690647444471
5532.822431563671
5540.837223085541
5507.585686807318
5447.12446472072
5369.145726518102
5272.815016023535
5160.528398484845
5051.650741648638
4945.271442757042
4809.184105308747
4713.0676866947
4853.5250889055205
4692.723438513476
4585.641505596587
4497.1820186249715
4500.028598928388
4420.759727409982
4343.370643712509
4305.410178583192
4234.599821609118
4331.032656850194
4429.450144629675
4558.713818743129
4738.598818447393
4793.442299107171
4792.548952386427
4783.2636492190795
4794.203623902989
4877.743713545037
4900.831060167807
4917.287119998629
4933.7018783434305
4949.982709235593
4966.071211872745
4981.95442819487
4997.647546133266
5000.259140413714
5031.285344713266
5061.377325905291
5109.7629767245
5132.785346496785
5155.498267965712
5179.3270812857445
5203.396467416012
5237.7509830921645
5259.6171656447
5281.477916382888
5303.318054096752
5321.378648206719
5373.759155879158
5426.514731094484
5468.066996641487
5506.505042993591
5541.589792606644
5563.031406523379
5580.941931999538
5601.768157007067
5623.600589162879
5643.246637118173
5661.543603741748
5730.707296790735
5824.636593867077
5897.636057505239
5952.301033830806
6034.61871777727
6060.339355389178
6082.683938480475
6097.6085612976985
6100.147134298676
6092.160141038975
6085.268299825894
6050.476470292165
6005.167033867797
5954.524571577572
5911.639584537283
5852.274352901964
5775.9446284749965
5671.945916323097
5557.856999587924
5491.865958255308
5425.521613571742
5363.257337618163
5299.258023286805
5235.543927390184
5148.502889160144
5045.320234862532
4957.152027022845
4908.194795978067
4832.476895060746
4756.048267632582
4668.501604548826
4620.731796721613
4576.250853581915
4542.030195984101
4505.466275316814
4488.8866978024735
4473.473589531384
4481.317320775155
4494.633748189671
4507.105356332024
4534.731045341648
4518.65556106558
4503.58232346997
4485.787685755896
4470.756975586435
4457.638830162761
4442.896924321534
4430.772567922195
4422.724941448041
4408.837643680606
4393.147450457929
4380.650717955941
4367.999183909944
4354.718742392122
4340.417549407033
4361.704871657314
4342.596341199968
4323.938214068332
4310.048129165935
4330.275792699291
4308.376487682942
4284.082544938938
4305.169473165663
4285.635524118199
4267.938456835627
4248.237508529511
4220.258164639424
4189.075157856932
4160.969701233552
4146.771703036423
4140.594966761287
4147.687523505171
4106.919167679386
4090.781917231954
4075.2239823718023
4061.1903663881667
4048.214097218078
4005.671287611622
3964.264299374666
3923.9708582087587
3885.0872554976
3865.382329367494
3848.6095676898667
3838.206683619847
3827.0008047744845
3815.064420185954
3802.0908500701908
3787.7610356657915
3776.1151682801296
3766.955962903667
3759.6216177083434
3753.3620917292747
3748.460765209628
3752.0327517949863
3764.346505912323
3784.8733317564993
3798.025742830485
3775.0109816751947
3751.9580824359637
3729.590397703249
3706.7398897741277
3681.586450485852
3677.7810317002204
3654.360147106975
3630.500110528948
3606.4974595147373
3582.9801402877706
3561.39149976015
3541.4152689328234
3521.9656031752147
3503.8156936447094
3488.2135977637868
3475.4317362602706
3462.093658679631
3446.451774050618
3430.3425170785345
3409.1316964503576
3390.1365581909445
3377.58922295815
3364.168706897296
3350.4643559982273
3337.8243357115416
3325.5518015189646
3316.061399016734
3306.620482257113
3297.2752505609797
3287.943267119185
3276.80205137052
3264.2602194783594
3251.7626943541186
3239.3104194720113
3226.9055967248046
3214.5514949119683
3202.252020196671
3188.141250183306
3175.945622210207
3163.119255749405
3147.209168911097
3131.3004120335454
3115.499399729423
3099.7881996968927
3086.246097940255
3072.7945266695565
3059.4365485689164
3043.434599758342
3025.6928398347764
3008.0937958550803
2990.6375483442316
2973.320470742324
2951.9517722645764
2930.7903042141784
2909.8429476490996
2889.108833338731
2872.1742840217444
2851.8426709630767
2831.721597338274
2815.334558986401
2795.614837053615
2776.1054812628645
2757.870821980923
2742.2239215121376
2723.3230779707965
2706.768907306721
2686.902648778488
2667.2148745763247
2651.012736345063
2631.654463005624
2612.536483948083
2596.921933170834
2578.2736147047244
2559.870719925112
2544.894516670867
2527.013028061822
2509.390289910058
2494.8814997018376
2477.5105800024644
2460.3824723771854
2446.4387570485083
2429.7727288012093
2413.340098357838
2397.1373775837574
2383.974718209484
2368.2088167175025
2352.6649831282934
2340.048808776205
2324.9163099902526
2309.953957409255
2297.7710809612113
2283.1629080443213
2268.7076637403998
2256.959666236687
2243.290756333371
2230.3029740668458
2217.3042477992954
2206.8260137153693
2194.1032394601843
2185.2205600511998
2176.5384055268973
2167.948433523975
2156.9321448100845
2149.2610919725166
2138.5197485069402
2131.614883929768
2125.015531288903
2118.5670137900247
2112.331692352258
2106.3288664010583
2100.5330631804686
2094.978446011169
2089.719630780675
2084.629724197282
2079.5848131340035
2075.0241207245067
2070.6153879848475
2066.309590827543
2062.1120638586176
2058.037774921904
2054.0782422088373
1.5843428679515321
1.5677858124421646
1.8883183151806369
1.534393196084407
2.631372475917846
2.6580822435733085
