5.273317116152612
32.73863568845263
27.19999999999709
27.19999999999709
27.19999999999709
27.19999999999709
27.19999999999709
27.19999999999709
27.19999999999709
27.19999999999709
27.19999999999709
27.19999999999709
27.19999999999709
27.19999999999709
27.19999999999709
27.19999999999709
27.19999999999709
27.20000000001164
15.674330565874698
15.279660755215446
14.493918005740852
10.853646954274154
11.25014578428818
11.609978709209827
16.22205507729086
0
0
0
0
0
0
0
0
0
0
0
0
0
0
0
0
0
0
0
0
0
0
0
0
0
0
0
0
0
0
0
0
0
0
0
0
0
0
0
0
0
0
0
0
0
0
0
0
0
0
0
0
0
11.559220148046734
0.008024282913538627
7.277405436267145
0
0
0
0
0
0
0
0
0
0
0
0
0
0
0
16.2242021222919
0
0
0
0
0
0
18.233653561532265
0
0
12.635060052198241
0
0
0
1.4534990746178664
0
0
0
0
0
-6693881005048752e-25
-4656612873077393e-25
-9458744898438454e-25
0
-17025740817189217e-25
-27939677238464355e-25
-4307366907596588e-24
-6664777174592018e-24
-10346411727368832e-24
-1603621058166027e-23
-24811015464365482e-24
-3827153705060482e-23
-5889160092920065e-23
102460035122931e-21
9116774890571833e-23
-8853385224938393e-23
-1344160409644246e-22
7082417141646147e-23
0
-19936123862862587e-23
-29863440431654453e-23
0
15467230696231127e-23
-43709587771445513e-23
-6461195880547166e-22
33326796256005764e-23
0
3260793164372444e-22
32249954529106617e-23
0
5391048034653068e-22
5342153599485755e-22
0
0
0
0
0
0
0
0
0
-17447455320507288e-22
0
2396554918959737e-22
0
0
0
0
0
0
0
0
0
0
0
-7798371370881796e-23
0
0
-1868756953626871e-22
-2493034116923809e-22
0
0
-5830370355397463e-22
0
0
0
0
0
0
0.20167872958700173
0.37727182210073806
0.3823210280825151
0.5175844986224547
0
0
0
1571829488966614e-20
0
0
0
0
0.5952387926663505
0.5860960037680343
0.4673314022948034
0.45748312334762886
0.4498607897257898
0.44449098719633184
0.43653864978114143
0.42854883047402836
0.42057841236237437
0.4126731273718178
0.4048691007483285
0.3971946445526555
0.5284741633804515
0.38231739941693377
0.3751443757500965
0.37309524926240556
0.36137816176051274
0.3547966523474315
0.5122140462335665
0.3422503667534329
0.33628663877607323
0.3305269705306273
0.32496854331111535
0.3196077040338423
0.31444009073311463
0.30946056393440813
0.30466259775857907
0.30003821986611
0.2955843334493693
0.2913007624010788
0.28718328931427095
0.4617175480525475
0.27942417065787595
0.27577093633590266
0.45256123461876996
0.26888850424438715
0.2656482641468756
0.446543038400705
0.4452905204234412
0.25666826918313745
0.44435301405610517
0.23209490420413204
0.22947660149657167
0.45389899209840223
0.22454196044418495
0.22221512410033029
0.45453132898546755
0.2178182813077001
0.2157403621240519
0.4515676165174227
0.21180362132145092
0.20993824294419028
0.44756974453048315
0.20641400404565502
0.2047501274937531
0.44667543240939267
0.20159691893786658
0.20010129653383046
0.19865702121751383
0.4461834579706192
0.1959160511760274
0.1946160113438964
0.44598262397630606
0.1921486459177686
0.19098006146668922
0.45204231039679144
0.18876665622519795
0.18770967501041014
0
0.20555236672225874
0.20457888701639604
0.20363254207768477
0.45317982087726705
0.2018137238919735
0.20093732155510224
0.20007948233978823
0.19923760899109766
0.006240713672013953
0.19727472821250558
0.19586771617468912
0.19432826226693578
0.19278451446734834
0.1913165703008417
0.1899557761498727
0.18870666778821032
0.18756178639887366
0.1865103845775593
0.18554163159569725
0.18464488667086698
0.18380847106163856
0.1829839878482744
0.18215611310733948
0.1813779078074731
0.18064804060850292
0.17995987998438068
0.1793079654162284
0
0
0
0.01947844214504016
27755575615628914e-32
0.018235520469862692
0.017638654466485562
