-16.69999999999709
-16.69999999999709
-16.69999999999709
-16.69999999999709
-16.69999999999709
-16.69999999999709
-16.69999999999709
-16.69999999999709
-16.69999999999709
-16.69999999999709
-16.69999999999709
-16.69999999999709
-16.69999999999709
-16.69999999999709
-16.69999999999709
-16.69999999999709
-10.093266209907597
0
0
0
0
-23.45192031499755
-2.719317137481994
-25.2838422946661
0
0
0
0
0
0
0
0
0
0
0
0
0
0
0
0
0
0
-27.116849485275452
0
0
0
0
0
0
0
0
0
0
0
0
0
0
0
0
0
0
0
0
0
0
0
0
0
0
0
0
0
0
0
0
0
0
-0.24037144740577787
0
0
0
0
-3.3262135543191107
-6.572127405393985
-6.511256963916821
0
0
0
0
0
0
0
0
-4.8541838084493065
-3.9154777546500554
0
0
0
0
0
0
0
-2.6948810282046907
0
0
0
0
-1.30796216064482
0
0
0
0
0
0
0
-989530235528946e-24
0
0
0
0
0
0
0
0
0
0
0
0
0
-8764618542045355e-23
0
-8818460628390312e-23
-13440148904919624e-23
-7204653229564428e-23
0
-19937579054385424e-23
-2986489562317729e-22
0
-15467230696231127e-23
-43709587771445513e-23
-6461195880547166e-22
-333282514475286e-21
0
-32658863347023726e-23
-32295065466314554e-23
-0.4620300116657745
-3671302692964673e-22
0
0
0
0
0
0
0
0
0
0
0
-0.7832799202151364
-13508542906492949e-23
0
0
0
0
0
0
0
0
0
0
0
-7796916179358959e-23
21479936549440026e-22
2163360477425158e-21
-1868756953626871e-22
-24931796360760927e-23
2295608283020556e-21
2384666004218161e-21
-5830370355397463e-22
0
-0.00028432440012693405
-0.0004228942998452112
-0.00041868642438203096
-0.0005531195347430184
-0.045698937712586485
0
0
0
0
-0.33372631795646157
-0.32280690800689626
-0.24304341875540558
0
0
-0.23428508329379838
-0.2224185174854938
-0.2448764094588114
0
0
0
0
0
0
0
0
0
0
0
0
0
0
0
0
0
0
0
0
0
0
0
0
0
0
0
0
0
0
0
0
0
0
0
0
0
0
0
0
0
0
0
0
0
0
0
0
0
0
0
0
0
0
0
0
0
0
0
0
0
0
0
0
0
0
0
0
0
0
0
0
0
0
0
0
0
0
0
0
0
0
0
0
0
0
0
0
0
0
0
0
0
0
0
0
0
0
0
0.01947844214504016
27755575615628914e-32
0.018235520469862692
0.017638654466485562
