248.10746149589374
248.4501526214566
247.24688670472932
244.47298754764722
241.25182338077065
238.22814812702487
235.39632022183332
232.64406873135158
230.62400955149474
228.59350873424546
226.7554249057128
225.0580328644449
223.09191500271544
221.85719546098096
220.30569347388985
218.64057926257345
217.0944372639201
215.54908880290793
213.98786421115688
212.46045690935512
210.9753302866505
209.53036215542545
208.2264601527605
206.95836669545088
205.62468906348562
204.32571145575236
203.0604194920915
201.8278598644368
200.62712149838774
198.9517676794899
197.3063474646989
196.2898992699488
195.30118593016795
194.33941936681157
193.40381193423644
192.49360637198694
214.0003302307589
213.46639316046017
213.66349354445893
213.83824183232073
213.99278611017644
214.12986423286492
214.25307037473033
214.3678313704005
214.49476981082273
214.52658519363928
214.47319905172296
214.3881088683996
214.2835108788618
214.16935581830646
214.04961397509985
213.92419089766045
213.79102762982802
217.0020575079317
216.81215023847176
216.6074450007829
216.38615567443446
216.14673741969395
215.88761788109608
215.60665346744625
217.55266809928779
217.18529911153374
216.74794822339916
216.20860022072904
215.57925089837
214.8874084376404
214.16404884939215
213.4323315290898
212.69368282109613
211.92256205928334
217.9582759109409
217.10016746702192
216.24350873488743
215.3876786268959
214.53637359410138
213.72015788805408
212.94999548257414
212.22322903422193
215.85932201135608
219.24384001270755
218.4377223018289
219.76427888508604
218.9703929834153
218.19454921784006
217.26262756927957
216.34434135471557
215.4535005870094
214.5671264931571
213.6968237047973
212.82951285468624
212.077314653968
211.40593173988316
213.09943096536412
212.85778680077274
212.10482258991422
228.93550916868378
235.19437900390363
219.26850065687037
203.5807791636142
189.1091481168457
173.96949405081114
160.55392594929216
158.50865430166434
156.29111868510236
155.4863024517437
154.52505199075182
152.76216128537467
150.5675735462946
147.44558226398885
142.5902110969572
140.06079297721698
139.23254296644987
138.23128391850028
138.05810572958123
137.76689835171825
137.1681417989471
136.36675204725736
135.45460339664274
134.4964330859232
133.40590433122006
132.5109217370837
131.63465184115583
130.75658840818545
130.10210295899293
129.96719324123526
130.01974164481317
129.9605781583466
129.72601081421502
129.12735752141586
128.65611501038003
128.12200197725895
127.64202377424992
127.1310068545654
126.63569191408637
126.11449381600303
125.50465869340951
124.8213617028503
124.28217134430503
123.77626310341198
123.31502156264418
122.74641738491533
122.3084416977183
121.9045226184547
121.4857150090387
121.02966927317436
120.48935523052918
119.91083619755986
119.38239678038457
118.91435801340181
118.5718858289972
118.26112306634882
117.82443722163268
117.42852144558958
117.14429502453679
116.90869150288756
116.6335344392245
116.31774822373902
115.98709498853465
115.70707460158641
115.27113886356332
114.88027874548217
114.26730431474773
113.58456668670809
112.83228266564012
111.96627248584
110.92059433282081
109.72852106319475
108.45483247648842
107.21929176767843
106.08852518292872
105.06098389645554
104.16237892325891
103.24415695385366
102.1858341257035
100.88634676110323
99.3743898033148
97.62724097548156
95.7362104700706
93.3448204141247
90.97017460747686
88.71563349814103
86.31536085537687
84.36406892303108
83.01443138207593
81.84189763751695
80.60743658347845
79.12119713070341
77.70793301294903
76.53868183493194
75.4494162563194
74.33568670407647
73.14967211028826
72.02539496733279
71.14646701513273
70.51111789841755
69.7942285456375
69.25526951393435
68.77926480219506
68.3289529487924
67.8917426868626
67.46259360650062
67.03922993952047
66.62057777141085
66.2061470259395
65.7957396388922
65.38929813673629
64.98682678803283
64.58835338788299
64.1939115092569
63.80353075304743
63.41722952864995
63.03501082884237
62.65403023075303
62.20735719694684
61.76530251594186
61.32781568026226
60.89484825826992
60.4663511414645
60.04227723415826
59.62257849602663
59.20720602415203
58.796106622983935
58.389213791928256
57.98641751423682
57.58754318802729
57.19265874439517
56.80199747157221
56.41553916211407
56.03319628761013
55.654897392015734
55.28058515513784
54.91020971679202
54.54372447293242
54.18108374325643
53.82224125433334
53.467150728670056
53.11576517153753
52.76803466674457
52.34268741691033
51.91540943533723
51.49208434718801
51.07261039824839
50.65715823206486
50.24585848996603
49.838692486680145
49.43559826038137
49.03649339250571
48.64125841432523
48.24987109582202
47.86238905178926
47.47875845887157
47.09891942679771
46.72284343881917
46.35050238655682
45.981864462755176
45.61689287845349
45.2555536097552
44.89781067869393
44.54362903008902
44.19297448978602
43.84581387754365
43.50211859650496
43.16186004731133
42.825004973210675
42.49151719841436
42.16132090547632
41.83437470657763
41.5420611315151
41.27767889162773
41.020342605005006
40.76466475180183
40.5119776790243
40.26380526611765
40.01279840855844
39.74777271274362
39.58808190667185
39.567035600525124
39.60324001236896
39.633585526437045
39.631727574200255
39.59705000216892
39.546176930890574
39.48963434284204
39.43061545739196
39.37930178703541
39.34774101103365
39.3377201707194
39.34023524120256
39.352179775775284
39.36462589282694
39.377972353291696
39.39388061138079
39.4148781624114
39.44017874870645
0
0
0
0
0
0
