-26.76424522958405
-26.762042755348375
-26.762042755348375
-26.762042755348375
-26.762042755348375
-26.762042755348375
-26.762042755348375
-26.762042755348375
-26.762042755348375
-26.762042755348375
-26.762042755348375
-26.762042755348375
-26.762042755348375
-26.762042755348375
-26.762042755348375
-26.762042755348375
-26.762042755348375
-26.762042755348375
-26.762042755348375
-26.762042755348375
-26.762042755348375
-26.762042755348375
-26.762042755348375
-26.762042755348375
-26.762042755348375
-26.762042755348375
-26.762042755348375
-26.762042755348375
-26.762042755348375
-26.762042755348375
-26.762042755348375
-26.762042755348375
-26.762042755348375
-26.762042755348375
-11.059973295719828
-9.030130425599054
-11.059973295719828
-3.7898686031694524
-3.7898686031694524
0
-4.834705002140254
-4.828493726221495
-0.29244767894851975
0
0
0
0
0
0
0
0
0
-4.195644835635903
0
-3.2892543152556755
-4.85381518752547
-4.828835249951226
-4.804764342829003
-4.776071337502799
-4.94686214766989
-4.736411734571448
-4.695672056579497
-4.65697558222746
-3.444554342131596
-4.58182008600852
-3.463422678600182
-3.455582277936628
-3.321403658905183
-3.4525257875939133
-3.6089835065504303
-3.430194879838382
-3.432883582820068
-3.4334398721839534
-3.43137923249742
-3.4282732605206547
-2.554354360981961
-5.586283510318026
-5.239712563765352
-4.6844836164527806
-4.997924682233133
-3.4207726786698913
-3.165536818516557
-3.326203180185985
-6.572128710176912
-6.511257126316195
-4.287179242644925
-4.601558704918716
-4.898883553847554
-4.9856213339662645
-5.235178522896604
-5.207921262292075
-5.1167529060767265
-4.6773423148697475
-5.421555905864807
-5.329445745286648
-6.551429546583677
-0.06642513412225526
-2.367617003910709
-2.6611169832613086
-3.8043028584652347
-3.385497874682187
-2.9316761146765202
-2.8277006979333237
-3.406569252256304
-1.8504806613636902
-1.7838056619948475
-2.1493594480562024
-1.4140131448511966
-1.2421823219046928
-0.6151249801623635
-0.1507652300351765
0
0
0
0
0
0
0
0
0
0
0
0
0
0
0
0
0
0
0
0
0
0
0
0
0
0
0
0
0
0
0
0
0
0
-0.46202547386928927
0
0
-0.9621350188390352
-1.1800365631934255
-1.1729962389945285
-1.1766846267419169
-1.179617217349005
-1.211777005228214
-0.7327573209477123
-0.7089075420662994
-0.636900807483471
-0.9205043252732139
-0.7832743400940672
0
0
0
0
0
0
-0.20929663590504788
0
-716863723937422e-20
-7832000846974552e-21
-10249917977489531e-21
-0.06588241780991666
-1867991522885859e-20
-0.06424167682416737
-0.06541084618947934
-4505652759689838e-20
-6011169170960784e-20
-0.00010421876504551619
-0.000137007562443614
-0.00014057240332476795
-0.00014425543486140668
-0.00014282006304711103
-0.00014139899576548487
-0.00013999204384163022
-0.00013859907630831003
-0.04528854180534836
-23355125449597836e-21
-2644876076374203e-20
-2232592669315636e-20
-2075931115541607e-20
-8526782039552927e-21
-13418612070381641e-21
-17332917195744812e-21
-9924406185746193e-21
-1009987317956984e-20
0
0
11489028111100197e-22
0
0
0
2424174454063177e-21
2400047378614545e-21
0
0
0
0
-1230509951710701e-22
0
0
2215529093518853e-21
0
0
16245758160948753e-22
0
0
12015225365757942e-22
915315467864275e-21
6993941497057676e-22
5360052455216646e-22
41157181840389967e-23
3171298885717988e-22
2450833562761545e-22
18993159756064415e-23
14761462807655334e-23
0
0
0
0
4336470738053322e-23
0
0
0
0
0
0
0
0
0
-0.038307215145323426
-0.038434901303844526
0
-0.03866095011471771
-0.03876250433677342
0
-0.03894981821940746
-0.03903566859662533
0
-0.039191439136629924
-0.03926110164320562
0
-0.03938309058139566
-0.03943563002394512
0
-0.03952767742157448
-0.03956795629346743
-0.03960442864627112
0
-0.039665617630816996
-0.03969024283287581
0
-0.039727299837977625
-0.03973861246777233
0
-0.039745177011354826
-0.03974456501600798
0
0
0
0
0
0
0
0
0
-0.17781691199343186
0
0
0
0
0
0
0
0
0
0
0
0
0
0
0
0
0
0
0
0
0
-0.08690822207605409
0
-0.009140353926220025
-0.008843945860852496
