38.15436502391822
38.15436502391822
38.15436502391822
35.94004189304542
36.12598272298055
36.12598272298055
36.12598272298055
36.12598272298055
36.12598272298055
36.12598272298055
36.12598272298055
36.12598272298055
36.12598272298055
35.71724858426023
36.12598272298055
36.12598272298055
36.12598272298055
36.12598272298055
36.12598272298055
36.12598272298055
36.12598272298055
36.12598272298055
36.12598272298055
36.12598272298055
36.12598272298055
36.12598272298055
36.12598272298055
36.12598272298055
36.12598272298055
36.12598272298055
36.12598272298055
36.12598272298055
36.12598272298055
36.12598272298055
15.58766290920903
17.462405940925237
15.279006503580604
2.5982797724136617
5.131913183446159
0.4046422497340245
0
0
0
0
0
0
0
0
0
0
0
0
0
0
0
6693881005048752e-25
10477378964424133e-25
18335413187742233e-25
35070115700364113e-25
6999471224844456e-24
14231773093342781e-24
29191141948103905e-24
599247869104147e-22
0
12308009900152683e-23
683940015733242e-24
10331859812140465e-25
17316779121756554e-25
30995579436421394e-25
58353180065751076e-25
577711034566164e-23
11350493878126144e-24
21842424757778645e-24
4215689841657877e-23
0
0
18932041712105274e-24
18044374883174896e-24
2066371962428093e-24
8003553375601768e-25
10913936421275139e-25
14551915228366852e-25
21391315385699272e-25
33905962482094765e-25
5718902684748173e-24
9924406185746193e-24
17593265511095524e-24
314757926389575e-22
0
0
1928128767758608e-23
3392051439732313e-23
0
13023964129388332e-24
22453605197370052e-24
5558831617236137e-24
550062395632267e-23
9094947017729282e-24
9007635526359081e-24
892032403498888e-23
8847564458847046e-24
8760252967476845e-24
28958311304450035e-25
4452886059880257e-24
707223080098629e-23
70140231400728226e-25
25902409106492996e-25
12660166248679161e-25
16589183360338211e-25
16589183360338211e-25
16007106751203537e-25
0
16298145055770874e-25
16152625903487206e-25
16007106751203537e-25
10186340659856796e-25
-27066562324762344e-25
-33032847568392754e-25
-471482053399086e-23
0
-7639755494892597e-24
-1225271262228489e-23
-19441358745098114e-24
-30675437301397324e-24
-48094079829752445e-24
-7507333066314459e-23
-11666270438581705e-23
-1805165084078908e-22
-27826172299683094e-23
0
24354085326194763e-23
-4188477760180831e-22
-6363552529364824e-22
0
5488982424139977e-22
-9443465387448668e-22
-14150282368063927e-22
5113397492095828e-22
0
-2071086782962084e-21
-30618830351158977e-22
0
10809453669935465e-22
10701915016397834e-22
10595249477773905e-22
29648508643731475e-22
0
0
0
0
0
0
0
0
0
0
0
0
0
-15463592717424035e-22
0
0
-11925149010494351e-22
-16432895790785551e-22
-22581079974770546e-22
0
-4228568286634982e-21
0
0
0
0
0
0
0
0
0
0
0
0
0.00014425543486140668
0.00014282007759902626
0.00014139899576548487
0.00013999204384163022
0
0
0
0
0
0
0
0
0
0
1009987317956984e-20
-24484761524945498e-22
-32584648579359055e-23
0
0
0
0
0
0
5803594831377268e-21
0
0
0
0
23513566702604294e-22
23054308257997036e-22
2268556272611022e-21
16939447959885001e-22
16695121303200722e-22
16447302186861634e-22
12413511285558343e-22
12252567103132606e-22
12102536857128143e-22
9218492778018117e-22
7042544893920422e-22
5396141204982996e-22
4146713763475418e-22
31956005841493607e-23
2469751052558422e-22
19138678908348083e-23
14874967746436596e-23
0
0
0
0
0
0
0
21798769012093544e-24
0
0
11059455573558807e-24
8847564458847046e-24
0
573345459997654e-23
0
0
0
0
0
0
0
0
0
0
0
0
0
0
0
0
0
0
0
0
0
0
0
0
0
0
0
0
0
0
0
0
0
0
0
0
0
0
0
0
0
0
0
0
0
0
0
0
0
0
0
0
0
0
0
0
0
0
-0.08690822207605409
0
-0.009140353926220025
-0.008843945860852496
