11894.992443083402
11979.869308577807
11968.82618052195
11959.976805524277
11845.823160055686
11788.848100562176
11642.215737147588
11497.188068518735
11355.942569994326
11076.367889712594
10896.927784927617
10723.544118279166
10508.909949636973
10414.701238042953
10465.8877351206
10524.154333063014
10547.652693244923
10558.353968590884
10536.658579441673
10452.061453353905
10353.44840382361
10240.499585411793
10085.976722000576
9878.605568120483
9651.759213131496
9374.676123753983
9142.76105590108
9389.736534055075
9061.89589611823
8857.08040164112
8656.634048535234
8678.814632498394
8499.87013280066
8325.211536084253
8241.879889158861
8037.647175720328
8200.055256850588
8359.423733257076
8574.478090596902
8986.676414284617
9126.508532799135
9143.081179562863
9153.176445302353
9196.319378999808
9412.265170888193
9477.849885347126
9520.656784705387
9563.177958418513
9605.233063352362
9646.70520894589
9687.565910170219
9727.841736726687
9757.021747079461
9840.671711913828
9919.413207277377
10019.901099520974
10051.814687368375
10082.657174283484
10115.386474977013
10148.195990740242
10203.225992375807
10226.792580186018
10249.197135861301
10256.772571524538
10253.699748399144
10350.923462787609
10450.80941241827
10518.697420533754
10569.130201799524
10610.09026621965
10636.974374442329
10620.000237209097
10617.514443761362
10618.594966519573
10617.598883164812
10614.089000351947
10735.443563117069
10970.691991699934
11070.853149653107
11128.725101613594
11264.160981137307
11273.157256367009
11288.424132227326
11293.763518061623
11282.711564282705
11260.4020777653
11253.41617979355
11203.53192582825
11141.211739442859
11073.146555863017
11025.982546685065
10953.36243296018
10833.80833320919
10700.863464815475
10571.750434823505
10539.925983733774
10440.917938229184
10345.779225218566
10241.195188537687
10131.832631523492
9930.505369596121
9630.476245311167
9475.82071001701
9349.576214897408
9214.295094216033
9088.271847899081
8968.673267344137
8899.942956086934
8841.03491293526
8793.933351874148
8729.660424137906
8701.040370927192
8673.074812458002
8685.028509036068
8707.960391936009
8738.520076251098
8803.198587560131
8763.763329272226
8724.454696937062
8679.197799730298
8641.57581583539
8602.685731894482
8558.530828035891
8516.581514505655
8481.13298121229
8432.8058692023
8380.294302575574
8332.698513644855
8279.176609208427
8224.510593107396
8176.22251170617
8210.235168999818
8152.607490536745
8097.420174070423
8051.887975228276
8078.632443222586
8018.566434847038
7957.4209362914835
8002.838652209107
7957.150172833118
7912.78112404624
7864.657493028282
7807.68774364175
7752.191427861846
7712.117757063307
7698.483163133739
7707.137554569277
7762.955211710667
7692.166045298648
7687.61697258341
7682.6970568499855
7672.03312322409
7667.999409787127
7593.082383988161
7515.7598515161935
7440.949837099091
7368.681381625987
7342.426343478458
7332.200110777856
7350.384883451665
7344.398606419298
7337.033489567688
7327.077887614913
7314.7649514687255
7305.596375360208
7297.036714233246
7285.367471714709
7267.017191202851
7241.728884620307
7227.464299769123
7220.522237180056
7231.531290207032
7233.79318633242
7189.524824553307
7146.089126189377
7103.715647136202
7062.4737583498
7020.085327853075
7026.457841005805
6971.49457983727
6914.8619704460925
6858.608624053326
6802.7157590676625
6748.682702933797
6696.538115587287
6645.209477937048
6598.849526184493
6554.116319018808
6514.942165937707
6477.13502073011
6439.073984117867
6399.613706307562
6347.489453230678
6300.265355428861
6261.9331548183345
6222.809555386035
6183.5271596349285
6145.494667190479
6107.972472961765
6076.526354533347
6044.33504751005
6012.4558759861675
5980.660174969134
5948.939639009394
5917.290621593157
5885.712853255959
5854.208891157504
5822.783699217615
5791.444118049014
5760.198202186581
5726.659127020309
5695.613543064345
5664.633557887721
5630.738511909658
5598.661932540702
5566.7453002802795
5532.869223800059
5501.971992136681
5471.2385143984775
5440.676006181021
5410.291403170111
5380.091315224568
5350.081914175675
5320.268817013254
5290.655852149507
5260.623178410159
5230.874021085902
5201.352241537756
5171.23760165183
5141.032232922534
5111.517152016274
5082.308751508129
5052.972966788318
5024.363325256192
4996.060355020667
4966.3105349588905
4937.9583866678795
4908.686961205855
4877.8508049217
4845.700319728874
4813.821723858582
4783.220381090964
4751.85235208213
4720.864847084838
4691.219078767941
4660.984963357125
4631.141249748734
4602.541350316086
4573.550596046582
4544.977293428357
4517.44159496692
4489.635939748343
4462.217814595029
4435.676136569149
4409.003847745507
4382.704667961982
4356.773626552833
4331.506854364641
4305.82201611223
4280.19235672175
4255.447108094859
4230.484697397196
4205.786374899061
4181.738496380644
4157.629466644765
4133.791741359714
4110.520474007106
4088.1410575021973
4067.1543830531346
4046.005555912075
4025.1189495422077
4004.406835396119
3986.3560773596028
3968.6384107719396
3951.055395803346
3929.183153429309
3912.9576251355247
3894.5367223544367
3879.7992685458084
3865.5958466329384
3851.6860868244585
3838.218247481072
3825.234604009676
3812.6730797611576
3800.611532430572
3789.1781177855337
3778.1732028756514
3767.310276285778
3757.2757649859327
3747.5202981230486
3737.7666411078826
3728.1262761642097
3718.7167182349936
3709.520034839066
0
0
0
0
0
0
