616.8848657130269
610.7989224881406
604.7735354101242
593.5656019352631
587.6595255162299
581.8122155384698
576.0230872671057
570.2915617844908
564.6170659332989
558.9990322592153
553.4368989541917
547.9301098002625
542.4781141139222
537.0803666910618
531.7363277524382
526.4454628897055
521.2072430119669
516.0211442928693
510.886648118221
505.8032410341238
500.770414695634
495.7876658159246
490.8544961159539
485.9704122746416
481.134925879532
476.34755337796105
471.60781602868303
466.91523985401574
462.2693555924313
457.66969865163173
453.11580906208934
448.60723143105196
444.143514896997
439.7242130845534
435.3488840598564
431.01709028635565
426.7283985810666
422.48238007124394
418.27861015149733
414.1166684413348
409.9961387431113
405.9166090004277
401.87767125690976
397.87892161541646
393.919960197651
390.00039110417356
386.11982237480726
382.27786594944644
378.4741376292459
374.70825703820435
370.9798475851252
367.2885364259546
363.63395442650256
360.0157361255204
356.4335196981667
352.8869469198098
349.3756631302189
345.89931719808885
342.45756148592847
339.0500518152989
335.676447432393
332.3364109739627
329.0296084335769
325.7557091282264
322.5143856652529
319.30531390960874
316.1281729514441
312.9826450740152
309.86841572191355
306.78517346960876
303.73260999030555
300.71042002511274
297.7183013525153
294.7559547581527
291.8230840048963
288.919395803227
286.04459978190494
283.1984084589319
280.38053721280494
277.59070425404985
274.82863059704636
272.0940400321273
269.38665909795697
266.706217054186
264.0524458543764
261.42508011919665
258.82385710988336
256.24851670196836
253.69880135926508
251.1744561081132
248.6752285118849
246.20086864573832
243.75112907162426
241.32576481354317
238.9245333330492
236.54719450499294
234.19351059351024
231.86324622824876
229.55616838083003
227.27204634154702
225.01065169629143
222.77175830371547
220.5551422726132
218.36058193953485
216.1878578466181
214.03675271964278
211.90705144630402
209.79854105469963
207.71101069203337
205.64425160352937
203.59805711155607
201.5722225949599
199.56654546860005
197.58082516309366
195.6148631047539
193.66846269573762
191.74142929438221
189.83357019574072
187.94469461231412
186.07461365496974
184.22314031405352
182.39008944068837
180.57527772825935
178.77852369408285
176.99964766125825
175.23847174070002
173.4948198133485
171.7685175125574
170.0593922066584
168.36727298169683
166.69199062433967
165.0333776049553
163.39126806085946
161.76549777972974
160.15590418318283
158.56232631051776
156.98460480261923
155.422581886022
153.8761013571327
152.34500856660927
150.82915040389662
149.3283752819163
147.84253312190455
146.37147533740745
144.9150548234209
143.47312593567926
142.09071631932892
140.67689006925175
139.27713162541278
137.8913010108009
136.51925964119985
135.16087031132952
133.81599718112466
132.48450576215157
131.16626290415883
129.86113678176213
128.56899688126163
127.28971398759033
126.02316017139286
124.76920877623228
123.52773571535981
122.29861420840305
121.08172266478313
119.87693939433152
118.68414391771692
117.50321695439803
116.33404041069414
115.17649736797682
114.03047207097687
112.89584991620981
111.77251744051453
110.66036230970741
109.55927330734856
108.46914032362011
107.38985434431532
106.32130743993666
105.26339275490355
104.21600449686562
103.17903792612434
102.15238934515854
101.13595608825453
100.12963651123948
99.13332998131729
98.14693686700456
97.17035852816797
96.20349730615979
95.24625651405206
94.29854042696789
93.36025427250871
92.43130422127729
91.51159737749437
90.60104176970914
89.69954634160192
88.80702094287886
87.92337632025601
87.04852410853503
86.18237682176553
85.32484784449716
84.47585142311742
83.63530265727685
82.80311749139825
81.9792127062717
81.163505910732
80.35591553341982
79.55636081462448
78.76476179820777
77.98103932360847
77.20511501792589
76.43691128808294
75.6763513130664
74.92335903624506
74.17785915776363
73.4397771270131
72.70903913517527
71.98557210784203
71.26930369770771
70.56016227733453
69.85807693198934
69.16297745255264
68.47479432849718
67.79345874093714
67.11890255574589
66.45105831674287
65.78985923894749
65.13523920190116
64.48713274305452
63.84547505122168
63.210201960098665
62.58124994184703
61.95855610074077
61.3420581668769
60.73169448994829
60.127404033078555
59.52912636671853
58.93680166260283
58.35037068776767
57.76977479862668
57.19495593510725
56.625856614843904
56.06241992743046
55.50458952872856
54.95230963523355
54.40552501849576
53.86418099959793
53.32822344368703
52.79759875456085
52.272253869308216
51.75213625300295
51.23719389344982
50.72737529598388
50.22262947832051
49.72290596545733
49.2281547846265
48.738326460297785
48.25337200923048
47.77324293557542
47.29789122602505
46.827269345012354
46.361330229956984
45.900027286559165
45.443314384140194
44.99114585102918
44.543476469996
44.1002614737295
43.661456540360774
43.22701778903068
42.79690177550218
42.3710654878154
41.949466341986756
41.532062177750284
41.1188112543418
40.7096722463245
40.3046042394567
39.90356672660011
39.50651960366927
39.11342316562101
38.72423810248395
38.33892549542744
37.95744681286968
37.579763906624514
37.20583900808658
36.83563472445443
36.4691140349912
36.106240287322485
35.74697719377114
35.391288827728424
35.039139620061306
34.69049435555559
34.34531816939425
34.00357654367108
33.665235303938665
33.33026061579108
32.998618981480405
32.670277236566804
0
0
0
0
0
0
