0
0
0
0
0
0
0
0
0
0
0
0
0
0
0
0
0
0
0
0
0
-3552713678800501e-30
0
-11102230246251565e-32
0
0
0
0
0
0
0
0
-5888518839203272e-30
-3552713678800501e-30
0
-6245530869219788e-30
-4440892098500626e-30
-4440892098500626e-31
-8881784197001252e-31
-9353628982466944e-30
7105427357601002e-30
19539925233402755e-30
0
-19539925233402755e-30
-32566542055671257e-31
7697546304067751e-30
-32566542055671257e-31
2694141206423713e-29
65133084111342514e-31
5625129991434126e-30
14802973661668755e-31
26645352591003757e-31
11368683772161604e-30
12079226507921703e-30
-3907985046680551e-30
4263256414560601e-30
17763568394002505e-31
7460698725481052e-30
-4973799150320701e-30
-8526512829121202e-30
3730349362740526e-30
-14210854715202005e-31
4263256414560601e-30
14210854715202004e-30
-9473903143468002e-30
-9473903143468002e-30
-9473903143468002e-30
9473903143468002e-30
-18947806286936004e-30
-9473903143468002e-30
-14210854715202004e-30
-10658141036401503e-30
-3552713678800501e-30
-10658141036401503e-30
-14210854715202004e-30
184467825630026e-28
-3416070845000481e-30
7105427357601002e-30
-8881784197001252e-30
682121026329696e-29
-10658141036401503e-30
0
7105427357601001e-30
-4440892098500625e-30
3404683942183813e-29
14210854715202004e-30
17763568394002505e-31
2842170943040401e-29
-3552713678800501e-29
47073456244106625e-30
7371880883511038e-29
-3552713678800507e-30
0
7105427357601002e-30
8881784197001252e-30
3857231994126257e-29
0
-7105427357601002e-30
-7105427357601002e-30
6394884621840902e-29
2398081733190338e-29
-7549516567451064e-30
-13322676295501878e-31
0
4191091917959966e-30
7993605777301127e-30
-10855514018557081e-31
8881784197001252e-31
-17763568394002505e-31
2220446049250313e-31
0
0
0
0
0
0
0
0
0
0
0
0
0
0
0
0
0
0
0
0
0
0
0
0
0
0
0
0
0
0
0
0
0
0
0
0
0
0
0
0
0
0
0
0
0
0
0
0
0
0
0
0
0
0
0
0
0
0
0
0
0
0
0
0
0
0
0
0
0
0
0
0
0
0
0
0
0
2220446049250313e-31
0
0
0
0
0
0
0
0
0
0
0
0
3410060347055982e-34
3410060347055982e-34
0
0
0
0
0
0
0
3410060347055982e-34
0
0
-9267483428860356e-35
0
0
-9267483428860356e-35
0
0
0
0
0
0
0
0
0
0
0
0
15745382959946882e-36
0
0
15745382959946882e-36
0
0
-11359671352190729e-36
-11359671352190729e-36
0
21928558038780764e-37
0
0
0
0
0
0
0
0
0
0
0
0
0
0
0
0
0
0
0
0
0
0
0
0
0
0
0
-15655879370690684e-32
0
0
0
22333876538931747e-39
0
0
0
0
0
0
0
0
0
0
0
0
0
0
0
0
0
0
0
0
0
0
0
0
-9999999999999999e-25
-9999999999999999e-25
0
0
-9999999925347502e-25
-6938893903907228e-33
