2448.893539453025
2486.157011844412
2531.8584080736923
2554.1169681999672
2554.7741853285766
2549.233072777964
2514.7935544416587
2465.0907613547756
2414.8985213260603
2368.1641068495364
2335.0560913942454
2307.3758825265963
2277.874902383325
2281.474479293008
2307.963220340053
2326.957077410568
2339.378339137045
2350.5358608446795
2350.9044882925264
2346.0968445717044
2332.862084575083
2301.1478546412295
2266.750049096424
2233.6353986088816
2201.392366039254
2145.8765277588695
2114.1281960533984
2174.4560381255687
2110.544883848367
2063.875584708271
2031.601877622564
2023.526678033964
1979.622004182951
1926.465266790502
1901.4727219547472
1868.5250804451712
1918.0731536872847
1960.4136587229693
2012.6817361902577
2086.0921722069506
2111.121915832122
2122.7763100875363
2134.017031145209
2146.2199047944437
2185.619747054857
2200.0700100363797
2212.7967980837034
2225.5346201242687
2238.226904055041
2250.8366403723
2263.3519678568223
2275.776862088551
2284.8343377435185
2304.321179323522
2321.5285876504336
2346.465122004105
2362.4930957647352
2376.863901209736
2391.2904203881085
2405.211043613576
2421.8118050503167
2434.169576112629
2446.6681388661195
2459.2543074618684
2470.639982286597
2495.8273288553382
2520.4518020091596
2539.038292872579
2555.4706238757153
2570.822115910358
2580.3930514411827
2591.237368243049
2604.6307353289976
2618.722195212528
2632.2847716203955
2645.1935121999536
2678.1529916879786
2703.9722397821297
2738.318029143137
2764.1662252366145
2804.8596427213624
2817.228492284593
2829.9544501055548
2838.5608314105634
2840.2113447895176
2835.6928082256645
2829.2464513549917
2808.303146579568
2780.982578437279
2750.295652027647
2722.5917358028496
2690.462365339426
2648.4457406598676
2589.4079904350474
2524.1881835958634
2470.2033071281403
2414.962121275568
2365.7432408490818
2316.8255041183365
2269.3135856349195
2213.3549649015195
2151.3851590316385
2101.428734989532
2054.139414534483
2003.8371212568902
1955.044908655333
1908.4735819510106
1870.8396633284333
1835.6470377652438
1806.6146101781533
1784.5088439552615
1775.7574153948465
1768.944333774981
1770.7167744088201
1774.2980106750724
1777.6275998606961
1786.367624609648
1780.6431194575496
1775.361891013768
1768.900847236022
1763.5864153013931
1759.1867751348623
1754.1972643686925
1750.2178736663088
1748.0833609597714
1743.379197905807
1737.8594960802159
1733.617171303168
1729.286875524819
1724.8529649464695
1721.079245677804
1728.698112967716
1722.7739360889482
1717.4155633571452
1713.696052392814
1721.1340125871336
1714.1146272138067
1706.3652125939213
1713.480935921631
1708.0596264745689
1703.1447623819836
1697.4057166398152
1688.4835410544606
1678.6395741922056
1667.90576754523
1662.5581253707473
1660.0771893733315
1660.6505846326863
1647.4956740521743
1643.8518692728474
1640.2234962739583
1636.1076640201234
1632.6124512967456
1619.2953167434866
1606.5822221836181
1594.5866941255329
1583.2227702584178
1577.9550170854152
1573.603534648684
1571.2608954468672
1567.9193138519795
1564.5070455248763
1561.0805568938151
1557.19624001691
1554.3511130859479
1552.5052851935102
1551.7687916787777
1552.2124803798454
1555.2263055202225
1562.4454390749672
1576.5105548787276
1594.7992692374344
1608.0177919439984
1599.4101249578762
1590.2752867385261
1581.416389306537
1572.1613948756512
1561.689763765788
1557.6515702096822
1546.9642342586926
1536.2505780018948
1525.3093464783465
1514.7099870504367
1504.5656092003214
1494.1630396289693
1484.0876717977858
1474.407971094158
1465.0884369752378
1456.9568791042643
1448.1753369538774
1437.0310348391376
1425.5956305415882
1412.2615014642279
1401.5489550562995
1395.617094082206
1389.1421928723967
1382.5344767112958
1376.574350989945
1370.8391073815221
1366.0585842962766
1360.8543698908625
1355.6957656792508
1350.558064310661
1345.4390554531112
1340.3376143902776
1335.2532520597442
1330.186164601709
1325.1373160277906
1318.914007067693
1310.349084629715
1303.319824128023
1294.856320644578
1286.4170168277726
1278.7758404682554
1269.5904604272532
1260.4763211474547
1252.861053074813
1244.9885709911923
1237.1788503788575
1229.4320521430818
1221.7480534470694
1214.126342115521
1206.5656544724795
1199.0104305276952
1191.4723424535691
1182.9685152127984
1174.5548576187257
1166.2363153138772
1158.0099038673964
1151.0528891913145
1142.9921998851198
1135.01522585624
1128.2667480773794
1120.4421820552013
1112.6953703222014
1105.1795175754853
1098.6866694316282
1091.1505481711279
1083.7624452482291
1075.270626480385
1066.8220414506827
1059.4441529661453
1051.0599107567448
1042.7624589447253
1035.5735504497695
1027.4439333336236
1019.4020272031107
1012.4398224706998
1004.5924275953587
996.8399291615132
990.0567866814179
982.3942438297221
974.816345108849
968.2284352358306
960.8102248668806
953.4730337007638
946.2153192812498
939.8958972164007
932.7874629671426
925.7562638407885
919.626124340461
912.7327419251521
905.8807938249656
899.8696921119041
893.1543634491171
886.5291955594626
880.7518552457884
874.6195728483693
868.8181109075023
863.0926977162571
858.1321751227874
852.4920446281988
847.7994536348473
843.1728071873293
838.5577223010831
833.3078440639938
829.2331594560897
824.5687258111099
820.9611911721548
817.4928564920287
814.1137237009955
810.8818942429564
807.8132782348268
804.8830468222002
802.1216859706595
799.5809939008811
797.2483319777871
795.0105237921646
792.9107805580761
790.8914317299815
788.9169003105837
786.9938079649073
785.1370802664924
783.340305153563
-9999999999999999e-25
-9999999999999999e-25
0
0
-9999999925347502e-25
-6938893903907228e-33
