6007.7182890568665
6034.808957177458
6083.14488798316
6070.194991085457
6016.646054977848
6009.572091051608
5868.022757975669
5720.900194934636
5589.002513528835
5465.656104122572
5374.755365292019
5288.717072109925
5202.2498669969045
5176.453129335004
5208.306224744554
5234.991795217193
5258.577798980903
5276.113951861859
5254.612265304228
5207.225749153173
5142.369903510981
5059.4397615098405
4960.048316195374
4863.802382286252
4770.073161311142
4643.462284555387
4549.983945943387
4690.254297042549
4530.705293672149
4428.045570174449
4358.314948204086
4365.2589361088785
4306.942512269425
4250.714617109449
4221.000815212211
4160.257425047033
4246.280230943569
4338.829960232381
4468.5677041924655
4649.406686852363
4703.393622908299
4701.638090144274
4691.492436873667
4701.601076507178
4784.258636713588
4806.345419629732
4821.731549220331
4837.062915353701
4852.2670408723025
4867.298333121786
4882.148215618846
4896.831128656656
4898.452599480642
4927.746049229212
4956.887780043507
5004.332949623161
5026.422174606019
5048.2069132596525
5071.100219968917
5094.240274792891
5127.232383737682
5148.090597273949
5168.82313031026
5189.400992633237
5206.847118815971
5258.058343628819
5309.907473756061
5349.465856842326
5386.677698110058
5420.356320630582
5439.672760701641
5456.661168805245
5479.371835267583
5503.967063765429
5524.514009887349
5543.799564445174
5612.211619182353
5703.631377316922
5776.0420496639335
5828.228771517048
5910.914535689203
5934.794889752353
5956.773927750609
5970.966506896743
5972.22311508526
5963.399604202868
5956.679624162031
5919.956885934206
5873.585387265253
5818.729605006132
5768.028592540208
5707.608241563529
5631.379085206215
5526.58946503829
5413.244968513009
5348.593515077754
5280.86498568503
5217.912835462946
5153.750048912455
5089.721239254941
5002.473526838875
4896.206357787448
4803.704823149867
4754.223895204502
4678.770268433917
4602.88534790734
4516.542831447209
4470.807292832835
4430.013344230407
4399.759066059296
4365.493331392423
4349.339311132459
4334.159247517214
4341.483926055199
4353.924235224695
4366.364980319748
4394.017689334362
4377.968275466191
4362.982897237845
4345.481531620001
4330.640383222312
4317.607149234825
4302.939999164989
4290.773257850987
4283.20350238798
4269.118485575909
4253.01462341623
4239.903210064114
4226.711912869689
4213.41834658486
4202.526972553575
4227.018519587369
4211.681735643004
4197.546525627034
4187.9804851422905
4212.414710758804
4195.1381144569195
4175.701035782987
4200.924398047072
4185.34662160199
4171.30826649113
4155.3694274890295
4131.483708893137
4104.516494147173
4080.3794991047116
4068.3093917156325
4062.082452112825
4067.0707643053656
4025.9697790069413
4010.055884340244
3994.7289619415506
3981.3564055428483
3968.922316166414
3925.7719390110533
3884.0104355667154
3843.748546217626
3805.1009653741994
3785.7493419953007
3769.9835590131233
3760.534106648312
3748.412914460589
3736.580850387251
3723.48633370803
3708.5848869138927
3696.203064301392
3685.9477090074633
3677.4506640080585
3669.5488028322216
3662.7013838260623
3663.725838751214
3673.3682617437807
3693.5553238402135
3706.464346124718
3683.51795066773
3660.350455288416
3637.551141016797
3614.2766021803527
3588.7260243240235
3584.533976564171
3560.7930255835804
3536.5419099662936
3512.197389039903
3488.24630787026
3466.045351705432
3445.345480254974
3425.1288911946867
3406.254875190796
3389.8926142419396
3376.4152639876143
3362.6041188360227
3347.4301194127993
3331.8711994474415
3311.868580644298
3293.803424045373
3281.785529477222
3269.0253128445647
3256.0619225332266
3241.651486671884
3227.4767505493614
3216.1151424571344
3203.7575793527108
3191.504486797312
3179.2975161209765
3167.133564010365
3155.0113344716865
3142.9306763328696
3130.8925788168194
3118.899221519549
3106.9538231577685
3095.060231338225
3081.352467815049
3069.5569251282514
3057.1305240832216
3041.6871722740184
3026.2415710113223
3010.9001498227117
2995.6449934339607
2982.5554065453543
2969.552841718268
2956.6403829188885
2941.080488177428
2923.7773385829123
2906.6134796951724
2889.588999401021
2872.7002818123506
2851.756646001977
2831.0170288680533
2810.4882983048446
2790.16956575452
2773.647151198066
2753.7244347628994
2734.009035518993
2718.024469801824
2698.7040426546628
2679.5908302912408
2661.749191728579
2646.4922197565443
2627.9782454666956
2611.889135143649
2592.490401441389
2573.266651211924
2557.5251514982106
2538.6241460437955
2519.95998401612
2504.7957638277826
2486.5942911101483
2468.6347661544937
2454.098467379764
2436.6534861697533
2419.4639361130958
2405.3850544429474
2388.4407973484363
2371.736135547196
2358.212670126
2341.9637162290805
2325.9450068175233
2310.153077771821
2297.3981059158655
2282.0368144117406
2266.894540509461
2254.6768990176333
2239.9399140760866
2225.3700768791687
2213.5767986183473
2199.3553575919004
2185.284006497202
2173.9170934792437
2160.6314813177214
2148.028018395622
2135.4112628448497
2125.3116690639645
2112.9639448186604
2104.4528925891314
2096.139169213561
2087.9143586112245
2077.262262115503
2069.951777082211
2059.5686757092585
2053.020783087985
2046.777732470241
2040.6851895759396
2034.8066697933023
2029.161461924875
2023.7231958481213
2018.5263135072785
2013.626174078532
2008.8958513185228
2004.2097354990935
2000.0057002780536
1995.9504664366941
1991.9950412174812
1988.1449928679222
1984.4156218089765
1980.7983748690806
0
0
0
0
0
0
