41.08967276611821
47.9367082541593
53.83671335829803
59.58264290635284
66.58762870975607
74.64401660002764
83.04973345842726
91.43239586069498
99.69414146262923
107.83715430704531
115.88542900026296
123.8628815845573
131.7886968841929
139.6773168656164
147.5395046672588
155.38341421320717
163.2153993919107
171.0405609778323
178.86309681158573
186.6865217694418
194.51380782798748
202.347477251255
210.18966794263005
218.04218179250904
225.90652114079114
233.78391733812097
241.67535332672753
249.58157963307002
257.5031193398051
265.4402860179907
273.3932454918072
281.36197101147104
289.3461977733131
297.3454471405305
305.35934156549445
313.38754068399726
321.42950202387135
329.4845829758684
337.5520704549867
345.63120357419734
353.72118518404443
361.8211893834975
369.9303591434092
378.04777562644597
386.17239951024544
394.30364513568753
402.44241104694174
410.58845781161114
418.7411934027113
426.899849009136
435.06356603922836
443.2314639555434
451.4026708180419
459.5763280770736
467.7515821345092
475.9275701122913
484.10340290578756
492.27814598683403
500.4507963741373
508.62025215454196
516.785264602639
524.9443148480632
533.0951245299607
541.234235995767
549.3582020605902
557.4640545477234
565.5486187858996
573.6086379005133
581.6403024549118
589.6389584443602
597.599808679706
605.5179071509245
613.3872290005565
621.1998475086419
628.9451683436487
636.6085182479486
644.1691046435449
651.5974112022822
658.8506396319722
665.8619125588796
672.5135165983424
678.559756657926
683.3167950999195
684.6254398212956
681.3205663385327
674.5026925637051
663.02739115179
645.23141645626
622.9675949697069
598.7926598711883
574.0849280696187
549.2643579687573
524.4204043839553
483.17192999416943
441.3884765078373
400.70095427237794
361.1143113795091
322.5590266930328
285.3833599599636
250.15032013433353
217.11352650148382
186.39536394361085
157.81912209129723
130.84695539030878
105.09561922734599
80.50426566878798
57.284316551812054
35.98793283409611
17.985498816736992
6.070139041254353
1.124899386687444
0.12451719271768333
0.01702755354998642
0.0029370795234743585
0.000539527758111979
0.00010077834637641116
18969791149520944e-21
3591352117686741e-21
6830808700160533e-22
1303934596843709e-22
24970008327166228e-24
24970008327166228e-24
24970008327166228e-24
24970008327166228e-24
24970008327166228e-24
24970008327166228e-24
24970008327166228e-24
24970008327166228e-24
24970008327166228e-24
24970008327166228e-24
24970008327166228e-24
24970008327166228e-24
24970008327166228e-24
24970008327166228e-24
24970008327166228e-24
24970008327166228e-24
24970008327166228e-24
24970008327166228e-24
24970008327166228e-24
24970008327166228e-24
24970008327166228e-24
24970008327166228e-24
24970008327166228e-24
24970008327166228e-24
24970008327166228e-24
24970008327166228e-24
24970008327166228e-24
24970008327166228e-24
24970008327166228e-24
24970008327166228e-24
24970008327166228e-24
24970008327166228e-24
24970008327166228e-24
24970008327166228e-24
24970008327166228e-24
24970008327166228e-24
24970008327166228e-24
24970008327166228e-24
24970008327166228e-24
24970008327166228e-24
24970008327166228e-24
24970008327166228e-24
24970008327166228e-24
24970008327166228e-24
24970008327166228e-24
24970008327166228e-24
24970008327166228e-24
24970008327166228e-24
24970008327166228e-24
24970008327166228e-24
24970008327166228e-24
24970008327166228e-24
24970008327166228e-24
24970008327166228e-24
24970008327166228e-24
24970008327166228e-24
24970008327166228e-24
24970008327166228e-24
24970008327166228e-24
24970008327166228e-24
24970008327166228e-24
24970008327166228e-24
24970008327166228e-24
24970008327166228e-24
24970008327166228e-24
24970008327166228e-24
24970008327166228e-24
24970008327166228e-24
24970008327166228e-24
24970008327166228e-24
24970008327166228e-24
24970008327166228e-24
24970008327166228e-24
24970008327166228e-24
24970008327166228e-24
24970008327166228e-24
24970008327166228e-24
24970008327166228e-24
24970008327166228e-24
24970008327166228e-24
24970008327166228e-24
24970008327166228e-24
24970008327166228e-24
24970008327166228e-24
24970008327166228e-24
24970008327166228e-24
24970008327166228e-24
24970008327166228e-24
24970008327166228e-24
24970008327166228e-24
24970008327166228e-24
24970008327166228e-24
24970008327166228e-24
24970008327166228e-24
24970008327166228e-24
24970008327166228e-24
24970008327166228e-24
24970008327166228e-24
24970008327166228e-24
24970008327166228e-24
24970008327166228e-24
24970008327166228e-24
24970008327166228e-24
24970008327166228e-24
24970008327166228e-24
24970008327166228e-24
24970008327166228e-24
24970008327166228e-24
24970008327166228e-24
24970008327166228e-24
24970008327166228e-24
24970008327166228e-24
24970008327166228e-24
24970008327166228e-24
24970008327166228e-24
24970008327166228e-24
24970008327166228e-24
24970008327166228e-24
24970008327166228e-24
24970008327166228e-24
24970008327166228e-24
24970008327166228e-24
24970008327166228e-24
24970008327166228e-24
24970008327166228e-24
24970008327166228e-24
24970008327166228e-24
24970008327166228e-24
24970008327166228e-24
24970008327166228e-24
24970008327166228e-24
24970008327166228e-24
24970008327166228e-24
24970008327166228e-24
24970008327166228e-24
24970008327166228e-24
24970008327166228e-24
24970008327166228e-24
24970008327166228e-24
24970008327166228e-24
24970008327166228e-24
24970008327166228e-24
24970008327166228e-24
24970008327166228e-24
24970008327166228e-24
24970008327166228e-24
24970008327166228e-24
24970008327166228e-24
24970008327166228e-24
24970008327166228e-24
24970008327166228e-24
24970008327166228e-24
24970008327166228e-24
24970008327166228e-24
24970008327166228e-24
24970008327166228e-24
24970008327166228e-24
24970008327166228e-24
24970008327166228e-24
24970008327166228e-24
24970008327166228e-24
24970008327166228e-24
24970008327166228e-24
24970008327166228e-24
24970008327166228e-24
24970008327166228e-24
24970008327166228e-24
24970008327166228e-24
0
0
0
0
0
0
0
0
0
0
0
0
