33.623898227502025
33.59912793666311
33.18757922986748
32.10954050300287
31.44272942538464
31.403838534728123
31.648895797963657
31.9301864707775
32.16648902794219
32.34966454470438
32.48936349693424
32.59660065237142
32.68011837797822
32.74611599434216
32.798789354987434
32.840941189004624
32.8744650425545
32.90068208872193
32.92055954428896
32.93484590030502
32.94415207786018
32.948999334254836
32.949847636967526
32.94711316215918
32.94117864045312
32.932399529748224
32.921109023606476
32.90762479931751
32.89226189208598
32.87525298572264
32.85686109649326
32.837358164180245
32.81708658316445
32.79608008868777
32.77433652885442
32.75211712667634
32.72958251925997
32.7068646462017
32.68406993114148
32.66128971198374
32.63860229962246
32.616078617533624
32.59379536790128
32.57188503973012
32.550466783399294
32.52775185888765
32.50479919195258
32.48192556062223
32.4592879603261
32.436968376777756
32.41498334047142
32.393314549273455
32.371931228103165
32.35080198891041
32.32990000337283
32.30920527501163
32.28870634971203
32.268403650282806
32.24831722454377
32.22850812132806
32.2091472754458
32.190732160321474
32.174143526439096
32.159384023773875
32.14578146515057
32.13318102653524
32.12127690841789
32.110264907793635
32.10079968077311
32.09261378382958
32.085134633696754
32.07831522637278
32.07248525328159
32.06838634209163
32.06748124954879
32.07191207656487
32.08427106514177
32.107903274671486
32.148592979261174
32.21847852596385
32.344815602505484
32.600486285075156
33.2519273935551
35.16912842093019
36.93484456754988
37.931185301348364
40.2029701191907
42.64471857987128
43.61974762072128
43.77930302821161
43.48442182227369
43.11228384660356
42.60630242631251
41.783453486331965
40.68752223545955
39.58664289286893
38.55528468647626
37.17566673306878
35.23303982563075
33.03679363284982
30.718162557872386
28.576241852313593
26.972166700988573
25.751336162962687
24.591353558558115
23.21994911697585
21.29638371771599
18.002434017359136
11.915359775482639
4.945239654566909
1.0003821939697606
0.10748963916769691
0.014090474026512059
0.0023975517653623797
0.0004387494117355679
8180855522689021e-20
15378439031834204e-21
29082712476706876e-22
5526874103316824e-22
10542345135720467e-23
0
0
0
0
0
0
0
0
0
0
0
0
0
0
0
0
0
0
0
0
0
0
0
0
0
0
0
0
0
0
0
0
0
0
0
0
0
0
0
0
0
0
0
0
0
0
0
0
0
0
0
0
0
0
0
0
0
0
0
0
0
0
0
0
0
0
0
0
0
0
0
0
0
0
0
0
0
0
0
0
0
0
0
0
0
0
0
0
0
0
0
0
0
0
0
0
0
0
0
0
0
0
0
0
0
0
0
0
0
0
0
0
0
0
0
0
0
0
0
0
0
0
0
0
0
0
0
0
0
0
0
0
0
0
0
0
0
0
0
0
0
0
0
0
0
0
0
0
0
0
0
0
0
0
0
0
0
0
0
0
0
0
0
0
0
0
0
0
0
0
0
0
0
0
0
0
0
0
0
0
