1e5
1e5
1e5
1e5
1e5
1e5
1e5
1e5
1e5
1e5
1e5
1e5
1e5
1e5
1e5
1e5
1e5
1e5
1e5
1e5
1e5
1e5
1e5
1e5
1e5
1e5
1e5
1e5
1e5
1e5
1e5
1e5
1e5
1e5
1e5
1e5
1e5
1e5
1e5
1e5
1e5
1e5
1e5
1e5
1e5
1e5
1e5
1e5
1e5
1e5
1e5
1e5
1e5
1e5
1e5
1e5
1e5
1e5
1e5
1e5
1e5
1e5
1e5
1e5
1e5
1e5
1e5
1e5
1e5
1e5
1e5
1e5
1e5
1e5
1e5
1e5
1e5
1e5
1e5
1e5
1e5
1e5
1e5
1e5
1e5
1e5
1e5
1e5
1e5
1e5
1e5
1e5
1e5
1e5
1e5
1e5
1e5
1e5
1e5
1e5
1e5
1e5
1e5
1e5
1e5
1e5
1e5
1e5
1e5
1e5
1e5
1e5
1e5
1e5
1e5
1e5
1e5
1e5
1e5
1e5
1e5
1e5
1e5
1e5
1e5
1e5
1e5
1e5
1e5
1e5
1e5
1e5
1e5
1e5
1e5
1e5
1e5
1e5
1e5
1e5
1e5
1e5
1e5
1e5
1e5
1e5
1e5
1e5
1e5
1e5
1e5
1e5
1e5
1e5
1e5
1e5
1e5
1e5
1e5
1e5
1e5
1e5
1e5
1e5
1e5
1e5
1e5
1e5
1e5
1e5
1e5
1e5
1e5
1e5
1e5
1e5
1e5
1e5
1e5
1e5
1e5
1e5
1e5
1e5
1e5
1e5
1e5
1e5
1e5
1e5
1e5
1e5
1e5
1e5
1e5
1e5
1e5
1e5
1e5
1e5
1e5
1e5
1e5
1e5
1e5
1e5
1e5
1e5
1e5
1e5
1e5
1e5
1e5
1e5
1e5
1e5
1e5
1e5
1e5
1e5
1e5
1e5
1e5
1e5
1e5
1e5
1e5
1e5
1e5
1e5
1e5
1e5
1e5
1e5
1e5
1e5
1e5
1e5
1e5
1e5
1e5
1e5
1e5
1e5
1e5
1e5
1e5
1e5
1e5
1e5
1e5
1e5
1e5
1e5
1e5
1e5
1e5
1e5
1e5
1e5
1e5
1e5
1e5
1e5
1e5
1e5
1e5
1e5
1e5
1e5
1e5
1e5
1e5
1e5
1e5
1e5
1e5
1e5
1e5
1e5
1e5
1e5
1e5
1e5
1e5
1e5
1e5
1e5
1e5
1e5
1e5
1e5
1e5
1e5
0.09456428066516098
0.09421244838315646
0.09385396851072292
0.09349799733460584
0.09313271204387452
0.09276724653960033
