0
0
253.23544236726113
0.36802847850911957
36.18990567389573
145.12764333202287
0
0
0
0
100.637145679377
120.19288708629996
0
0
0
66.25336265255078
0
0
0
0
28536.805737272836
0
0
0
0
0
0
0
0
0
0
0
0
0
0
64105.23920525383
0
0
0
0
0
0
0
1.8066730925682044
0
1069.0463586644244
0
844.2226479349656
0
8541871074126776e-30
0
0
0
485.58833493695766
3.100250458509367
3326681.719907593
0
0
0
44885632714564215e-21
0
0
0
0
84.05229976594899
0
0
0
0
0
0
0
0
0
0
0
0
7249.867189570897
0
0
0
0
0
0
0
0
0
760758605312051e-31
0
0
0
0
0
0
0
0
0
0
0
0
0
829.7752258533529
0
0
5.97786251454846
0
0
0
0
0
0
0
0
24681580333376465e-28
0
0
16.14539778095486
1669.7031700629668
86639.67251131486
0
0
0
3839892295951128e-31
30499569460753144e-29
0
0
0
0
0
0
0
0
0
0
0
0
0
127.12854402900933
0
0
0
0
0
0
0
0
