19.40497674148355
19.211893996805884
19.02073245754582
18.83147300739074
18.644096720207017
18.458584858250106
18.274918870156398
18.093080389182433
17.913051231313148
17.7348133935011
17.558349051818368
17.38364055965212
17.210670446045697
17.0394214138214
16.869876337936148
16.702018263735226
16.53583040529338
16.371296143654035
16.208399025301333
16.04712276031205
15.887451221016818
15.729368440064718
15.572858609069954
15.417906076909276
15.264495348208584
15.112611081756768
14.96223808900686
14.813361332533532
14.665965924534248
14.520037125359522
6.586950475772028
2.737745353675564
2.7105043322517304
2.6835343635175377
0
0
5.212185587544809
0.6152566738892347
8.993943374618539
0
9.669410004280508
9.656987452428439
0
5.728982840184472
9.927981392698712
9.544800840740209
9.536153834458673
9.533011132734828
9.534356856063823
9.53810366243124
9.542750716966111
0
0
9.92434655368561
6.639461560800555
2.106936935102567
2.123648443055572
2.1396392761089373
2.1591439467738383
2.168563830840867
2.1970561243069824
2.202149876902695
2.2156673497956945
3.2276055486872792
2.253548518696334
3.1996826538961614
3.208364476886345
3.321403658905183
3.2054391695273807
3.1797272857365897
3.2081209195021074
3.2165213355910964
3.2309815139014972
3.2524342882825295
3.2795669050101424
0
0
0
4.684483612203621
4.997924682640587
3.42077267995046
3.165536816130043
3.1469996355008334
0
0
4.120016180066159
4.316245801062905
4.536689850036055
4.637343686132226
4.526599649747368
4.583792260629707
4.583909505512565
4.6773421373654855
5.421555868757423
5.329445679890341
6.551429561252007
0
2.215265518039814
0.9316355653427308
3.4078306027222425
3.385497850133106
-2427259460091591e-23
-6693881005048752e-24
0
0.8468827353499364
1.201534922918654
2.1440335299121216
1.414013143061311
1.242182318936102
0.6151249771937728
0.15076522705203388
0
0
0
0
0
0
0
0
0
0
0
0
0
0
0
0
0
0
0
0
0
0
0
0
0
0
0
0
0
0
0
0
0
0
0.2694495983014349
6297195795923471e-22
0
0.9621378262672806
1.1800393427256495
1.1729989908781135
1.1766861474898178
1.179618722962914
1.2117784958973061
0.732758796759299
0.7089090031950036
0.6369022540893639
0.9205057574581588
0.7832760853052605
0
0
0
3574823495000601e-22
4287139745429158e-22
5264882929623127e-22
0
8418428478762507e-22
0
14212564565241337e-22
13504468370229006e-22
0.06587038769794162
0
0.06421986875648145
0.06538159956107847
59363082982599735e-22
791986531112343e-20
3476627171039581e-20
4482145595829934e-20
1852077548392117e-20
16931779100559652e-21
1676331157796085e-20
16596517525613308e-21
16431367839686573e-21
1626787707209587e-20
16106016119010746e-21
0.0001751565287122503
9837248944677413e-20
5894836795050651e-20
2974862582050264e-20
0
0
0.00010165451385546476
-12612581485882401e-22
-8862261893227696e-22
-6252375897020102e-22
-4428584361448884e-22
-31496165320277214e-23
-2248561941087246e-22
-16113335732370615e-23
-11592055670917034e-23
-8370261639356613e-23
-606669345870614e-22
0
-3220338840037584e-23
-23603206500411034e-24
-17345882952213287e-24
-12791133485734463e-24
-947329681366682e-23
-70285750553011894e-25
0
0
0
0
0
0
0
0
0
0
0
0
0
0
0
0
0
0
0
0
0
0
0
0
0
0
0
0
0
0.03826989166554995
0.03839794668601826
0
0.038624723674729466
0.03872663703805301
0
0.0389146592351608
0.039000858771032654
0
0.03915731761662755
0.03922731924103573
0
0.03934997676697094
0.03940284563577734
0
0.03949554207792971
0.039536140611744486
0.039572928595589474
0
0.039634741173358634
0.03965967362455558
0
0.039697335931123234
0.039708946700557135
0
0.03971609866130166
0.039715776016237214
0
0
0
0
0
0
0
0
0
0.17779086260998156
0
0
0
0
0
0
0
0
0
0
0
0
0
0
0
0
0
0
0
-5263557032828053e-34
12241679150104997e-33
0.08688731696475067
0
0.009117760234931346
0.008819327233242781
