-9.80000000000291
-9.80000000000291
-9.80000000000291
-9.80000000000291
-9.80000000000291
-9.80000000000291
-9.80000000000291
-9.80000000000291
-9.80000000000291
-9.80000000000291
-9.80000000000291
-9.80000000000291
-9.80000000000291
-9.80000000000291
-9.80000000000291
-9.80000000000291
-9.80000000000291
-9.800000000017462
-9.80000000000291
-9.80000000000291
-9.80000000000291
-9.80000000000291
-9.80000000000291
-9.80000000000291
-9.80000000000291
-9.80000000000291
-9.80000000000291
-9.80000000000291
-9.80000000000291
-9.80000000000291
-9.80000000000291
-1.8851125691144262
-1.8851125691144262
-1.8851125691144262
0
0
0
0
0
0
-8.06385579550988
-12.13658159285842
-0.29244767894851975
0
0
0
0
0
0
0
0
0
-4.195644835621351
0
0
0
0
0
0
0
0
0
0
0
0
0
0
0
0
0
0
0
0
0
0
-1.3563555288419593
-1.9577358544338495
-0.6532147517573321
0
0
0
0
0
-3.400327024370199
-4.3020806113490835
0
0
0
0
0
0
0
0
0
0
0
-0.03321257431525737
0
0
0
0
0
0
-1.4715526585205225
0
0
0
0
0
0
0
0
7566995918750763e-25
494765117764473e-24
6402842700481415e-25
10040821507573128e-25
6984919309616089e-25
6984919309616089e-25
9022187441587448e-25
0
16298145055770874e-25
2735760062932968e-24
448198989033699e-23
7203198038041592e-24
11423253454267979e-24
17957063391804695e-24
2801243681460619e-23
43466570787131786e-24
6711343303322792e-23
4206958692520857e-23
4164758138358593e-23
10113581083714962e-23
1537846401333809e-22
9253562893718481e-23
9158975444734097e-23
22830499801784754e-23
3422028385102749e-22
20078732632100582e-23
0
5008478183299303e-22
7405469659715891e-22
0
4225294105708599e-22
41900784708559513e-23
41500607039779425e-23
0
6297195795923471e-22
6234622560441494e-22
0
0
0
0
0
0
0
0
0
0
0
0
0
0
19278377294540405e-23
26565976440906525e-23
3650638973340392e-22
5002511898055673e-22
6836053216829896e-22
23375905584543943e-22
12661621440201998e-22
13504468370229006e-22
0
2461136318743229e-21
0
0
0
0
0
0
0
-1693179365247488e-20
-1676331157796085e-20
-1659650297369808e-20
-164313823916018e-19
-1626787707209587e-20
-16106001567095518e-21
0
0
0
0
-6629298150073737e-20
-649566063657403e-19
0
0
-8862261893227696e-22
0
0
0
0
0
0
0
0
10071380529552698e-22
0
0
0
0
0
0
-52241375669837e-22
0
-2939486876130104e-24
0
0
0
0
0
0
0
0
0
0
0
0
23137545213103294e-25
20372681319713593e-25
20081643015146255e-25
20081643015146255e-25
0
8731149137020111e-25
0
0
0
0
0
0
0
0
0
0
-605359673500061e-23
0
0
-32741809263825417e-25
0
0
-18044374883174896e-25
0
0
-10040821507573128e-25
0
0
-10040821507573128e-25
0
0
0
0
0
0
0
0
0
0
0
0
0
0
0
0
0
0
0
0
0
0
0
0
0
0
0
0
0
0
0
0
0
0
0
0
0
0
0
0
0
-5263557032828053e-34
12241679150104997e-33
0.08688731696475067
0
0.009117760234931346
0.008819327233242781
