-1.0519041060470045
-3.3287877606635448
-0.6528457739332225
-3.0926424311910523
-2.4676211553887697
-0.01197587615752127
-0.17854615132091567
-0.5147013797686668
-0.6150874758168356
-4.552576752321329
-3.90107066409837
-0.6019975275557954
-0.3011706557881553
-0.556815642354195
-0.5104610519629205
-0.9655450757127255
-0.39481859440275
-0.3330060833832249
-0.2722223290184047
-0.21434424023027532
-0.3750072639231803
-0.4870325677038636
-0.555986404811847
-0.5877059669583105
-0.14833493978949264
-0.12331888292101212
-0.07863224073662423
-0.019688395812409
-38.80733906982641
0
0
0
0
0
0
0
0
0
0
0
0
-0.0024952887615654618
-0.017640928374021314
0
0
0
0
0
0
0
0
-0.17281306569930166
0
0
0
-0.24332511895045172
-0.25697620343999006
-0.2698746980022406
-0.28197123324207496
-0.29327913098677527
-0.3039015464601107
-0.31406598053581547
-0.32385193232039455
-0.0909152331732912
-0.34224157755670603
-0.2483219038840616
-0.24956419986847322
-0.38964250816206913
-0.0704479426931357
-0.3722341577813495
-0.15391369789722376
-0.4098911734618014
-0.39557149045867845
-0.38235054480901454
-0.3691368279978633
-1.1502449585095746
-1.377983380749356
0
0
0
-2.879912124481052
-2.0964402344980044
0
0
0
0
0
0
0
0
0
0
-0.1952530504349852
-0.1772026941907825
-0.17640757576737087
-0.22565005465003196
-0.19638958122231998
-0.2278289574169321
-0.26602485140028875
-0.31540909077739343
0
0
-0.11457073251949623
0
0
0
0
0
0
10040821507573128e-25
0
0
0
0
0
0
0
0
0
0
0
0
0
0
0
0
0
0
0
0
0
0
0
0
0
0
0
0
-14551915228366852e-27
0
0
0
-10040821507573128e-25
0
10040821507573128e-25
10040821507573128e-25
0
0
0
0
0
0
0
0
0
0
0
0
0
0
0
0
0
0
0
0
0
0
0
0
0
0
0
0
0
0
0
0
0
10040821507573128e-25
0
0
0
0
0
0
0
0
0
0
0
0
0
0
0
0
0
0
0
0
0
0
0
0
0
0
0
0
0
0
0
0
0
0
0
0
0
0
0
0
0
0
0
0
0
0
0
0
0
0
0
0
0
0
0
0
0
0
0
0
0
0
0
0
0
0
0
0
0
0
0
0
0
0
0
0
0
-10157236829400063e-23
-10056828614324331e-23
0
-11321390047669411e-23
-11209340300410986e-23
-11097290553152561e-23
-12571399565786123e-23
-12446253094822168e-23
-1232256181538105e-22
-13905810192227364e-23
-13767566997557878e-23
-13632234185934067e-23
-13495446182787418e-23
-15157274901866913e-23
-15007390175014734e-23
-14857505448162556e-23
-14709075912833214e-23
-14562101569026709e-23
-14418037608265877e-23
-14275428839027882e-23
-14132820069789886e-23
-13991666492074728e-23
-13851968105882406e-23
-13715180102735758e-23
-1357839209958911e-22
-13443059287965298e-23
-1331063685938716e-22
-1317821443080902e-22
-13045792002230883e-23
-12916279956698418e-23
-12786767911165953e-23
-1266016624867916e-22
-1253356458619237e-22
-1240987330675125e-22
-12286182027310133e-23
-12163945939391851e-23
0
0
0
0
0
0
0
