2.237094275507843
0
0.01252753144945018
0.12642880692146719
0.11109425842005294
0.579635925751063
8.862101740669459
5.88214721850818
0.20051676032016985
0.08862254589621443
0.1205139682861045
0
0
0.022066834513680078
0
0.16899767359427642
0.3081507796450751
0.18671599007211626
0.23385993312695064
2.2499830385204405
2.276727962133009
2.303847565999604
2.339869369592634
2.2277063336223364
2.045868313376559
2.3694347710406873
0.3450856549461605
7.766784451014246
0.04868647688999772
0.07372747593035456
66.9733598454768
0.07566295524884481
0.07391200427082367
0.07106054690666497
0.06717956245120149
60.33289746491937
0.055327515859971754
0.04673711057694163
1.0747702285298146
1.0281698687467724
0.011553372096386738
0.9355236593692098
83.63847664667992
13.526855619449634
15.846971741309972
0.7550248918851139
0.7118631522462238
0.6700393511418952
0.6296969796094345
0.5908455133030657
0.553395674447529
0.5172312590730144
0.48227512213634327
62.3102640555735
61.600185246323235
0
0
0
0
0
0
0
0
1.7905592575552873
0
0.1368050476303324
0.11536224515293725
0.044107384703238495
0.07368691776355263
0
0.07640765301766805
0.001264189209905453
33162024919874966e-21
0
0
0
0
0
0
0
0
0.36804010087507777
0
0
0
0.019984147205832414
0
0
0
0
0
0
1.838305004130234
0.2154240455420222
0.21375033677031752
0
0
0
0
0
0
0
0
-10913936421275139e-25
0
0
0
0
0
0
0.25527699550730176
0.30320777304586954
0
0
0
0
0
0
0
0
0
0
0
0
0
0
0
0
0
0
0
0
0
0
0
0
0
0
0
0
0
0
0
0
0
0
0.46779184466868173
0.5901440038578585
0.637232066685101
0.6458485234616091
0.6320195640146267
0.6026671667350456
0.5633299346663989
0.5184358981496189
0.47124953316233587
0.42399151767313015
0.3789407917211065
0.3366390231094556
0.2980841732933186
0.26351952728873584
0.2295081896299962
0.19614489129162394
0.16408097578096204
0.13203120889374986
0.10034269624156877
0.0639630545192631
0.018622626434080303
0.03639280918287113
0.10614485436235555
0.11740630889835302
0.1098787080263719
0.09706907106738072
0.08168066889629699
0.06399975685053505
0.04550478512828704
0.029980153587530367
0.017239879787666723
0.006606263865251094
0
0
-989530235528946e-24
-989530235528946e-24
-1280568540096283e-24
-16880221664905548e-25
-21973391994833946e-25
-2852175384759903e-24
0
0
0
0
0
0
0
-16705598682165146e-24
0
0
0
-1603621058166027e-23
-15876139514148235e-24
0
0
0
0
0
0
0
0
0
0
-14231773093342781e-24
0
0
-1720036379992962e-23
0
0
-20649167709052563e-24
0
0
0
0
0
0
0
0
0
0
0
0
-2232263796031475e-23
0
0
-26047928258776665e-24
0
0
-3023887984454632e-23
-3565219230949879e-23
0
-4154571797698736e-23
0
0
-4775938577950001e-23
0
0
-5468609742820263e-23
0
0
-6231130100786686e-23
0
0
-7070775609463453e-23
0
0
-7987546268850565e-23
0
0
0
-8897040970623493e-23
0
0
-9957875590771437e-23
0
0
-11097290553152561e-23
0
0
-1232256181538105e-22
0
0
0
-13495446182787418e-23
0
0
0
0
0
0
0
0
0
0
0
0
0
0
0
0
0
0
0
0
0
0
0
0
0
0
0
0
0
0
