1228.5815074578272
1237.3136805468223
1235.714487766363
1226.091393992763
1208.867281285356
1203.3122454487782
1185.3057999673756
1167.1854855975012
1152.3526040661432
1136.4335168996483
1121.9170588900085
1108.1178345201095
1096.4061604785797
1093.2980076702613
1094.8676550496052
1096.5175342697491
1096.2639431039124
1099.1080787866085
1101.7453631751769
1094.4201968471355
1084.1612123586453
1071.2963194184056
1057.7175194279466
1041.187758260982
1024.902977022327
1008.3702264085698
990.8519236897698
1008.769657957326
982.0214172003009
966.5049346688481
953.9057643657959
957.2540749319475
946.8212480817633
937.741364435863
933.1456122354616
919.803558590531
927.5619465007048
938.3366982651385
955.9525471885307
968.958732391087
977.7518442672166
976.6641685782437
970.1785559075875
972.320669295677
972.4775379999762
973.2155223288971
973.0010589669841
972.8266452502064
972.6838113377025
972.566624492131
972.4731848326146
972.4041436878167
970.2583869898134
973.5546916723792
975.8324816704157
979.4369797672426
979.9158474466337
980.3881521750812
981.0381229177536
981.750015651671
985.0421418798661
985.594089167813
986.1396180055197
986.669178040533
986.438528228593
990.0859105990994
987.0948943558633
983.7905673454786
980.1296467988356
973.422812001617
965.7571158088341
961.2292514107153
957.2104294945043
953.3890065143994
949.5794557837984
945.7206101763662
949.7166178775739
951.7175442246318
955.3104518417674
957.7145211309129
957.5220406894517
951.7697124816573
948.4350309459539
944.7248902595046
940.3316755734264
935.7917739737359
934.844621133982
929.9740740432136
924.9425312224355
919.982729084473
915.8293655824625
911.1075962708744
905.549332540884
896.7658053274563
886.7159290148815
886.2752447789965
883.3974950837949
880.7150570096334
875.4588933941704
861.1258023721348
842.1672948819897
825.4373951754078
817.658213841353
809.345930161723
799.8713098634452
790.3271016887555
779.8839885677942
772.7455537899228
765.2363495152572
759.5926471287653
752.9192478080895
748.3835118410765
744.6608021868367
743.4661719713837
742.3311276609734
740.433161026201
739.5881202220955
734.57172355218
729.7469291914589
725.5195148083419
721.0534762659842
716.9997831175809
712.5393813906984
708.4139341550282
704.6759964781472
700.5226026730256
696.2164807244448
692.2008171697686
688.2016955176997
684.1450676545592
680.2852300524482
679.5768906637496
675.2479884856037
671.0328706086361
667.3385913396859
666.932059564229
662.68113033717
658.1973714758806
657.436169756455
652.906099726127
648.5807399808423
644.1443389685052
638.9815738410343
633.4393727338365
629.9609115037799
625.7239241783868
622.1822266136571
620.9563505850299
614.9015178794986
610.4464241447946
606.1078902987642
602.6000438616636
598.9230458801547
592.3191915258009
585.8433992537034
579.4967053771937
573.3037830960374
569.278081910029
565.1337353016687
561.5005641955628
557.8504327458355
554.2436047645881
550.5624298507028
546.9969172522347
543.6726431409728
540.5843486601356
537.7144938766045
534.9721020128436
532.2250049366379
530.3506165574769
529.3266432649526
529.1623634889386
529.2302970434323
525.347465345223
521.5019575313148
517.7312417485831
513.9862463959385
510.18043305467273
507.52643261854877
504.3059922780603
500.6390172486448
496.96475328935855
493.3416948350381
489.8432122662323
486.454936983349
483.10271878329127
479.67452849754903
476.6507889806669
473.3303969784598
469.9084296323246
466.5304662401853
463.196305392648
459.7939024768986
456.2907228605548
452.8004988811357
449.3774259775829
446.01371923414615
442.66637100044164
439.35294554102785
435.6454537200803
432.56089055658316
429.5141837999022
426.5049852246375
423.5328995459777
420.5974967774365
417.6983360337931
414.83498610209915
412.00703529461003
409.2140874267714
406.4557512065276
403.87891966199396
401.18835083847125
398.5312416002945
396.05992394256884
393.46835902587014
390.9091749604716
388.5398628489297
385.5447042682782
382.5841601573895
379.6576793144943
376.7646583653995
373.9043909656892
371.0758993996145
368.2774136775913
365.5065115141891
363.2446585091389
361.0110074973956
358.8052310391325
356.62694545551454
354.65448206650444
352.52972959213724
350.4313232981483
348.54132937072086
346.49418281286876
344.47224536612316
342.6610057558569
340.8749660006017
338.9256121045131
337.18870486828763
335.2847320020543
333.4016999508969
331.7331336101953
329.89357083476125
328.0760129018415
326.47578390292335
324.7006936852489
322.9459484987149
321.4088228445709
319.6929581276226
317.9966428899477
316.5202999722125
314.8618947036495
313.2223758200569
311.8044899918767
310.201733876678
308.6170511345976
307.05013130051776
305.7060902053544
304.173536984963
302.6578535940466
301.36568710930436
299.88141719917854
298.41232741600857
297.16885331791303
295.73206703582275
294.3112163699118
293.1160436911571
291.72484626833875
290.55900641118774
289.1963302757892
288.0606585224572
286.7270081245361
284.8575928503274
282.99772474363846
281.1476736284491
280.08298349346234
278.20159141609986
276.9474540723718
275.07559706478526
273.17866220056425
271.29222839648014
269.41641715914085
267.550322092224
265.6917203584835
263.839479096042
261.9940331635177
260.1566563467886
258.3274506625363
256.5051457991299
254.68621834345547
252.87216965201821
251.06303133348112
249.2591965717005
247.46113243207182
0
0
0
0
0
0
