704.4430783999643
734.0513823242543
728.7125920575758
709.9375193954553
690.0854039414908
658.1662575780472
640.7126905918853
625.7346854128314
612.61572702603
598.43957953668
589.266776338241
581.0523631716193
573.175976613387
566.6452283756762
564.6845545176388
561.5923476703358
559.1112108324462
558.1494010970968
556.5566158214795
552.8959171765082
549.1125782067909
545.0950871331523
540.9260777621457
536.6732139371105
532.425087104611
529.3361593286994
525.4114988662428
528.835011938406
529.6326919067219
532.8817193254265
535.724739793955
543.0376023862465
545.5137421160161
548.8475418317348
549.5307838009833
540.5138912001556
547.6429267766982
553.8986696487536
553.4926013253845
570.996887451246
581.237506770807
584.5699193942179
585.6871023370941
598.9614444271314
608.5835568327262
609.582847398827
609.6479138442394
609.3770946059774
609.0620571316149
608.699099914762
608.2881590514385
607.8314983045084
607.9181362699752
606.9220954005161
609.7807274067991
614.6516399581217
615.4073838628286
616.077041263415
616.8275399618312
617.5530557547463
618.4682546087372
619.032505346089
619.5173387188687
619.9188642233598
618.761915755183
632.532363564473
642.4010491080712
649.4628537752195
655.5586777539065
661.2952606101928
664.7460799666322
664.3149437385842
665.4120902571016
666.6703367934135
667.7997214365498
668.772065607418
679.6162001793874
715.1768818850337
714.4504942929027
711.8187140419777
713.5105811997322
709.0762756050875
709.7973060055215
710.3736170507472
711.0479079395265
712.0280390907162
716.0569842458365
718.0852446738343
720.4726149501562
723.0602325093604
726.6985849120838
729.1606710706453
727.0437936429636
723.2341944079733
720.4106253412996
716.263569821353
713.7637899240553
709.3927884492075
704.9462074761357
700.0012956442515
692.4765754259569
687.5187578391532
681.481733220435
683.0869651685093
678.6259390120173
671.0158062499332
663.4720338843232
658.7115970267881
653.7734347071172
650.4094901359175
644.2198275582433
639.7135005343084
635.3845393855486
634.2364444317857
634.1788934071601
632.3313961105083
631.6259125810725
625.2837171935853
619.1019307435187
613.6354755136817
608.4915480615311
603.0280939633443
597.4251525625482
591.8723115310804
586.2776900519536
580.6732111078603
575.1527641779722
569.7749293954012
564.3915522423016
559.0170551515636
553.6497276513549
552.326766462661
547.2164427812789
542.2684525930396
537.5109337161862
536.8386005151815
532.3037214717184
527.9236567176824
527.9897631153801
523.4603638361973
519.1900445519166
514.998417694359
511.01196233513764
507.259428271705
505.2353872494278
502.2602560370599
500.0070255601652
498.0579581416114
494.7886960815488
492.6727764333223
490.444531581554
487.5341399303212
484.6184674490842
476.12450985196404
467.72359234883913
459.44579984321297
451.3004526775233
447.2218790015929
444.0015904013222
444.683396046735
441.5785019028396
438.448972392937
435.3862426277461
432.3544225143842
429.3157605382335
426.19167163448174
422.9955305595897
419.7557616057982
416.5450802671613
413.6671256443475
410.9307764271234
407.2625692934855
404.7221914636177
401.8717931292996
399.0866394238852
396.3430388245208
393.6360260121354
390.96467539609256
388.28132931657996
385.79242795323876
382.99863530697667
380.2488142983784
377.52327549637414
374.862312764651
372.2784468957029
369.7443010801998
367.51004838654313
364.9039138241059
362.8356197981052
360.54694629560214
358.2837298818287
356.0227673276899
353.2712450645201
351.1302541967056
349.11682921282846
347.10068118013817
345.08494064019237
343.09588111998335
341.1205428226058
339.7814374937571
337.46476925231593
335.1768656088264
332.887737438808
330.59645959870966
328.30253485497116
326.00581886206226
323.7064448922265
321.40475456045556
319.1012396347164
316.7965051217663
314.7995490687432
312.49568651372215
310.1925062190594
308.22125961903964
305.9133204078471
303.60923986850054
301.66991348955094
300.3492209832956
299.03322104389383
297.7228633166979
296.4191029326117
295.1228882724253
293.8351247639103
292.5565902816334
291.2887258996092
289.06591444284675
286.8606116371945
284.6725594576085
282.5022808180117
280.7607955879415
278.6295503903891
276.5184161926239
274.84665834995167
272.7791212507994
270.7339155240894
269.02808497064905
267.4588536401372
265.4864346028648
263.9717292369746
262.0500391339455
260.1536578205926
258.72237197019496
256.8830545093709
255.07243564528235
253.72922868287472
251.9780157083575
250.25681616754295
249.00193118589632
247.34864561822405
245.72816960095147
244.56208020581548
243.00623011482827
241.4821217919931
240.40334759049102
238.94211094845534
237.51144239621698
236.1110989363125
235.14335952820292
233.80372412652346
232.49365739605017
231.60397156781838
230.3520738545849
229.1283076096991
228.3108584863134
227.1261139165723
225.9354945939574
225.13159309305354
223.98706909330176
222.95776388442007
221.8552527624986
221.1232690917591
220.06337903598774
219.8408746649027
219.64296515186163
219.45947086291432
218.79648875976753
218.66634293427094
217.82387590639652
217.73336975201426
217.67378199012845
217.62200850205423
217.57704467461366
217.5393692720214
217.50895735047433
217.48529045222276
217.46743493780275
217.42962395091337
217.3735599572792
217.39018448414805
217.41574769453052
217.44917154941757
217.48992342030664
217.53771105538718
217.5925762425768
0
0
0
0
0
0
