-13.80000000000291
-13.80000000000291
-13.80000000000291
-13.80000000000291
-13.80000000000291
-13.80000000000291
-13.80000000000291
-13.80000000000291
-13.80000000000291
-13.80000000000291
-13.80000000000291
-13.80000000000291
-13.80000000000291
-13.80000000000291
-13.80000000000291
-13.80000000000291
-13.80000000000291
-13.80000000000291
-13.80000000000291
-13.80000000000291
-13.80000000000291
-13.80000000000291
-13.80000000000291
-13.80000000000291
-13.80000000000291
-13.80000000000291
-13.80000000000291
-13.80000000000291
-13.80000000000291
-13.80000000000291
-13.80000000000291
-13.80000000000291
-13.80000000000291
-13.80000000000291
0
0
0
0
0
0
-4.834705002140254
-4.828493726221495
-0.29244767894851975
0
0
0
0
0
0
0
0
0
-4.195644835635903
-2.1297035257448442
-2.192836210189853
-4.853815187540022
-4.828835249965778
-4.804764342799899
-4.776071337473695
-4.946862147684442
-4.73641173451324
-4.695672056564945
-4.65697558222746
-3.444554342117044
-4.581820086052176
-3.4634226786292857
-3.45558227795118
-3.3214036590070464
-3.452525787637569
-3.6089835065649822
-3.430194879838382
-3.43288358283462
-3.4334398721985053
-3.431379232511972
-3.4282732605352066
-2.5543543610256165
-5.586283510405337
-1.3064295568183297
-4.6844836164527806
-0.008024282913538627
-3.4207726786844432
-3.165536818516557
-3.3262031802150887
-6.572128710176912
-6.511257126316195
-4.287179242630373
-4.601558704918716
-4.898883553847554
-4.9856213339662645
-5.235178522882052
-5.207921262321179
-5.1167529060767265
-4.677342314855196
-5.421555905850255
-5.329445745272096
0
-0.06642513412225526
-2.367617003910709
-2.6611169832467567
-3.8043028584652347
-3.385497874682187
-2.9316761146765202
-2.8277006979333237
-3.406569252241752
-1.8504806613636902
-1.7838056619948475
-2.1493594480416505
-1.4140131448511966
-1.2421823219046928
-0.6151249801623635
-0.15076523002062459
0
0
0
0
0
30122464522719383e-25
3623426891863346e-24
5034962669014931e-24
0
7930793799459934e-24
1252919901162386e-23
1973239704966545e-23
3096647560596466e-23
4839967004954815e-23
7534981705248356e-23
11692463885992765e-23
18079299479722977e-23
27852365747094154e-23
0
0
4191097104921937e-22
6366317393258214e-22
0
0
9446230251342058e-22
1415275619365275e-21
0
0
20714796846732497e-22
30623195925727487e-22
0
0
0
0
-0.46202701500442345
0
0
0
0
0
0
0
0
0
0
0
-0.920505442598369
-0.7832759019947844
0
0
0
1869586412794888e-21
2576300175860524e-21
35402190405875444e-22
4851273843087256e-21
-31725794542580843e-22
0
0
0
0
0
0
0
0
0
0
0
0
-0.00014425543486140668
-0.00014282006304711103
-0.0001413990103174001
-0.00013999204384163022
-0.00027719819627236575
-0.04542576181120239
0
0
0
0
-38677200791426e-18
-38292346289381385e-21
-0.00043714646017178893
2204382326453924e-21
-8522183634340763e-21
35639386624097824e-22
3932946128770709e-21
4177476512268186e-21
0
0
11146912584081292e-22
3229055437259376e-21
29833754524588585e-22
42430474422872066e-23
30973751563578844e-23
22690801415592432e-23
16680860426276922e-23
1230509951710701e-22
9108043741434813e-23
6763730198144913e-23
2265936927869916e-21
3767490852624178e-23
28259819373488426e-24
16458361642435193e-22
16050762496888638e-24
12150849215686321e-24
12107630027458072e-22
9223440429195762e-22
704763806425035e-21
5401234375312924e-22
41474413592368364e-23
31956005841493607e-23
2469751052558422e-22
19138678908348083e-23
14874967746436596e-23
10040821507573128e-25
10040821507573128e-25
10040821507573128e-25
10040821507573128e-25
43568434193730354e-24
0
0
0
0
0
0
0
0
0
0
0
0
0
0
0
0
0
0
0
0
0
0
0
0
0
0
0
0
0
0
0
0
0
0
0
0
0
0
0
0
0
0
0
0
0
0
0
0
0
0
0
0
0
0
0
0
0
0
0
0
0
0
0
0
0
0
0
0.01949934725634357
0
0.018258114161151372
0.017663273094095277
