12.964245229581138
12.962042755345465
12.962042755345465
12.962042755345465
12.962042755345465
12.962042755345465
12.962042755345465
12.962042755345465
12.962042755345465
12.962042755345465
12.962042755345465
12.962042755345465
12.962042755345465
12.962042755345465
12.962042755345465
12.962042755345465
12.962042755345465
12.962042755345465
12.962042755345465
12.962042755345465
12.962042755345465
12.962042755345465
12.962042755345465
12.962042755345465
12.962042755345465
12.962042755345465
12.962042755345465
12.962042755345465
12.962042755345465
12.962042755345465
12.962042755345465
12.962042755345465
12.962042755345465
12.962042755345465
0
2.0298428721143864
0
0
0
4.194510852888925
0
0
0
9.075704102622694
0
0
0
0
0
0
0
0
0
0
1.4466632288967958
0
0
0
0
0
0
0
0
0
0
0
0
0
0
0
0
0
0
0
0
0
0
0
0
14.993774046684848
0
0
0
0
0
0
0
0
0
0
0
0
0
0
0
0
0
0
0
0
0
0
0
0
0
0
0
0
0
0
0
0
0
0
0
0
0
0
0
0
0
0
0
0
0
0
0
0
0
0
0
0
0
0
0
0
0
0
0
0
0
0
0
0
0
0
0
0
0
0
0
0
0
0
0
0
0
0
0
15463592717424035e-22
0
0
0
0
0
0
6629459676332772e-21
9034629329107702e-21
12278847862035036e-21
16642967239022255e-21
2249765384476632e-20
30330935260280967e-21
4078353231307119e-20
54694421123713255e-21
7315912807825953e-20
9760448301676661e-20
0.00012988383241463453
0.00017239819862879813
0.00022825006453786045
0.00014425543486140668
0.00014282007759902626
0
0
0
0
0.00011249953240621835
6617727922275662e-20
4111084854230285e-20
22879234165884554e-21
0
0
17332902643829584e-21
2204382326453924e-21
8522183634340763e-21
35639386624097824e-22
3932946128770709e-21
4475019522942603e-21
31947565730661154e-22
22895546862855554e-22
318945967592299e-20
3229055437259376e-21
29833754524588585e-22
0
2662258339114487e-21
2556029357947409e-21
24727487470954657e-22
2406042767688632e-21
0
0
2268556272611022e-21
0
0
16447302186861634e-22
0
0
12102536857128143e-22
0
0
0
0
0
0
0
0
0
0
0
0
0
0
0
21798769012093544e-24
0
0
11059455573558807e-24
8847564458847046e-24
0
573345459997654e-23
0.07657711605133954
0.07683285551320296
0
0.07728567870799452
0.07748914534749929
0
0.07786448008846492
0.07803652956499718
0
0.078348758208449
0.07848842210660223
0
0.07873306836700067
0.07883847666380461
0
0.079023220561794
0.07910409790929407
0.07917735738737974
0
0.07930035884783138
0.0793499164719833
0
0.07942463575454894
0.07944755913922563
0
0.07946127567265648
0.07946034104679711
0
0
0
0
0
0
0
0
0
0.006266763055464253
0
0
0
0
0
0
0
0
0
0
0
0
0
0
0
0
0
0
943400664255023e-22
0
0
0.01949934725634357
0
0.018258114161151372
0.017663273094095277
