-37.831300393198035
-11.33623781435017
-6.229553922647028
-11.72664982060087
0
0
0
0
0
0
0
0
0
-2.518423301022267
-2.0438734417693922
0
0
0
0
0
0
0
0
0
0
0
0
0
0
0
0
0
0
0
0
0
0
0
0
0
-30704541131854057e-25
-7144990377128124e-24
0
-3735476639121771e-23
0
0
0
0
0
0
0
0
0
0
0
0
0
0
0
0
0
0
0
0
0
0
0
0
0
0
0
0
0
0
0
0
0
0
0
0
0
0
0
0
0
0
0
0
0
0
0
0
0
0
0
0
0
0.032541188280447386
0.0703258388384711
0.09448463637090754
0.10745851522369776
0.11389069719007239
0.11907152195635717
0.12300890075857751
0.1216435891983565
0.133885205083061
0.17137732518312987
0.22159581691084895
0.3367557027231669
0.48529189002874773
0.49315591584309004
0.46504776332585607
0.49521789872960653
0.5544474502530647
0.628637024841737
0.7001611783052795
0.7660649637255119
0.8201897116960026
0.8637537972681457
0.8839715673821047
0.8811079084989615
0.8896258541790303
0.8876992849400267
0.8738211458257865
0.8482752135314513
0.7974533771193819
0.7330846709664911
0.7074031503871083
0.6564688717044191
0.5839988553343574
0.5381917437916854
0.5055070129310479
0.3832975424156757
0.2812104228651151
0.18768534780247137
0.11952195619232953
0.050149522940046154
0
0
0
0
0
0
0
0
0
-0.04007074768014718
-2.208444415140548
-1.0397671179380268
-2.9042946759291226
-4.1585718067362905
-4.117193325902917
-4.076226567820413
-4.035667435804498
-3.9955118738726014
-3.9557558664819226
-3.91639543796191
-3.877426653256407
-3.9525905278132996
-5.511320169462124
-5.6070479176414665
-5.7088280759053305
-5.846113956358749
-5.988252410883433
-6.107367769291159
-6.18913867099036
-6.267818724823883
-6.3773077592341
-6.537512427355978
-6.705354907462606
-6.88811756396899
-7.068149036873365
-7.238145274357521
-7.409773665407556
-7.5791636041831225
-7.742982388983364
-7.900671215960756
-8.051258371415315
-8.192023983239778
-8.336331826183596
-8.48137463524472
-8.622388323230552
-8.75921309441037
-8.892005405534292
-9.020937492488883
-9.146171620188397
-9.267862422086182
-9.386156537366332
-9.384023507038364
-9.290650913040736
-9.19820739190618
-9.1066836991522
-8.623379054362886
-9.059150629283977
-9.166993466278655
-9.272344479511958
-9.375312456380925
-9.476000378534081
-9.574510326710879
-9.670942139535327
-9.765391174034448
-9.85794736398384
-9.948695010447409
-10.037712866658694
-10.125074299954576
-10.210847465175902
-10.295095477384166
-10.377876593993278
-10.459244401470642
-10.53924800020468
-10.61793221400876
-10.695337780227419
-10.77150157863798
-10.664323348159087
-10.739912114382605
-10.814330677108956
-10.887602787013748
-10.959749389192439
-11.03078882645059
-11.100737031549215
-11.169607710922719
-11.237412528731511
-11.304161275460501
-11.369862018967979
-11.434521269518882
-11.498144117213087
-11.560734366139513
-11.62229466761346
-11.682826644333545
-11.742331013942021
-11.800807688443456
-11.858255885541439
-11.914674220432062
-11.970060787803959
-12.024413252423983
-12.07772892556386
-12.130004831094993
-12.181237771117594
-12.23142439838557
-12.280561255698558
-12.328644840046763
-12.375671642716043
-12.421638179250294
-12.466541036730632
-12.510376921505667
-12.553142705743085
-12.59483546129195
-12.635452509188326
-12.674991419757134
-12.713450075199944
-12.750826664472697
-12.787119741391507
-12.822328216032474
-12.856451413477771
-12.889489096662146
-12.921441503349342
-12.952309382220847
-12.9820940480422
-13.010797450129758
-13.038422219397034
-13.064971835206961
-13.090450732634054
-13.1148644402856
-13.138219578075223
-13.160522805104847
-13.181685533956625
-13.200743924840936
-13.217615277360892
-13.23254020450986
-13.245767526474083
-13.257620336444234
-13.268714415055001
-13.28056235506665
-13.293674135522451
-13.305929503854713
-13.31736051167536
-13.32830973500677
-13.339661557169165
-13.352460568523384
-13.36454318050528
-13.37512898958812
-13.384213074867148
-13.391832902052556
-13.398030023017782
-13.402854105181177
-13.406381093387608
-13.408819447504357
-13.41638043463172
-13.435686496814014
-13.45351802915684
-13.469895451213233
-13.484839586293674
-13.498371148190927
-13.510510838052141
-1.389041562362081
-1.3909583788711544
-1.3926425108551577
-1.3943746012950342
-1.395931910183812
-1.397539479706822
