20.578206862177467
71.0603815222712
45.37098383616831
52.187623508507386
57.60031500905461
61.9244913586881
58.946219957622816
50.39737679353857
37.76803455193294
29.154605247385916
21.396576173516223
15.735224518401083
7.174046932937927
0
0
5.761765291157644
6.599237173781148
6.478636687344988
6.364053135243012
6.254220450660796
6.148070989031112
0
0
0
5.307577583065722
0.13662643694260623
5.4802432598226005
5.468134236187325
8.912977106607286
0.300659870452364
5.2110389690788
5.129920406121528
0.2845960494450992
0.27867150817473885
0.57193147126236
27.15281007307931
70.74987150337256
-14551915228366852e-27
2.0292314488906413
9.612238918532967
0
0
18.0258548403217
0
1.657913309871219
1.666725857896381
1.6714486274140654
1.6717422732763225
1.6683278261189116
1.6624155348399654
1.6551707383914618
1.6295841620158171
3.878744374756934
3.838264876510948
3.798951001430396
3.760657851526048
3.723202837165445
3.6863569740526145
3.649774798686849
3.6126839888311224
3.5724751071975334
3.5232667774689617
3.467328751386958
2.5151486202230444
3.353108816925669
3.296738966993871
3.2410994760139147
3.1842049520928413
3.1235309499752475
3.059474611945916
2.9930974617163884
2.925586847079103
2.857862313685473
2.7901054178510094
2.7248721713694977
130.24463277717587
10.285355107829673
2.556047653837595
2.5045834574120818
2.452959180562175
77.00357462573447
3.9416212154756067
2.2897864019323606
2.237856017804006
2.1921070497774053
2.4425215874798596
2.119210308577749
2.087292572541628
2.0584897896042094
2.0281197920267005
1.9894321515894262
2.36157365811232
1.879981663194485
1.8313455387833528
1.8864888495736523
1.6843548137694597
1.8937635752372444
5.182367465109564
6.004086622735485
3.428328246358433
3.160862165968865
7.734545809333213
9.270402392285177
6.99259307574539
10.194952205085428
7.2662611111445585
1.9866509908024454
0.22159601605380885
1.2405656951013952
1.3836682312685298
2.723366863137926
2.578141643476556
0.8986384352028836
0.9953323876979994
2.879635117802536
3.9942812654480804
4.399241902065114
4.234746688060113
4.005763432287495
4.637513676760136
4.038013531637262
3.041668342266348
3.836288908700226
3.558601104276022
3.194259512834833
3.130690497957403
3.3804323811928043
3.2089274119935
2.894279908708995
1.241498041228624
2.1818145896831993
2.7364706214139005
2.7601765012805117
0.8703297204338014
1.7924739660375053
2.625757422792958
2.8581166886433493
3.5196509599045385
4.346184493464534
4.218539313893416
4.16773688304238
2.278899022800033
3.1028872257156763
5.3683910452673445
5.2994272006326355
2.7111346796591533
3.7899575573246693
3.9550544712110423
3.004338074431871
2.9042946759145707
4.158571806750842
4.117193325902917
4.076226567820413
4.0356674357899465
3.9955118738726014
3.9557558664673707
3.916395437947358
0
0
0
0
0
0
0
0
0
0
0
0.5102013628056739
0.7158241605793592
3.9049932383786654
0.9401695912965806
0
0
0
0
0
0
0
0
0
0
0
0
0
0
0
0
0
0
0
0.2320706494501792
0
0.3138289891066961
0
0
0
0
0
0
0
0
0
0
0
0
0
0
0
0
0
0
0.03302644184441306
0
0
0
0
0
0
0
0
0
0
0
0
0
0
0
0
0
0
0
0
0
0
0
0
0
0
0
0
0
0
0
0
0
0
0
0
0
0
0
0
0
0
0
0
0
0
0
0
0
0
0
0
0
0
0
0
0
0
0
0
0
0
0
0
0
0
0
0
0
0
0
0
0
0
0
0
0
0
0
0
0
-1.389041562362081
-1.3909583788711544
-1.3926425108551577
-1.3943746012950342
-1.395931910183812
-1.397539479706822
