5.242499999999998
5.242499999999998
5.242499999999999
6938893903907228e-31
10000006938893902e-25
10000006938893902e-25
10000006938893902e-25
10000006938893902e-25
10000006938893902e-25
10000006938893902e-25
10000006938893902e-25
10000006938893902e-25
10000006938893902e-25
10000006938893902e-25
10000006938893902e-25
10000006938893902e-25
10000006938893902e-25
10000006938893902e-25
10000006938893902e-25
10000006938893902e-25
10000006938893902e-25
10000006938893902e-25
10000006938893902e-25
10000006938893902e-25
10000006938893902e-25
10000006938893902e-25
10000006938893902e-25
10000006938893902e-25
10000006938893902e-25
10000006938893902e-25
10000006938893902e-25
10000006938893902e-25
10000006938893902e-25
10000006938893902e-25
10000006938893902e-25
10000006938893902e-25
10000006938893902e-25
10000006938893902e-25
10000006938893902e-25
10000006938893902e-25
10000006938893902e-25
10000006938893902e-25
10000006938893902e-25
10000006938893902e-25
10000006938893902e-25
10000006938893902e-25
10000006938893902e-25
10000006938893902e-25
10000006938893902e-25
10000006938893902e-25
10000006938893902e-25
10000006938893902e-25
10000006938893902e-25
10000006938893902e-25
10000006938893902e-25
10000006938893902e-25
10000006938893902e-25
10000006938893902e-25
10000006938893902e-25
10000006938893902e-25
10000006938893902e-25
10000006938893902e-25
10000006938893902e-25
10000006938893902e-25
10000006938893902e-25
10000006938893902e-25
10000006938893902e-25
10000006938893902e-25
10000006938893902e-25
9999999999999999e-25
9999999999999999e-25
9999999999999999e-25
9999999999999999e-25
9999999999999999e-25
9999999999999999e-25
9999999999999999e-25
9999999999999999e-25
9999999999999999e-25
9999999999999999e-25
9999999999999999e-25
9999999999999999e-25
9999999999999999e-25
9999999999999999e-25
9999999999999999e-25
9999999999999999e-25
9999999999999999e-25
9999999999999999e-25
9999999999999999e-25
9999999999999999e-25
9999999999999999e-25
9999999999999999e-25
9999999999999999e-25
9999999999999999e-25
9999999999999999e-25
9999999999999999e-25
9999999999999999e-25
9999999999999999e-25
9999999999999999e-25
9999999999999999e-25
9999999999999999e-25
9999999999999999e-25
9999999999999999e-25
9999999999999999e-25
9999999999999999e-25
9999999999999999e-25
9999999999999999e-25
9999999999999999e-25
9999999999999999e-25
9999999999999999e-25
9999999999999999e-25
9999999999999999e-25
9999999999999999e-25
9999999999999999e-25
9999999999999999e-25
9999999999999999e-25
9999999999999999e-25
9999999999999999e-25
9999999999999999e-25
9999999999999999e-25
9999999999999999e-25
9999999999999999e-25
9999999999999999e-25
9999999999999999e-25
9999999999999999e-25
9999999999999999e-25
9999999999999999e-25
9999999999999999e-25
9999999999999999e-25
9999999999999999e-25
9999999999999999e-25
9999999999999999e-25
9999999999999999e-25
9999999999999999e-25
9999999999999999e-25
9999999999999999e-25
9999999999999999e-25
9999999999999999e-25
9999999999999999e-25
9999999999999999e-25
9999999999999999e-25
9999999999999999e-25
9999999999999999e-25
9999999999999999e-25
6938893903907228e-31
6938893903907228e-31
6938893903907228e-31
6938893903907228e-31
6938893903907228e-31
6938893903907228e-31
6938893903907228e-31
6938893903907228e-31
6938893903907228e-31
6938893903907228e-31
6938893903907228e-31
6938893903907228e-31
6938893903907228e-31
6938893903907228e-31
6938893903907228e-31
6938893903907228e-31
6938893903907228e-31
6938893903907228e-31
6938893903907228e-31
6938893903907228e-31
6938893903907228e-31
6938893903907228e-31
6938893903907228e-31
6938893903907228e-31
6938893903907228e-31
6938893903907228e-31
6938893903907228e-31
6938893903907228e-31
6938893903907228e-31
6938893903907228e-31
6938893903907228e-31
6938893903907228e-31
6938893903907228e-31
6938893903907228e-31
6938893903907228e-31
6938893903907228e-31
6938893903907228e-31
6938893903907228e-31
6938893903907228e-31
6938893903907228e-31
6938893903907228e-31
6938893903907228e-31
6938893903907228e-31
6938893903907228e-31
6938893903907228e-31
6938893903907228e-31
6938893903907228e-31
6938893903907228e-31
6938893903907228e-31
6938893903907228e-31
6938893903907228e-31
6938893903907228e-31
6938893903907228e-31
6938893903907228e-31
6938893903907228e-31
6938893903907228e-31
6938893903907228e-31
6938893903907228e-31
6938893903907228e-31
6938893903907228e-31
6938893903907228e-31
6938893903907228e-31
6938893903907228e-31
6938893903907228e-31
6938893903907228e-31
6938893903907228e-31
6938893903907228e-31
6938893903907228e-31
6938893903907228e-31
6938893903907228e-31
6938893903907228e-31
6938893903907228e-31
6938893903907228e-31
6938893903907228e-31
6938893903907228e-31
6938893903907228e-31
6938893903907228e-31
6938893903907228e-31
6938893903907228e-31
6938893903907228e-31
6938893903907228e-31
6938893903907228e-31
6938893903907228e-31
6938893903907228e-31
6938893903907228e-31
6938893903907228e-31
6938893903907228e-31
6938893903907228e-31
6938893903907228e-31
6938893903907228e-31
6938893903907228e-31
6938893903907228e-31
6938893903907228e-31
6938893903907228e-31
6938893903907228e-31
6938893903907228e-31
6938893903907228e-31
6938893903907228e-31
6938893903907228e-31
6938893903907228e-31
6938893903907228e-31
6938893903907228e-31
6938893903907228e-31
6938893903907228e-31
6938893903907228e-31
6938893903907228e-31
6938893903907228e-31
6938893903907228e-31
6938893903907228e-31
6938893903907228e-31
6938893903907228e-31
6938893903907228e-31
6938893903907228e-31
6938893903907228e-31
6938893903907228e-31
6938893903907228e-31
6938893903907228e-31
6938893903907228e-31
6938893903907228e-31
6938893903907228e-31
6938893903907228e-31
6938893903907228e-31
6938893903907228e-31
6938893903907228e-31
6938893903907228e-31
6938893903907228e-31
6938893903907228e-31
6938893903907228e-31
6938893903907228e-31
6938893903907228e-31
6938893903907228e-31
6938893903907228e-31
6938893903907228e-31
6938893903907228e-31
6938893903907228e-31
6938893903907228e-31
6938893903907228e-31
6938893903907228e-31
6938893903907228e-31
6938893903907228e-31
6938893903907228e-31
6938893903907228e-31
6938893903907228e-31
6938893903907228e-31
6938893903907228e-31
6938893903907228e-31
6938893903907228e-31
6938893903907228e-31
6938893903907228e-31
6938893903907228e-31
6938893903907228e-31
0
0
0
0
0
0
