3305.5635269995037
3328.8149404534656
3306.516160322076
3267.1336826353404
3203.960044514449
3186.7577788994554
3139.6336214552816
3091.603134850028
3051.08735319926
3027.4999926399996
3005.179607845016
2973.4400531940655
2934.5787117237137
2929.89575659527
2949.491510597303
2981.2104699519004
3001.4386424865625
3023.7286579588504
3045.342333959774
3046.5773407350803
3034.429883554082
3009.580599664682
2978.1715555250753
2939.3202430898928
2898.0808007241676
2836.768487076534
2789.4310783020114
2861.9651044250063
2788.6268722002173
2740.640187645866
2687.786774090067
2707.0692864317207
2632.2474033656295
2561.894843069237
2533.1319541590105
2460.143083226723
2501.7657798180003
2532.729192413011
2568.71999968344
2673.1384457934605
2746.3625282547605
2747.8332953678814
2740.3115509397917
2755.195170926595
2803.3600161063177
2818.720249869876
2827.5678612196475
2836.400096919235
2845.1517378185176
2852.9557691245213
2859.766862498253
2866.4551068022597
2867.88913230665
2886.8495915603144
2904.558953988813
2930.417533894606
2942.3649605199093
2949.0575546129903
2954.3448124047964
2959.711301479055
2971.6270941558982
2973.0765556239858
2974.3409487861363
2975.347431530916
2973.7284394370104
2997.405394612916
3021.972773225219
3044.3953770532107
3065.356331538853
3083.282005818665
3100.816622796538
3096.04574079422
3094.799766781101
3094.5603307718065
3093.772536514221
3092.3158367997366
3121.8160905036993
3198.387381285566
3226.419546883659
3243.81179152128
3273.082629014596
3279.5402366003173
3281.105978282232
3279.9864834465006
3274.303948705941
3265.3660014854263
3259.0389047003323
3242.9664710159955
3222.604750197332
3200.370390737046
3182.643843569911
3158.758858533417
3131.644875001109
3094.4653643489196
3051.046865926672
3033.7577789618513
3010.5476059358652
2967.9385563032865
2907.037151377351
2839.577491980506
2766.3979363907197
2686.951149468995
2654.27265762681
2636.4076289134227
2610.630879321954
2586.9683387023824
2559.8151964466942
2548.786361387651
2539.1883152188943
2534.5784172985855
2525.693935136753
2525.5735639546588
2523.616964483011
2531.2799976887727
2542.4445308261033
2554.7413069597455
2576.379746597781
2564.584729843989
2552.924374803555
2540.3305825664274
2531.625460010532
2521.5568508737238
2510.1636702215524
2498.2866829277764
2487.712907893378
2474.3085116176508
2460.326532791896
2447.2130606184633
2433.6819314068202
2420.0225834806506
2408.422312933658
2422.5822379967462
2408.543491362158
2395.3064156109035
2384.2707892293465
2398.377689862007
2383.8840878130654
2368.7525426913694
2386.8703977109167
2374.2972038090365
2362.1968578438577
2349.364631027872
2333.810142521208
2318.9570081182915
2310.3673557310926
2305.7212040931254
2306.7090588447218
2328.5796443269014
2309.226700088884
2305.904559366452
2302.262951565895
2297.669715151433
2294.91073980017
2274.106417597998
2253.3577183297784
2233.29706578579
2213.9039044864953
2206.0562972424777
2201.593724941122
2206.0576327368153
2203.329642597096
2200.172825414917
2196.472685951493
2193.8581022313147
2191.965971091059
2190.1597569701466
2187.724517629251
2183.9187587092897
2178.113697355226
2176.8469226039506
2178.07131590674
2185.124481030583
2189.1337095289673
2178.2925816183274
2167.592560879967
2157.371595404258
2147.7160042859737
2138.1452053388653
2140.4144747164924
2126.074431974564
2111.4015202365986
2096.8647857933283
2082.446510963614
2068.622707951726
2055.40921755311
2042.465240963686
2031.048743344211
2021.8071016646545
2014.4595947460489
2007.6102165338482
2000.8577584509105
1993.9842125112916
1982.8745858407633
1971.981669944435
1962.9131970711276
1953.698271222473
1944.4623972423815
1935.4955551027308
1926.6435470044632
1919.4868731505949
1912.4622988458846
1904.7715158747837
1895.1017601604071
1885.4287616959562
1875.7500414795811
1866.064854446618
1856.373712700275
1846.6779837980362
1836.979601850604
1827.2809202091792
1815.9776202838948
1806.288897174623
1796.6058949969442
1784.2155297716392
1773.8359918404158
1763.5161404882654
1750.950886665115
1739.4989376589783
1728.114530823483
1716.799669507218
1705.556397412252
1694.386819506253
1683.293184676033
1672.278182955497
1661.3459107542144
1651.7435987786548
1642.2313561793824
1632.80862917467
1623.4753050240417
1612.0304481965675
1602.882732783253
1593.82921789768
1582.686534776442
1573.8279710776417
1565.068114468688
1555.362397249315
1544.6427690123926
1536.192569874522
1525.68971419919
1517.450928008049
1509.3202539025851
1499.1459772834878
1491.2428512424635
1483.451693208297
1473.6094404716723
1466.0460355656003
1458.598055018795
1449.0875347629928
1441.890374607587
1434.814915100466
1425.6311960957123
1418.7958001229445
1412.0785058181937
1403.2180933296966
1396.7346626356866
1390.3659451915087
1384.1113456039038
1375.6685878092
1369.6424917037918
1363.7286926943937
1355.5861671821087
1349.8968190905002
1344.318339406676
1336.4615603272161
1331.0669682954776
1325.7185842937972
1318.0337813491992
1312.877602097587
1308.190865688085
1303.21464876419
1295.8443547892189
1291.0380392662353
1284.7788335687692
1278.6356818920506
1272.5716650455176
1265.25752353466
1259.4180170838981
1255.1527774035803
1249.5061929092603
1243.9722283505052
1238.498966871997
1233.0836078156553
1227.7266213070106
1222.4289593779818
1217.1897720017587
1212.0052703136435
1206.7686285752397
1201.4828548275345
1196.515363051432
1191.6092105433045
1186.761203736106
1181.9700601993288
1177.234518262992
1172.5537581871772
4.777800737359316
4.751878919058942
4.0416097069065495
0
6.1293556928876844
6.11950906592374
