692.579057563974
722.6742369462482
717.8174776458185
699.5196396616875
681.1064037061085
649.6095875162048
633.5138820377829
619.5591088212414
607.2642649630926
593.4089344860639
584.8061454507695
577.0796320965537
569.7613793828737
563.5854322525638
562.2862995464518
559.4968562684213
557.2949950293976
556.5907602385189
555.2362406186718
551.7886158286717
548.2063950415703
544.3699205564764
540.3620082262606
536.2508939804497
532.1284748158012
529.1908954230096
525.3337405308474
528.8087384546104
529.6376123811111
532.9077374470687
535.7716456377436
543.1051881158772
545.6018019631914
548.9558720755787
549.6591827476794
540.662159162774
547.8108660552272
554.0860845103292
553.6992979847179
571.222674051244
581.4821933633859
584.8333179212127
585.9690266118394
599.2617101152609
608.901981434126
609.9192502293961
610.0021160174058
609.7489190154217
609.4513284331548
609.1056445089253
608.7118050660897
608.2720755776713
608.3754763328118
607.3960314604834
610.271094330965
615.1582742566562
615.930123672653
616.615726332014
617.382011631229
618.1231569456403
619.0538298047908
619.6334005783776
620.1334015504846
620.5499437341684
619.40786252673
633.1930296650427
643.076288077892
650.0448821526898
656.1671147437041
661.9041271758773
665.3488882087651
664.9117539383476
666.0029620961478
667.2553293594285
668.3788932292867
669.3454745445108
679.6162001793871
715.1768818850339
714.4504942929028
711.8187140419777
713.5105811997322
709.0762756050874
709.7973060055215
710.3736170507467
711.0479079395266
712.0280390907133
716.0569842458362
718.0852446738344
720.4726149501563
723.0602325093605
726.6985849120834
729.160671071145
727.0437936429637
723.2341944079733
720.4106253412996
716.2635698213531
713.7637899240603
709.3927884492073
704.9462074761357
700.0012956442519
692.4765754259558
687.5187578391532
681.4817332204348
683.0869651685091
678.6259390120172
671.0158062499332
663.4720338843234
658.711597026788
653.7734347071183
650.4094901359173
644.219827558243
639.7135005343057
635.3845393855486
634.2364444317856
634.1788934071623
632.3313961105154
631.6259125810726
625.2837171935831
619.1019307435151
613.6354755136816
608.4915480615314
603.0280939633438
597.425152562549
591.8723115310801
586.2776900519539
580.6732111078599
575.1527641779725
569.7749293954015
564.3915522423017
559.0170551515615
553.6497276513551
552.3267664626611
547.2164427812784
542.2684525930396
537.5109337161871
536.8386005151816
532.3037214717191
527.9236567176829
527.9897631153804
523.4603638361973
519.1900445519167
514.9984176943585
511.0119623351356
507.25942827170496
505.23538724942773
502.26025603705983
500.0070255601657
498.05795814161144
494.7886960815487
492.67277643332227
490.444531581554
487.53413993032166
484.61846744908416
476.12450985196404
467.72359234883913
459.44579984321297
451.30045267752325
447.2218790015917
444.0015904013222
444.68339604673497
441.57850190283966
438.448972392937
435.38624262774607
432.35442251438445
429.31576053823443
426.19167163448174
422.9955305595897
419.75576160579794
416.5450802671623
413.66712564434664
410.930776426929
407.2625692929856
404.7221914631177
401.8717931287996
399.0866394233852
396.34303882402185
393.6360260116354
390.96467539559234
388.2813293160822
385.79242795273757
382.99863530647997
380.2488142978774
377.5232754958734
374.8623127641516
372.2784468952029
369.7443010796999
367.51004838604285
364.9039138235985
362.835619797604
360.5469462951037
358.2837298813296
356.02276732719054
353.2712450640196
351.1302541962023
349.11682921232847
347.10068117963834
345.08494063969044
343.09588111948443
341.12054282210596
339.78143749325733
337.4647692518174
335.1768656083178
332.88773743830734
330.5964595982095
328.3025348544725
326.0058188615642
323.70644489172673
321.4047545599564
319.10123963421603
316.79650512126443
314.79954906824247
312.49568651322204
310.19250621855923
308.2212596185425
305.9133204073483
303.6092398680006
301.6699134890498
300.34922098279554
299.03322104339304
297.7228633162017
296.41910293211504
295.1228882719231
293.83512476340957
292.5565902811325
291.2887258991086
289.0659144423472
286.8606116366962
284.6725594571094
282.5022808175117
280.76079558744107
278.6295503898954
276.51841619212394
274.8466583494601
272.7791212502998
270.73391552359254
269.02808497014627
267.4588536396372
265.4864346023658
263.97172923647474
262.0500391334456
260.1536578200867
258.7223719696949
256.8830545088709
255.07243564478622
253.72922868237472
251.9780157078575
250.25681616704202
249.00193118539633
247.34864561772406
245.72816960045148
244.5620802053155
243.00623011432828
241.48212179149337
240.40334758999103
238.94211094795534
237.51144239571693
236.11109893581204
235.14335952770287
233.80372412602347
232.4936573955509
231.60397156731838
230.3520738540849
229.12830760919914
228.31085848581344
227.1261139160723
225.93549459345712
225.1315930925541
223.98706909280145
222.9577638839187
221.85525276199746
221.12326909125886
220.06337903548797
219.8408746644029
219.64296515136184
219.45947086241435
218.79648875926932
218.6663429337783
217.82387590589602
217.73336975151526
217.67378198962916
217.6220085015547
217.57704467411335
217.53936927152148
217.50895734997505
217.48529045172307
217.4674349373028
217.42962395041272
217.37355995678
217.39018448364854
217.41574769403093
217.44917154891996
217.48992341980653
217.53771105488644
217.59257624207595
0
0
0
0
0
0
