0.03628300745817379
0.05086082191699549
0.06653733053797767
0.08064303765187399
0.09648556368973707
0.11745660280991384
0.13335730019095993
0.12820291494881023
0.12242396650558622
0.11602596228364113
0.10902348890747471
0.10143830219906189
0.09329707416329472
0.08462955569970873
0.07546724839803151
0.06584249269403326
0.05578785597714542
0.045335724168969874
0.03451802827579696
0.023366059103526453
0.011910340082368949
0.007764030493506354
0.008051004026920622
0.0083271417446966
0.00859253865408704
0.00884731414789162
0.009091608850482031
0.00932558204300865
0.009549408993968162
0.009763279160698876
0.009967394625698728
0.010161967164703935
0.010347215831457614
0.01052336599086886
0.010690653064442154
0.01084931559259608
0.010999593880902256
0.01114172931371179
0.011275963661978344
0.011402538184017782
0.01152169289117917
0.01163366598151755
0.011738693376017784
0.011837008747708424
0.011928845993448896
0.012014416163193617
0.012093919244361453
0.012167564680614504
0.012235560485568923
0.012298111903458631
0.012355420007441591
0.012407680754082053
0.01245508453144514
0.012497816043376735
0.012536054417056417
0.012569973432700013
0.012599741781481405
0.012625523493518653
0.012647478591306691
0.012665764477336798
0.012680539259142615
0.012691972279239586
0.012700263215210509
0.012705627421497142
0.012708254737677904
0.012708315390066402
0.012705950978182242
0.012701272489995629
0.012694393387507621
0.012685427933375923
0.01267447147966089
0.012661611973364439
0.012646932436706426
0.012630504358403499
0.012612397177897295
0.01259270087407395
0.012571519159684187
0.012548937339271466
0.012525003038195771
0.01249974054199051
0.012473169020107984
0.01244531439074546
0.012416234816470686
0.012386016469291465
0.01235472523766273
0.012322427201014091
0.012289158584545292
0.012254908137214216
0.012219697337937076
0.012183636546796767
0.012146930882918612
0.012109982199656491
0.012073425134766317
0.012037946484715676
0.012004068276129638
0.011972385134627601
0.011943478243610273
0.011917512898735728
0.011894394379541923
0.011874393658724197
0.011857873742795576
0.01184448666518732
0.011833236578266246
0.011822381782395076
0.01181035536416573
0.011796211774537088
0.011779461042576555
0.011759882031711546
0.011737319921331906
0.011711654623613746
0.011682849332692473
0.011650952221830668
0.011616044298118444
0.011577986500396847
0.011536699277037763
0.011492386596932604
0.011445195720973921
0.011395320499489865
0.011343113614106694
0.011288926137802744
0.011232346102636995
0.011173977974530866
0.011114653380855849
0.011054677286975298
0.01099418959677216
0.010933163505689927
0.010871388386898745
0.010808891504411174
0.010745643348365665
0.010681531220168858
0.010616344466120746
0.010549800322065107
0.010481733624521842
0.010411892834753021
0.01034028404332315
0.010266903935818916
0.010191264214033914
0.010110998675392276
0.010027055833632897
0.009942324995005586
0.009857789919951855
0.009773650526454567
0.009689732004152391
0.009605297671135948
0.009520213727620425
0.009434404786178628
0.009347338595508663
0.009258412635448299
0.009167392145978823
0.009074815941765343
0.008980351128614391
0.008884681116299016
0.008788695593711912
0.008692565301219365
0.008596496663883148
0.008501465778421298
0.008408738183187435
0.008317425261111355
0.008225446154801114
0.008130812649565552
0.00803302455291378
0.007934541257372585
0.007838999881185344
0.007749461815418754
0.007666080062767365
0.007585418099524938
0.007508393171611322
0.007434600853941426
0.007361858329873239
0.007289255720508131
0.007216710605821837
0.007144384039576691
0.007071943977321733
0.006999266487615463
0.006924752626175703
0.006850251925320711
0.006780073503022661
0.006715576049436035
0.006656817470548135
0.006602546422983855
0.006551442846186152
0.006502359756591689
0.006454441139172161
0.006408276221035995
0.006364300001616195
0.006322551685846151
0.00628285907782319
0.006245024668796296
0.0062091696128615936
0.006175698239320375
0.006144877316044319
0.006116522754034874
0.006090120205765657
0.006065106143008075
0.006040943083912132
0.006017052200005517
0.0059929603996806795
0.005968310581571086
0.005942959009654686
0.005917528250072494
0.005893334002261048
0.005871193588247778
0.005850695476443663
0.005830885855624257
0.005811040337710527
0.005790880895465822
0.005770516580899925
0.005750242855190933
0.005730280492856952
0.005710651784998893
0.005691288813354079
0.005672209780885599
0.005653571697536008
0.005635573708291566
0.005618311551536163
0.0056017104374753
0.005585551712354152
0.005569538269379043
0.0055533293996149445
0.00553650886628834
0.005518441770664944
0.005497799098842359
0.005470924840469527
0.005427294570947966
0.005368953403088721
0.005337164937601041
0.005318501569454276
0.0053004968057496745
0.005282014290032816
0.005262957138900318
0.00524328276977305
0.005222951496641326
0.005201918834253552
0.005180110997753724
0.005157400007853568
0.0051335462970216435
0.005108081401048859
0.0050799773523685894
0.005046536899924301
0.004999736810946518
0.004932637315237156
0.004882338723026079
0.0048510961682383755
0.004821050523017621
0.004789202630694611
0.004753684050215737
0.004708474615820313
0.004652127822520316
0.004604557154978381
0.004559530455648577
0.004512526901830677
0.004467227952021075
0.00442447741762662
0.004382375237381006
0.004339744092031732
0.004296148310640579
0.004251451115777194
0.004205768501124289
0.004159333839492181
0.004111721318661357
0.004059288912480664
0.003991245878162601
0.003925191307593402
0.0038843920570397054
0.0038480228304808685
0.0038095226284249302
0.0037650093011410398
0.003708481065737689
0.0036482121502849464
0.00360274932861308
0.003563141835963552
0.0035229132805492634
0.003481007876267578
0.0034370457613327153
0.003390394948555362
0.003339553094763078
0.003281519690123951
0.003211013189597778
0.00313118060345603
0.003047432456834959
0.0029422514568988424
0.0028272355367924525
0.002718849677717847
0.0026012333533344785
0.0024712240450276528
0.0023416837593575293
0.002239366828237899
0.0021566807710776516
0.002085337616109223
0.0020142551955075303
0.001942894366502562
0.0018686818052486402
0.0017980655178879811
0.0017392818004532795
0.0016855588253410908
0.0016332198632843656
0.0015820072794870547
0.001532182717482039
0.0014840159007756953
0.0014377186738932792
