0
0
0
0
0
0
0
0
0
0
0
0
0
0
0
0
0
0
0
0
0
0
0
0
0
0
0
0
0
0
0
0
0
0
0
0
0
0
0
0
0
0
0
0
0
0
0
0
0
0
0
0
0
0.0009603820888937142
0.0009062595185252479
0.0008544911738447894
0.0008049396690884518
0.0007574781782074703
0.0007119853543587964
0.0006683379035088472
0.0006263929253833057
0.0005859538637242914
0.0005467052421409585
0.0005079224228599129
0.0004683600141552946
0
0
0.0026514874415402017
0
0
0
0
0
0
0
0
8055712128058401e-20
0.008277491529572578
0.004148977131346328
0.00855371097616485
0.004722395864081357
0.008737212927822929
0.00874609492087307
0.008715775246736055
0.008642106457093773
0.008532654473534447
0.0046479029903027875
0.008387866748928809
0.008361003644660504
0.008371446723926493
0.008444364752251013
0.008566583525076497
0.005171541017918126
0.008868015259084162
0.00900356305547937
0.006127798909373224
0.009237225391535058
0.006558905952915668
0.0037532090090941564
0.0006966725769043099
0
0
0
0.0010799538636721351
0
0
0
0
0
0.0006961749923573055
0.0006847584750302489
0.0006675428495372988
0.0006491325396218481
0.000635215045180497
0.0006223447441366977
0.0006071630243165189
0.0005912910158067982
0.0005753907986383351
0.0005597077559327298
0.0005442435856184466
0.0005289972259170425
0.0005144653336963718
0.0005005108988642744
0.0004871288831243033
0.0004745847327691828
0.00046247649097109074
0.0004489947168306905
0.0004365852500698472
0.00042456666368262814
0.0004120107366378842
0.00040266626795127243
0.0003940427593052173
0.0003847043259175328
0.0003741453951422488
0.0003637926196287153
0.00035517476633329254
0.00034674353310171625
0.0003384336607970037
0
0
0
0
0
0
0
0
0
0
0
0
0
0
0
0
0
0
0
0
0
0
0
0
0
0
0
0
0
0
0
0
0
0
0
0
0
0
0
0
0
0
0
0
0
0
0
0
0
0
0
0
0
0
0
0
0
0
0
0
0
0
0
0
0
0
0
0
0
0
0
0
0
0
0
0
0
0
0
0
0
0
0
0
0
0
0
0
0
0
0
0
0
0
0
0
0
0
0
0
0
0
0
0
0
0
0
0
0
0
0
0
0
0
0
0
0
0
0
0
0
0
0
0
0
0
0
0
0
0
0
0
0
0
0
0
0
0
0
0
0
0
0
0
0
0
0
0
0
0
0
0
0
0
0
0
0.0016855588253410908
0.0016332198632843656
0.0015820072794870547
0.001532182717482039
0.0014840159007756953
0.0014377186738932792
